# 
# Output from RAtom program.
# 
# Total radial electron density.
# The first column contains radius $r$ in bohr units.
# The second column holds $\rho(r)$.
# The third column holds $\tilde{\rho}(r) = \rho(r) / (\pi * r * r)$
# 
# Use this file with gnuplot to create the plot.
# 
# R     Rho     RhoTilde
#
0.000000e+00 0.000000e+00 1.838879e+04
3.662109e-04 3.031679e-02 1.798915e+04
7.324219e-04 1.186319e-01 1.759823e+04
1.098633e-03 2.611217e-01 1.721583e+04
1.464844e-03 4.541301e-01 1.684177e+04
1.831055e-03 6.941623e-01 1.647588e+04
2.197266e-03 9.778792e-01 1.611797e+04
2.563477e-03 1.302091e+00 1.576787e+04
2.929688e-03 1.663754e+00 1.542541e+04
3.295898e-03 2.059962e+00 1.509044e+04
3.662109e-03 2.487944e+00 1.476278e+04
4.028320e-03 2.945056e+00 1.444228e+04
4.394531e-03 3.428781e+00 1.412878e+04
4.760742e-03 3.936719e+00 1.382214e+04
5.126953e-03 4.466589e+00 1.352220e+04
5.493164e-03 5.016216e+00 1.322882e+04
5.859375e-03 5.583536e+00 1.294186e+04
6.225586e-03 6.166584e+00 1.266118e+04
6.591797e-03 6.763495e+00 1.238665e+04
6.958008e-03 7.372500e+00 1.211812e+04
7.324219e-03 7.991920e+00 1.185547e+04
8.056641e-03 9.255722e+00 1.134730e+04
8.789062e-03 1.054316e+01 1.086115e+04
9.521484e-03 1.184374e+01 1.039609e+04
1.025391e-02 1.314812e+01 9.951189e+03
1.098633e-02 1.444799e+01 9.525599e+03
1.171875e-02 1.573603e+01 9.118484e+03
1.245117e-02 1.700581e+01 8.729049e+03
1.318359e-02 1.825171e+01 8.356534e+03
1.391602e-02 1.946888e+01 8.000210e+03
1.464844e-02 2.065314e+01 7.659380e+03
1.501465e-02 2.123179e+01 7.494565e+03
1.538086e-02 2.180093e+01 7.333376e+03
1.574707e-02 2.236020e+01 7.175734e+03
1.611328e-02 2.290928e+01 7.021561e+03
1.647949e-02 2.344788e+01 6.870781e+03
1.684570e-02 2.397574e+01 6.723321e+03
1.721191e-02 2.449262e+01 6.579108e+03
1.757812e-02 2.499832e+01 6.438071e+03
1.794434e-02 2.549265e+01 6.300142e+03
1.831055e-02 2.597547e+01 6.165252e+03
1.867676e-02 2.644663e+01 6.033335e+03
1.904297e-02 2.690603e+01 5.904327e+03
1.940918e-02 2.735357e+01 5.778163e+03
1.977539e-02 2.778919e+01 5.654782e+03
2.014160e-02 2.821283e+01 5.534123e+03
2.050781e-02 2.862446e+01 5.416126e+03
2.087402e-02 2.902406e+01 5.300733e+03
2.124023e-02 2.941163e+01 5.187889e+03
2.160645e-02 2.978719e+01 5.077536e+03
2.197266e-02 3.015075e+01 4.969620e+03
2.270508e-02 3.084210e+01 4.760889e+03
2.343750e-02 3.148614e+01 4.561283e+03
2.416992e-02 3.208354e+01 4.370408e+03
2.490234e-02 3.263511e+01 4.187886e+03
2.563477e-02 3.314180e+01 4.013355e+03
2.636719e-02 3.360468e+01 3.846470e+03
2.709961e-02 3.402492e+01 3.686898e+03
2.783203e-02 3.440378e+01 3.534325e+03
2.856445e-02 3.474259e+01 3.388445e+03
2.929688e-02 3.504274e+01 3.248969e+03
3.002930e-02 3.530568e+01 3.115619e+03
3.076172e-02 3.553288e+01 2.988129e+03
3.149414e-02 3.572586e+01 2.866245e+03
3.222656e-02 3.588613e+01 2.749722e+03
3.295898e-02 3.601525e+01 2.638329e+03
3.369141e-02 3.611475e+01 2.531841e+03
3.442383e-02 3.618618e+01 2.430046e+03
3.515625e-02 3.623107e+01 2.332739e+03
3.588867e-02 3.625094e+01 2.239725e+03
3.662109e-02 3.624731e+01 2.150816e+03
3.735352e-02 3.622165e+01 2.065834e+03
3.808594e-02 3.617541e+01 1.984606e+03
3.881836e-02 3.611005e+01 1.906970e+03
3.955078e-02 3.602694e+01 1.832768e+03
4.028320e-02 3.592747e+01 1.761849e+03
4.101562e-02 3.581295e+01 1.694071e+03
4.174805e-02 3.568470e+01 1.629295e+03
4.248047e-02 3.554395e+01 1.567391e+03
4.321289e-02 3.539193e+01 1.508231e+03
4.394531e-02 3.522982e+01 1.451695e+03
4.541016e-02 3.487981e+01 1.346041e+03
4.687500e-02 3.450251e+01 1.249563e+03
4.833984e-02 3.410582e+01 1.161470e+03
4.980469e-02 3.369699e+01 1.081038e+03
5.126953e-02 3.328260e+01 1.007601e+03
5.273438e-02 3.286859e+01 9.405539e+02
5.419922e-02 3.246028e+01 8.793391e+02
5.566406e-02 3.206239e+01 8.234481e+02
5.712891e-02 3.167906e+01 7.724149e+02
5.859375e-02 3.131391e+01 7.258132e+02
6.005859e-02 3.097004e+01 6.832530e+02
6.152344e-02 3.065006e+01 6.443774e+02
6.298828e-02 3.035616e+01 6.088600e+02
6.445312e-02 3.009009e+01 5.764022e+02
6.591797e-02 2.985322e+01 5.467311e+02
6.738281e-02 2.964659e+01 5.195971e+02
6.884766e-02 2.947090e+01 4.947721e+02
7.031250e-02 2.932654e+01 4.720477e+02
7.177734e-02 2.921366e+01 4.512334e+02
7.324219e-02 2.913215e+01 4.321555e+02
7.360840e-02 2.911664e+01 4.276383e+02
7.397461e-02 2.910307e+01 4.232174e+02
7.434082e-02 2.909142e+01 4.188904e+02
7.470703e-02 2.908169e+01 4.146550e+02
7.507324e-02 2.907388e+01 4.105090e+02
7.543945e-02 2.906796e+01 4.064504e+02
7.580566e-02 2.906393e+01 4.024771e+02
7.617188e-02 2.906178e+01 3.985869e+02
7.653809e-02 2.906150e+01 3.947780e+02
7.690430e-02 2.906307e+01 3.910483e+02
7.727051e-02 2.906649e+01 3.873960e+02
7.763672e-02 2.907173e+01 3.838192e+02
7.800293e-02 2.907879e+01 3.803160e+02
7.836914e-02 2.908765e+01 3.768847e+02
7.873535e-02 2.909829e+01 3.735236e+02
7.910156e-02 2.911071e+01 3.702310e+02
7.946777e-02 2.912488e+01 3.670051e+02
7.983398e-02 2.914078e+01 3.638445e+02
8.020020e-02 2.915842e+01 3.607474e+02
8.056641e-02 2.917775e+01 3.577124e+02
8.129883e-02 2.922147e+01 3.518225e+02
8.203125e-02 2.927179e+01 3.461631e+02
8.276367e-02 2.932856e+01 3.407230e+02
8.349609e-02 2.939164e+01 3.354916e+02
8.422852e-02 2.946087e+01 3.304589e+02
8.496094e-02 2.953607e+01 3.256149e+02
8.569336e-02 2.961709e+01 3.209506e+02
8.642578e-02 2.970376e+01 3.164572e+02
8.715820e-02 2.979590e+01 3.121261e+02
8.789062e-02 2.989334e+01 3.079495e+02
8.935547e-02 3.010340e+01 3.000291e+02
9.082031e-02 3.033251e+01 2.926392e+02
9.228516e-02 3.057922e+01 2.857280e+02
9.375000e-02 3.084207e+01 2.792486e+02
9.521484e-02 3.111958e+01 2.731584e+02
9.667969e-02 3.141031e+01 2.674187e+02
9.814453e-02 3.171280e+01 2.619947e+02
9.960938e-02 3.202564e+01 2.568547e+02
1.010742e-01 3.234743e+01 2.519701e+02
1.025391e-01 3.267678e+01 2.473152e+02
1.040039e-01 3.301237e+01 2.428665e+02
1.054688e-01 3.335289e+01 2.386031e+02
1.069336e-01 3.369708e+01 2.345061e+02
1.083984e-01 3.404373e+01 2.305585e+02
1.098633e-01 3.439165e+01 2.267451e+02
1.113281e-01 3.473971e+01 2.230522e+02
1.127930e-01 3.508684e+01 2.194676e+02
1.142578e-01 3.543200e+01 2.159802e+02
1.157227e-01 3.577421e+01 2.125805e+02
1.171875e-01 3.611252e+01 2.092596e+02
1.201172e-01 3.677400e+01 2.028246e+02
1.230469e-01 3.740996e+01 1.966238e+02
1.259766e-01 3.801469e+01 1.906172e+02
1.289062e-01 3.858328e+01 1.847742e+02
1.318359e-01 3.911153e+01 1.790718e+02
1.347656e-01 3.959595e+01 1.734933e+02
1.376953e-01 4.003374e+01 1.680266e+02
1.406250e-01 4.042271e+01 1.626636e+02
1.435547e-01 4.076124e+01 1.573993e+02
1.464844e-01 4.104828e+01 1.522308e+02
1.472168e-01 4.111192e+01 1.509535e+02
1.479492e-01 4.117229e+01 1.496821e+02
1.486816e-01 4.122940e+01 1.484166e+02
1.494141e-01 4.128325e+01 1.471570e+02
1.501465e-01 4.133383e+01 1.459034e+02
1.508789e-01 4.138115e+01 1.446557e+02
1.516113e-01 4.142521e+01 1.434140e+02
1.523438e-01 4.146602e+01 1.421783e+02
1.530762e-01 4.150359e+01 1.409485e+02
1.538086e-01 4.153791e+01 1.397248e+02
1.539917e-01 4.154599e+01 1.394198e+02
1.541748e-01 4.155386e+01 1.391152e+02
1.543579e-01 4.156154e+01 1.388110e+02
1.545410e-01 4.156901e+01 1.385072e+02
1.547241e-01 4.157628e+01 1.382037e+02
1.549072e-01 4.158335e+01 1.379006e+02
1.550903e-01 4.159022e+01 1.375979e+02
1.552734e-01 4.159689e+01 1.372956e+02
1.554565e-01 4.160336e+01 1.369937e+02
1.556396e-01 4.160962e+01 1.366921e+02
1.557312e-01 4.161268e+01 1.365415e+02
1.558228e-01 4.161569e+01 1.363909e+02
1.559143e-01 4.161865e+01 1.362405e+02
1.560059e-01 4.162156e+01 1.360901e+02
1.560974e-01 4.162442e+01 1.359399e+02
1.561890e-01 4.162723e+01 1.357897e+02
1.562805e-01 4.162999e+01 1.356397e+02
1.563721e-01 4.163270e+01 1.354897e+02
1.564636e-01 4.163536e+01 1.353399e+02
1.565552e-01 4.163797e+01 1.351901e+02
1.566467e-01 4.164053e+01 1.350404e+02
1.567383e-01 4.164305e+01 1.348908e+02
1.568298e-01 4.164551e+01 1.347414e+02
1.569214e-01 4.164792e+01 1.345920e+02
1.570129e-01 4.165028e+01 1.344427e+02
1.571045e-01 4.165259e+01 1.342935e+02
1.571960e-01 4.165486e+01 1.341444e+02
1.572876e-01 4.165707e+01 1.339954e+02
1.573792e-01 4.165924e+01 1.338465e+02
1.574707e-01 4.166135e+01 1.336977e+02
1.578369e-01 4.166932e+01 1.331035e+02
1.582031e-01 4.167649e+01 1.325108e+02
1.585693e-01 4.168289e+01 1.319197e+02
1.589355e-01 4.168849e+01 1.313301e+02
1.593018e-01 4.169332e+01 1.307421e+02
1.596680e-01 4.169737e+01 1.301557e+02
1.600342e-01 4.170063e+01 1.295708e+02
1.604004e-01 4.170313e+01 1.289876e+02
1.607666e-01 4.170485e+01 1.284059e+02
1.611328e-01 4.170581e+01 1.278258e+02
1.625977e-01 4.170198e+01 1.255216e+02
1.640625e-01 4.168608e+01 1.232431e+02
1.655273e-01 4.165830e+01 1.209907e+02
1.669922e-01 4.161883e+01 1.187648e+02
1.684570e-01 4.156792e+01 1.165655e+02
1.699219e-01 4.150578e+01 1.143932e+02
1.713867e-01 4.143266e+01 1.122480e+02
1.728516e-01 4.134882e+01 1.101303e+02
1.743164e-01 4.125452e+01 1.080401e+02
1.757812e-01 4.115001e+01 1.059778e+02
1.772461e-01 4.103559e+01 1.039435e+02
1.787109e-01 4.091153e+01 1.019374e+02
1.801758e-01 4.077811e+01 9.995957e+01
1.816406e-01 4.063563e+01 9.801018e+01
1.831055e-01 4.048439e+01 9.608931e+01
1.845703e-01 4.032468e+01 9.419706e+01
1.860352e-01 4.015680e+01 9.233347e+01
1.875000e-01 3.998106e+01 9.049860e+01
1.889648e-01 3.979776e+01 8.869246e+01
1.904297e-01 3.960721e+01 8.691506e+01
1.918945e-01 3.940971e+01 8.516637e+01
1.933594e-01 3.920556e+01 8.344636e+01
1.948242e-01 3.899509e+01 8.175496e+01
1.962891e-01 3.877858e+01 8.009212e+01
1.977539e-01 3.855634e+01 7.845773e+01
1.992188e-01 3.832867e+01 7.685169e+01
2.006836e-01 3.809587e+01 7.527387e+01
2.021484e-01 3.785823e+01 7.372414e+01
2.036133e-01 3.761606e+01 7.220233e+01
2.050781e-01 3.736963e+01 7.070828e+01
2.080078e-01 3.686516e+01 6.780270e+01
2.109375e-01 3.634708e+01 6.500579e+01
2.138672e-01 3.581755e+01 6.231574e+01
2.167969e-01 3.527869e+01 5.973056e+01
2.197266e-01 3.473252e+01 5.724813e+01
2.226562e-01 3.418098e+01 5.486620e+01
2.255859e-01 3.362594e+01 5.258242e+01
2.285156e-01 3.306917e+01 5.039432e+01
2.314453e-01 3.251235e+01 4.829939e+01
2.343750e-01 3.195707e+01 4.629505e+01
2.373047e-01 3.140484e+01 4.437865e+01
2.402344e-01 3.085705e+01 4.254752e+01
2.431641e-01 3.031502e+01 4.079897e+01
2.460938e-01 2.977998e+01 3.913032e+01
2.490234e-01 2.925306e+01 3.753886e+01
2.519531e-01 2.873531e+01 3.602190e+01
2.548828e-01 2.822770e+01 3.457677e+01
2.578125e-01 2.773109e+01 3.320084e+01
2.607422e-01 2.724628e+01 3.189149e+01
2.636719e-01 2.677400e+01 3.064614e+01
2.666016e-01 2.631487e+01 2.946226e+01
2.695312e-01 2.586947e+01 2.833737e+01
2.724609e-01 2.543830e+01 2.726903e+01
2.753906e-01 2.502177e+01 2.625487e+01
2.783203e-01 2.462025e+01 2.529256e+01
2.812500e-01 2.423405e+01 2.437985e+01
2.841797e-01 2.386339e+01 2.351453e+01
2.871094e-01 2.350847e+01 2.269446e+01
2.900391e-01 2.316942e+01 2.191756e+01
2.929688e-01 2.284631e+01 2.118184e+01
2.944336e-01 2.269075e+01 2.082880e+01
2.958984e-01 2.253919e+01 2.048533e+01
2.973633e-01 2.239162e+01 2.015120e+01
2.988281e-01 2.224803e+01 1.982617e+01
3.002930e-01 2.210843e+01 1.951002e+01
3.017578e-01 2.197280e+01 1.920253e+01
3.032227e-01 2.184112e+01 1.890348e+01
3.046875e-01 2.171338e+01 1.861266e+01
3.061523e-01 2.158958e+01 1.832986e+01
3.076172e-01 2.146967e+01 1.805487e+01
3.079834e-01 2.144030e+01 1.798732e+01
3.083496e-01 2.141118e+01 1.792024e+01
3.087158e-01 2.138230e+01 1.785364e+01
3.090820e-01 2.135365e+01 1.778750e+01
3.094482e-01 2.132525e+01 1.772182e+01
3.098145e-01 2.129709e+01 1.765660e+01
3.101807e-01 2.126918e+01 1.759184e+01
3.105469e-01 2.124150e+01 1.752754e+01
3.109131e-01 2.121406e+01 1.746368e+01
3.112793e-01 2.118686e+01 1.740028e+01
3.116455e-01 2.115990e+01 1.733732e+01
3.120117e-01 2.113318e+01 1.727480e+01
3.123779e-01 2.110669e+01 1.721273e+01
3.127441e-01 2.108045e+01 1.715108e+01
3.131104e-01 2.105444e+01 1.708988e+01
3.134766e-01 2.102867e+01 1.702910e+01
3.138428e-01 2.100313e+01 1.696875e+01
3.142090e-01 2.097783e+01 1.690883e+01
3.145752e-01 2.095277e+01 1.684933e+01
3.149414e-01 2.092794e+01 1.679025e+01
3.156738e-01 2.087898e+01 1.667333e+01
3.164062e-01 2.083096e+01 1.655806e+01
3.171387e-01 2.078387e+01 1.644440e+01
3.178711e-01 2.073770e+01 1.633235e+01
3.186035e-01 2.069246e+01 1.622188e+01
3.193359e-01 2.064814e+01 1.611296e+01
3.200684e-01 2.060472e+01 1.600558e+01
3.208008e-01 2.056222e+01 1.589971e+01
3.215332e-01 2.052062e+01 1.579534e+01
3.222656e-01 2.047992e+01 1.569244e+01
3.251953e-01 2.032602e+01 1.529515e+01
3.281250e-01 2.018612e+01 1.491984e+01
3.310547e-01 2.005989e+01 1.456529e+01
3.339844e-01 1.994699e+01 1.423034e+01
3.369141e-01 1.984706e+01 1.391387e+01
3.398438e-01 1.975973e+01 1.361484e+01
3.427734e-01 1.968461e+01 1.333222e+01
3.457031e-01 1.962131e+01 1.306506e+01
3.486328e-01 1.956944e+01 1.281245e+01
3.515625e-01 1.952859e+01 1.257350e+01
3.544922e-01 1.949836e+01 1.234738e+01
3.574219e-01 1.947833e+01 1.213332e+01
3.603516e-01 1.946809e+01 1.193055e+01
3.632812e-01 1.946722e+01 1.173838e+01
3.662109e-01 1.947531e+01 1.155611e+01
3.691406e-01 1.949194e+01 1.138312e+01
3.720703e-01 1.951670e+01 1.121880e+01
3.750000e-01 1.954918e+01 1.106258e+01
3.779297e-01 1.958898e+01 1.091390e+01
3.808594e-01 1.963569e+01 1.077227e+01
3.837891e-01 1.968892e+01 1.063719e+01
3.867188e-01 1.974827e+01 1.050821e+01
3.896484e-01 1.981336e+01 1.038490e+01
3.925781e-01 1.988380e+01 1.026685e+01
3.955078e-01 1.995923e+01 1.015369e+01
3.984375e-01 2.003927e+01 1.004504e+01
4.013672e-01 2.012358e+01 9.940576e+00
4.042969e-01 2.021179e+01 9.839979e+00
4.072266e-01 2.030357e+01 9.742949e+00
4.101562e-01 2.039859e+01 9.649207e+00
4.160156e-01 2.059704e+01 9.470558e+00
4.218750e-01 2.080463e+01 9.302135e+00
4.277344e-01 2.101904e+01 9.142284e+00
4.335938e-01 2.123805e+01 8.989567e+00
4.394531e-01 2.145962e+01 8.842743e+00
4.453125e-01 2.168183e+01 8.700743e+00
4.511719e-01 2.190294e+01 8.562656e+00
4.570312e-01 2.212132e+01 8.427707e+00
4.628906e-01 2.233551e+01 8.295246e+00
4.687500e-01 2.254416e+01 8.164727e+00
4.746094e-01 2.274607e+01 8.035705e+00
4.804688e-01 2.294016e+01 7.907812e+00
4.863281e-01 2.312547e+01 7.780759e+00
4.921875e-01 2.330116e+01 7.654317e+00
4.980469e-01 2.346648e+01 7.528314e+00
5.039062e-01 2.362082e+01 7.402624e+00
5.097656e-01 2.376364e+01 7.277163e+00
5.156250e-01 2.389450e+01 7.151879e+00
5.214844e-01 2.401304e+01 7.026753e+00
5.273438e-01 2.411899e+01 6.901788e+00
5.332031e-01 2.421214e+01 6.777008e+00
5.390625e-01 2.429237e+01 6.652453e+00
5.449219e-01 2.435961e+01 6.528177e+00
5.507812e-01 2.441383e+01 6.404243e+00
5.566406e-01 2.445509e+01 6.280723e+00
5.625000e-01 2.448348e+01 6.157696e+00
5.683594e-01 2.449913e+01 6.035242e+00
5.742188e-01 2.450221e+01 5.913445e+00
5.800781e-01 2.449293e+01 5.792391e+00
5.859375e-01 2.447153e+01 5.672162e+00
5.888672e-01 2.445637e+01 5.612384e+00
5.917969e-01 2.443828e+01 5.552843e+00
5.947266e-01 2.441730e+01 5.493549e+00
5.976562e-01 2.439346e+01 5.434513e+00
6.005859e-01 2.436682e+01 5.375745e+00
6.035156e-01 2.433740e+01 5.317253e+00
6.064453e-01 2.430526e+01 5.259047e+00
6.093750e-01 2.427042e+01 5.201136e+00
6.123047e-01 2.423295e+01 5.143529e+00
6.152344e-01 2.419287e+01 5.086235e+00
6.159668e-01 2.418246e+01 5.071961e+00
6.166992e-01 2.417188e+01 5.057708e+00
6.174316e-01 2.416114e+01 5.043474e+00
6.181641e-01 2.415025e+01 5.029261e+00
6.188965e-01 2.413920e+01 5.015069e+00
6.196289e-01 2.412799e+01 5.000897e+00
6.203613e-01 2.411663e+01 4.986747e+00
6.210938e-01 2.410511e+01 4.972617e+00
6.218262e-01 2.409344e+01 4.958508e+00
6.225586e-01 2.408162e+01 4.944420e+00
6.229248e-01 2.407565e+01 4.937384e+00
6.232910e-01 2.406964e+01 4.930354e+00
6.236572e-01 2.406360e+01 4.923329e+00
6.240234e-01 2.405752e+01 4.916309e+00
6.243896e-01 2.405140e+01 4.909294e+00
6.247559e-01 2.404524e+01 4.902285e+00
6.251221e-01 2.403904e+01 4.895282e+00
6.254883e-01 2.403281e+01 4.888284e+00
6.258545e-01 2.402654e+01 4.881291e+00
6.262207e-01 2.402024e+01 4.874304e+00
6.265869e-01 2.401389e+01 4.867322e+00
6.269531e-01 2.400751e+01 4.860346e+00
6.273193e-01 2.400109e+01 4.853375e+00
6.276855e-01 2.399464e+01 4.846410e+00
6.280518e-01 2.398815e+01 4.839450e+00
6.284180e-01 2.398162e+01 4.832495e+00
6.287842e-01 2.397505e+01 4.825547e+00
6.291504e-01 2.396845e+01 4.818604e+00
6.295166e-01 2.396181e+01 4.811666e+00
6.298828e-01 2.395514e+01 4.804734e+00
6.313477e-01 2.392808e+01 4.777062e+00
6.328125e-01 2.390045e+01 4.749480e+00
6.342773e-01 2.387224e+01 4.721989e+00
6.357422e-01 2.384348e+01 4.694591e+00
6.372070e-01 2.381416e+01 4.667285e+00
6.386719e-01 2.378429e+01 4.640072e+00
6.401367e-01 2.375388e+01 4.612954e+00
6.416016e-01 2.372292e+01 4.585931e+00
6.430664e-01 2.369144e+01 4.559004e+00
6.445312e-01 2.365943e+01 4.532173e+00
6.503906e-01 2.352627e+01 4.425828e+00
6.562500e-01 2.338518e+01 4.321079e+00
6.621094e-01 2.323657e+01 4.217962e+00
6.679688e-01 2.308081e+01 4.116508e+00
6.738281e-01 2.291831e+01 4.016746e+00
6.796875e-01 2.274943e+01 3.918700e+00
6.855469e-01 2.257454e+01 3.822388e+00
6.914062e-01 2.239403e+01 3.727827e+00
6.972656e-01 2.220825e+01 3.635030e+00
7.031250e-01 2.201755e+01 3.544003e+00
7.148438e-01 2.162281e+01 3.367286e+00
7.265625e-01 2.121247e+01 3.197682e+00
7.382812e-01 2.078907e+01 3.035159e+00
7.500000e-01 2.035500e+01 2.879643e+00
7.617188e-01 1.991249e+01 2.731030e+00
7.734375e-01 1.946363e+01 2.589187e+00
7.851562e-01 1.901032e+01 2.453959e+00
7.968750e-01 1.855433e+01 2.325172e+00
8.085938e-01 1.809729e+01 2.202637e+00
8.203125e-01 1.764065e+01 2.086153e+00
8.320312e-01 1.718575e+01 1.975511e+00
8.437500e-01 1.673379e+01 1.870497e+00
8.554688e-01 1.628583e+01 1.770891e+00
8.671875e-01 1.584283e+01 1.676474e+00
8.789062e-01 1.540562e+01 1.587026e+00
8.906250e-01 1.497493e+01 1.502330e+00
9.023438e-01 1.455142e+01 1.422170e+00
9.140625e-01 1.413562e+01 1.346335e+00
9.257812e-01 1.372800e+01 1.274620e+00
9.375000e-01 1.332898e+01 1.206825e+00
9.492188e-01 1.293883e+01 1.142754e+00
9.609375e-01 1.255784e+01 1.082218e+00
9.726562e-01 1.218619e+01 1.025037e+00
9.843750e-01 1.182404e+01 9.710347e-01
9.960938e-01 1.147146e+01 9.200438e-01
1.007812e+00 1.112853e+01 8.719034e-01
1.019531e+00 1.079524e+01 8.264594e-01
1.031250e+00 1.047159e+01 7.835648e-01
1.042969e+00 1.015752e+01 7.430795e-01
1.054688e+00 9.852954e+00 7.048699e-01
1.060547e+00 9.704203e+00 6.865786e-01
1.066406e+00 9.557788e+00 6.688091e-01
1.072266e+00 9.413693e+00 6.515464e-01
1.078125e+00 9.271900e+00 6.347762e-01
1.083984e+00 9.132392e+00 6.184843e-01
1.089844e+00 8.995150e+00 6.026568e-01
1.095703e+00 8.860153e+00 5.872805e-01
1.101562e+00 8.727381e+00 5.723422e-01
1.107422e+00 8.596812e+00 5.578294e-01
1.113281e+00 8.468423e+00 5.437295e-01
1.119141e+00 8.342193e+00 5.300307e-01
1.125000e+00 8.218096e+00 5.167213e-01
1.130859e+00 8.096110e+00 5.037898e-01
1.136719e+00 7.976210e+00 4.912252e-01
1.142578e+00 7.858371e+00 4.790169e-01
1.148438e+00 7.742567e+00 4.671543e-01
1.154297e+00 7.628774e+00 4.556274e-01
1.160156e+00 7.516964e+00 4.444262e-01
1.166016e+00 7.407113e+00 4.335412e-01
1.171875e+00 7.299194e+00 4.229631e-01
1.177734e+00 7.193180e+00 4.126828e-01
1.183594e+00 7.089045e+00 4.026916e-01
1.189453e+00 6.986762e+00 3.929809e-01
1.195312e+00 6.886304e+00 3.835424e-01
1.201172e+00 6.787645e+00 3.743682e-01
1.207031e+00 6.690758e+00 3.654504e-01
1.212891e+00 6.595616e+00 3.567814e-01
1.218750e+00 6.502192e+00 3.483539e-01
1.224609e+00 6.410459e+00 3.401607e-01
1.230469e+00 6.320391e+00 3.321949e-01
1.231934e+00 6.298131e+00 3.302382e-01
1.233398e+00 6.275974e+00 3.282951e-01
1.234863e+00 6.253917e+00 3.263657e-01
1.236328e+00 6.231962e+00 3.244497e-01
1.237793e+00 6.210107e+00 3.225472e-01
1.239258e+00 6.188353e+00 3.206579e-01
1.240723e+00 6.166699e+00 3.187818e-01
1.242188e+00 6.145144e+00 3.169187e-01
1.243652e+00 6.123688e+00 3.150687e-01
1.245117e+00 6.102331e+00 3.132315e-01
1.246582e+00 6.081073e+00 3.114072e-01
1.248047e+00 6.059912e+00 3.095955e-01
1.249512e+00 6.038848e+00 3.077964e-01
1.250977e+00 6.017882e+00 3.060099e-01
1.252441e+00 5.997012e+00 3.042357e-01
1.253906e+00 5.976238e+00 3.024739e-01
1.255371e+00 5.955560e+00 3.007243e-01
1.256836e+00 5.934978e+00 2.989868e-01
1.258301e+00 5.914491e+00 2.972614e-01
1.259766e+00 5.894098e+00 2.955480e-01
1.262695e+00 5.853596e+00 2.921566e-01
1.265625e+00 5.813467e+00 2.888120e-01
1.268555e+00 5.773709e+00 2.855135e-01
1.271484e+00 5.734318e+00 2.822603e-01
1.274414e+00 5.695292e+00 2.790519e-01
1.277344e+00 5.656627e+00 2.758875e-01
1.280273e+00 5.618319e+00 2.727665e-01
1.283203e+00 5.580367e+00 2.696883e-01
1.286133e+00 5.542766e+00 2.666521e-01
1.289062e+00 5.505514e+00 2.636575e-01
1.300781e+00 5.359932e+00 2.520814e-01
1.312500e+00 5.219684e+00 2.411214e-01
1.324219e+00 5.084581e+00 2.307416e-01
1.335938e+00 4.954438e+00 2.209084e-01
1.347656e+00 4.829072e+00 2.115902e-01
1.359375e+00 4.708308e+00 2.027573e-01
1.371094e+00 4.591974e+00 1.943816e-01
1.382812e+00 4.479903e+00 1.864370e-01
1.394531e+00 4.371933e+00 1.788987e-01
1.406250e+00 4.267906e+00 1.717434e-01
1.417969e+00 4.167672e+00 1.649492e-01
1.429688e+00 4.071081e+00 1.584958e-01
1.441406e+00 3.977991e+00 1.523636e-01
1.453125e+00 3.888265e+00 1.465346e-01
1.464844e+00 3.801769e+00 1.409916e-01
1.476562e+00 3.718374e+00 1.357186e-01
1.488281e+00 3.637956e+00 1.307006e-01
1.500000e+00 3.560395e+00 1.259232e-01
1.511719e+00 3.485576e+00 1.213732e-01
1.523438e+00 3.413387e+00 1.170379e-01
1.535156e+00 3.343722e+00 1.129055e-01
1.546875e+00 3.276476e+00 1.089649e-01
1.558594e+00 3.211552e+00 1.052057e-01
1.570312e+00 3.148853e+00 1.016179e-01
1.582031e+00 3.088288e+00 9.819239e-02
1.593750e+00 3.029769e+00 9.492033e-02
1.605469e+00 2.973211e+00 9.179355e-02
1.617188e+00 2.918533e+00 8.880430e-02
1.628906e+00 2.865657e+00 8.594530e-02
1.640625e+00 2.814508e+00 8.320969e-02
1.664062e+00 2.717106e+00 7.808317e-02
1.687500e+00 2.625789e+00 7.337741e-02
1.710938e+00 2.540060e+00 6.905034e-02
1.734375e+00 2.459464e+00 6.506457e-02
1.757812e+00 2.383583e+00 6.138685e-02
1.781250e+00 2.312034e+00 5.798753e-02
1.804688e+00 2.244466e+00 5.484022e-02
1.828125e+00 2.180557e+00 5.192134e-02
1.851562e+00 2.120013e+00 4.920983e-02
1.875000e+00 2.062562e+00 4.668685e-02
1.921875e+00 1.955984e+00 4.214103e-02
1.968750e+00 1.859097e+00 3.816901e-02
2.015625e+00 1.770459e+00 3.467820e-02
2.062500e+00 1.688870e+00 3.159354e-02
2.109375e+00 1.613328e+00 2.885394e-02
2.156250e+00 1.542999e+00 2.640935e-02
2.203125e+00 1.477191e+00 2.421857e-02
2.250000e+00 1.415325e+00 2.224750e-02
2.296875e+00 1.356920e+00 2.046773e-02
2.343750e+00 1.301576e+00 1.885546e-02
2.355469e+00 1.288178e+00 1.847615e-02
2.367188e+00 1.274946e+00 1.810575e-02
2.378906e+00 1.261874e+00 1.774400e-02
2.390625e+00 1.248960e+00 1.739065e-02
2.402344e+00 1.236199e+00 1.704543e-02
2.414062e+00 1.223586e+00 1.670812e-02
2.425781e+00 1.211119e+00 1.637848e-02
2.437500e+00 1.198793e+00 1.605629e-02
2.449219e+00 1.186606e+00 1.574133e-02
2.460938e+00 1.174554e+00 1.543341e-02
2.472656e+00 1.162634e+00 1.513232e-02
2.484375e+00 1.150843e+00 1.483788e-02
2.496094e+00 1.139178e+00 1.454990e-02
2.507812e+00 1.127637e+00 1.426821e-02
2.519531e+00 1.116217e+00 1.399263e-02
2.531250e+00 1.104915e+00 1.372300e-02
2.542969e+00 1.093730e+00 1.345916e-02
2.554688e+00 1.082658e+00 1.320097e-02
2.566406e+00 1.071697e+00 1.294826e-02
2.578125e+00 1.060847e+00 1.270091e-02
2.601562e+00 1.039466e+00 1.222171e-02
2.625000e+00 1.018500e+00 1.176231e-02
2.648438e+00 9.979358e-01 1.132174e-02
2.671875e+00 9.777601e-01 1.089909e-02
2.695312e+00 9.579611e-01 1.049349e-02
2.718750e+00 9.385281e-01 1.010413e-02
2.742188e+00 9.194510e-01 9.730260e-03
2.765625e+00 9.007204e-01 9.371165e-03
2.789062e+00 8.823278e-01 9.026172e-03
2.812500e+00 8.642650e-01 8.694648e-03
2.859375e+00 8.290993e-01 8.069646e-03
2.906250e+00 7.951691e-01 7.491757e-03
2.953125e+00 7.624262e-01 6.957037e-03
3.000000e+00 7.308278e-01 6.461937e-03
3.046875e+00 7.003353e-01 6.003256e-03
3.093750e+00 6.709136e-01 5.578100e-03
3.140625e+00 6.425300e-01 5.183838e-03
3.187500e+00 6.151544e-01 4.818079e-03
3.234375e+00 5.887583e-01 4.478643e-03
3.281250e+00 5.633144e-01 4.163536e-03
3.328125e+00 5.387967e-01 3.870934e-03
3.375000e+00 5.151801e-01 3.599164e-03
3.421875e+00 4.924401e-01 3.346688e-03
3.468750e+00 4.705528e-01 3.112093e-03
3.515625e+00 4.494949e-01 2.894075e-03
3.562500e+00 4.292432e-01 2.691435e-03
3.609375e+00 4.097752e-01 2.503063e-03
3.656250e+00 3.910685e-01 2.327937e-03
3.703125e+00 3.731008e-01 2.165108e-03
3.750000e+00 3.558506e-01 2.013702e-03
3.843750e+00 3.234159e-01 1.741972e-03
3.937500e+00 2.935946e-01 1.506944e-03
4.031250e+00 2.662217e-01 1.303629e-03
4.125000e+00 2.411365e-01 1.127730e-03
4.218750e+00 2.181840e-01 9.755407e-04
4.312500e+00 1.972147e-01 8.438615e-04
4.406250e+00 1.780853e-01 7.299279e-04
4.500000e+00 1.606590e-01 6.313501e-04
4.593750e+00 1.448058e-01 5.460611e-04
4.687500e+00 1.304023e-01 4.722727e-04
4.710938e+00 1.270142e-01 4.554365e-04
4.734375e+00 1.237077e-01 4.391992e-04
4.757812e+00 1.204810e-01 4.235397e-04
4.781250e+00 1.173325e-01 4.084374e-04
4.804688e+00 1.142605e-01 3.938727e-04
4.828125e+00 1.112633e-01 3.798263e-04
4.851562e+00 1.083394e-01 3.662799e-04
4.875000e+00 1.054871e-01 3.532158e-04
4.898438e+00 1.027049e-01 3.406168e-04
4.921875e+00 9.999126e-02 3.284665e-04
4.945312e+00 9.734468e-02 3.167487e-04
4.968750e+00 9.476369e-02 3.054484e-04
4.992188e+00 9.224679e-02 2.945504e-04
5.015625e+00 8.979255e-02 2.840405e-04
5.039062e+00 8.739958e-02 2.739050e-04
5.062500e+00 8.506656e-02 2.641307e-04
5.085938e+00 8.279213e-02 2.547048e-04
5.109375e+00 8.057495e-02 2.456148e-04
5.132812e+00 7.841370e-02 2.368488e-04
5.156250e+00 7.630711e-02 2.283953e-04
5.203125e+00 7.225291e-02 2.123816e-04
5.250000e+00 6.840256e-02 1.974894e-04
5.296875e+00 6.474668e-02 1.836404e-04
5.343750e+00 6.127626e-02 1.707616e-04
5.390625e+00 5.798263e-02 1.587851e-04
5.437500e+00 5.485749e-02 1.476480e-04
5.484375e+00 5.189287e-02 1.372915e-04
5.531250e+00 4.908113e-02 1.276610e-04
5.578125e+00 4.641495e-02 1.187057e-04
5.625000e+00 4.388732e-02 1.103784e-04
5.812500e+00 3.503223e-02 8.251483e-05
6.000000e+00 2.790630e-02 6.168647e-05
6.187500e+00 2.218786e-02 4.611849e-05
6.375000e+00 1.761054e-02 3.448280e-05
6.562500e+00 1.395513e-02 2.578607e-05
6.750000e+00 1.104214e-02 1.928572e-05
6.937500e+00 8.725389e-03 1.442676e-05
7.125000e+00 6.886207e-03 1.079445e-05
7.312500e+00 5.428585e-03 8.078765e-06
7.500000e+00 4.274983e-03 6.047864e-06
7.687500e+00 3.363311e-03 4.528839e-06
7.875000e+00 2.643736e-03 3.392400e-06
8.062500e+00 2.076437e-03 2.541964e-06
8.250000e+00 1.629665e-03 1.905375e-06
8.437500e+00 1.278155e-03 1.428717e-06
8.625000e+00 1.001842e-03 1.071695e-06
8.812500e+00 7.848166e-04 8.041925e-07
9.000000e+00 6.144837e-04 6.036920e-07
9.187500e+00 4.808888e-04 4.533568e-07
9.375000e+00 3.761739e-04 3.405934e-07
9.562500e+00 2.941433e-04 2.559801e-07
9.750000e+00 2.299159e-04 1.924642e-07
9.937500e+00 1.796547e-04 1.447686e-07
1.012500e+01 1.403400e-04 1.089385e-07
1.031250e+01 1.095960e-04 8.200816e-08
1.050000e+01 8.556097e-05 6.175715e-08
1.068750e+01 6.677957e-05 4.652448e-08
1.087500e+01 5.211200e-05 3.506464e-08
1.106250e+01 4.065941e-05 2.643898e-08
1.125000e+01 3.171844e-05 1.994329e-08
1.162500e+01 1.929445e-05 1.136153e-08
1.200000e+01 1.173001e-05 6.482255e-09
1.237500e+01 7.126808e-06 3.703350e-09
1.275000e+01 4.327735e-06 2.118509e-09
1.312500e+01 2.627607e-06 1.213813e-09
1.350000e+01 1.595618e-06 6.967092e-10
1.387500e+01 9.689713e-07 4.005300e-10
1.425000e+01 5.883144e-07 2.305525e-10
1.462500e+01 3.569088e-07 1.327870e-10
1.500000e+01 2.167006e-07 7.664216e-11
1.575000e+01 7.999772e-08 2.566295e-11
1.650000e+01 2.984337e-08 8.723085e-12
1.725000e+01 1.138805e-08 3.045519e-12
1.800000e+01 4.559137e-09 1.119767e-12
1.875000e+01 2.161039e-09 4.891591e-13
1.950000e+01 1.309040e-09 2.739516e-13
2.025000e+01 9.276126e-10 1.800142e-13
2.100000e+01 8.486265e-10 1.531328e-13
2.175000e+01 8.497647e-10 1.429454e-13
2.250000e+01 7.782142e-10 1.223275e-13
2.325000e+01 7.281665e-10 1.071951e-13
2.400000e+01 6.566507e-10 9.071980e-14
2.475000e+01 5.647572e-10 7.336713e-14
2.550000e+01 4.579887e-10 5.604857e-14
2.625000e+01 3.465952e-10 4.002710e-14
2.700000e+01 2.402687e-10 2.622767e-14
2.775000e+01 1.453748e-10 1.502288e-14
2.850000e+01 6.733623e-11 6.597041e-15
2.925000e+01 1.521780e-11 1.415436e-15
3.000000e+01 1.744926e-197 1.542853e-201
