# 
# Output from RAtom program.
# 
# Total radial electron density.
# The first column contains radius $r$ in bohr units.
# The second column holds $\rho(r)$.
# The third column holds $\tilde{\rho}(r) = \rho(r) / (\pi * r * r)$
# 
# Use this file with gnuplot to create the plot.
# 
# R     Rho     RhoTilde
#
0.000000e+00 0.000000e+00 4.736806e+05
8.392334e-05 4.131609e-02 4.668140e+05
1.678467e-04 1.628687e-01 4.600470e+05
2.517700e-04 3.611424e-01 4.533782e+05
3.356934e-04 6.327244e-01 4.468063e+05
4.196167e-04 9.743017e-01 4.403298e+05
5.035400e-04 1.382659e+00 4.339474e+05
5.874634e-04 1.854675e+00 4.276578e+05
6.713867e-04 2.387323e+00 4.214595e+05
7.553101e-04 2.977667e+00 4.153515e+05
8.392334e-04 3.622858e+00 4.093322e+05
9.231567e-04 4.320133e+00 4.034005e+05
1.007080e-03 5.066816e+00 3.975551e+05
1.091003e-03 5.860311e+00 3.917947e+05
1.174927e-03 6.698102e+00 3.861182e+05
1.258850e-03 7.577752e+00 3.805244e+05
1.342773e-03 8.496900e+00 3.750120e+05
1.426697e-03 9.453260e+00 3.695799e+05
1.510620e-03 1.044462e+01 3.642270e+05
1.594543e-03 1.146883e+01 3.589521e+05
1.678467e-03 1.252382e+01 3.537541e+05
1.846313e-03 1.471818e+01 3.435844e+05
2.014160e-03 1.701242e+01 3.337092e+05
2.182007e-03 1.939225e+01 3.241202e+05
2.349854e-03 2.184434e+01 3.148093e+05
2.517700e-03 2.435626e+01 3.057684e+05
2.685547e-03 2.691641e+01 2.969899e+05
2.853394e-03 2.951402e+01 2.884664e+05
3.021240e-03 3.213910e+01 2.801905e+05
3.189087e-03 3.478236e+01 2.721551e+05
3.356934e-03 3.743522e+01 2.643534e+05
3.524780e-03 4.008973e+01 2.567788e+05
3.692627e-03 4.273859e+01 2.494247e+05
3.860474e-03 4.537506e+01 2.422848e+05
4.028320e-03 4.799297e+01 2.353530e+05
4.196167e-03 5.058665e+01 2.286233e+05
4.364014e-03 5.315096e+01 2.220900e+05
4.531860e-03 5.568120e+01 2.157475e+05
4.699707e-03 5.817312e+01 2.095902e+05
4.867554e-03 6.062286e+01 2.036128e+05
5.035400e-03 6.302700e+01 1.978102e+05
5.203247e-03 6.538246e+01 1.921775e+05
5.371094e-03 6.768649e+01 1.867096e+05
5.538940e-03 6.993669e+01 1.814019e+05
5.706787e-03 7.213097e+01 1.762498e+05
5.874634e-03 7.426751e+01 1.712487e+05
6.042480e-03 7.634477e+01 1.663945e+05
6.210327e-03 7.836145e+01 1.616827e+05
6.378174e-03 8.031651e+01 1.571094e+05
6.546021e-03 8.220911e+01 1.526706e+05
6.713867e-03 8.403862e+01 1.483623e+05
6.881714e-03 8.580461e+01 1.441808e+05
7.049561e-03 8.750682e+01 1.401225e+05
7.217407e-03 8.914516e+01 1.361838e+05
7.385254e-03 9.071970e+01 1.323613e+05
7.553101e-03 9.223064e+01 1.286515e+05
7.720947e-03 9.367833e+01 1.250513e+05
7.888794e-03 9.506323e+01 1.215574e+05
8.056641e-03 9.638590e+01 1.181669e+05
8.224487e-03 9.764704e+01 1.148766e+05
8.392334e-03 9.884742e+01 1.116837e+05
8.560181e-03 9.998789e+01 1.085855e+05
8.728027e-03 1.010694e+02 1.055790e+05
8.895874e-03 1.020930e+02 1.026617e+05
9.063721e-03 1.030596e+02 9.983106e+04
9.231567e-03 1.039706e+02 9.708444e+04
9.399414e-03 1.048269e+02 9.441945e+04
9.567261e-03 1.056300e+02 9.183371e+04
9.735107e-03 1.063810e+02 8.932491e+04
9.902954e-03 1.070812e+02 8.689082e+04
1.007080e-02 1.077321e+02 8.452926e+04
1.023865e-02 1.083348e+02 8.223811e+04
1.040649e-02 1.088910e+02 8.001532e+04
1.057434e-02 1.094019e+02 7.785889e+04
1.074219e-02 1.098689e+02 7.576688e+04
1.091003e-02 1.102935e+02 7.373741e+04
1.107788e-02 1.106772e+02 7.176866e+04
1.124573e-02 1.110213e+02 6.985883e+04
1.141357e-02 1.113273e+02 6.800620e+04
1.158142e-02 1.115967e+02 6.620910e+04
1.174927e-02 1.118308e+02 6.446590e+04
1.191711e-02 1.120312e+02 6.277501e+04
1.208496e-02 1.121991e+02 6.113489e+04
1.225281e-02 1.123361e+02 5.954405e+04
1.242065e-02 1.124435e+02 5.800103e+04
1.258850e-02 1.125228e+02 5.650444e+04
1.275635e-02 1.125752e+02 5.505289e+04
1.292419e-02 1.126021e+02 5.364505e+04
1.309204e-02 1.126049e+02 5.227965e+04
1.325989e-02 1.125848e+02 5.095541e+04
1.342773e-02 1.125432e+02 4.967112e+04
1.376343e-02 1.124004e+02 4.721768e+04
1.409912e-02 1.121862e+02 4.491026e+04
1.443481e-02 1.119103e+02 4.274030e+04
1.477051e-02 1.115815e+02 4.069973e+04
1.510620e-02 1.112087e+02 3.878093e+04
1.544189e-02 1.107999e+02 3.697671e+04
1.577759e-02 1.103630e+02 3.528030e+04
1.611328e-02 1.099052e+02 3.368531e+04
1.644897e-02 1.094336e+02 3.218571e+04
1.678467e-02 1.089545e+02 3.077582e+04
1.712036e-02 1.084739e+02 2.945029e+04
1.745605e-02 1.079975e+02 2.820406e+04
1.779175e-02 1.075304e+02 2.703237e+04
1.812744e-02 1.070774e+02 2.593074e+04
1.846313e-02 1.066429e+02 2.489494e+04
1.879883e-02 1.062308e+02 2.392098e+04
1.913452e-02 1.058447e+02 2.300510e+04
1.947021e-02 1.054880e+02 2.214377e+04
1.980591e-02 1.051634e+02 2.133366e+04
2.014160e-02 1.048736e+02 2.057162e+04
2.047729e-02 1.046209e+02 1.985470e+04
2.081299e-02 1.044070e+02 1.918011e+04
2.114868e-02 1.042338e+02 1.854523e+04
2.148438e-02 1.041026e+02 1.794760e+04
2.182007e-02 1.040145e+02 1.738488e+04
2.215576e-02 1.039704e+02 1.685490e+04
2.249146e-02 1.039708e+02 1.635560e+04
2.282715e-02 1.040163e+02 1.588504e+04
2.316284e-02 1.041071e+02 1.544140e+04
2.349854e-02 1.042431e+02 1.502297e+04
2.383423e-02 1.044242e+02 1.462814e+04
2.416992e-02 1.046501e+02 1.425540e+04
2.450562e-02 1.049203e+02 1.390332e+04
2.484131e-02 1.052342e+02 1.357057e+04
2.517700e-02 1.055910e+02 1.325589e+04
2.551270e-02 1.059898e+02 1.295811e+04
2.584839e-02 1.064297e+02 1.267611e+04
2.618408e-02 1.069096e+02 1.240887e+04
2.651978e-02 1.074283e+02 1.215539e+04
2.685547e-02 1.079844e+02 1.191477e+04
2.719116e-02 1.085768e+02 1.168616e+04
2.752686e-02 1.092040e+02 1.146874e+04
2.786255e-02 1.098646e+02 1.126176e+04
2.819824e-02 1.105570e+02 1.106451e+04
2.853394e-02 1.112797e+02 1.087634e+04
2.886963e-02 1.120312e+02 1.069662e+04
2.920532e-02 1.128098e+02 1.052478e+04
2.954102e-02 1.136139e+02 1.036027e+04
2.987671e-02 1.144420e+02 1.020258e+04
3.021240e-02 1.152922e+02 1.005124e+04
3.054810e-02 1.161630e+02 9.905801e+03
3.088379e-02 1.170527e+02 9.765858e+03
3.121948e-02 1.179597e+02 9.631020e+03
3.155518e-02 1.188823e+02 9.500927e+03
3.189087e-02 1.198188e+02 9.375243e+03
3.222656e-02 1.207678e+02 9.253654e+03
3.256226e-02 1.217275e+02 9.135868e+03
3.289795e-02 1.226964e+02 9.021615e+03
3.323364e-02 1.236729e+02 8.910640e+03
3.356934e-02 1.246556e+02 8.802709e+03
3.373718e-02 1.251487e+02 8.749817e+03
3.390503e-02 1.256429e+02 8.697605e+03
3.407288e-02 1.261378e+02 8.646049e+03
3.424072e-02 1.266333e+02 8.595124e+03
3.440857e-02 1.271292e+02 8.544808e+03
3.457642e-02 1.276254e+02 8.495078e+03
3.474426e-02 1.281217e+02 8.445914e+03
3.491211e-02 1.286179e+02 8.397294e+03
3.507996e-02 1.291138e+02 8.349199e+03
3.524780e-02 1.296093e+02 8.301610e+03
3.533173e-02 1.298569e+02 8.278000e+03
3.541565e-02 1.301043e+02 8.254509e+03
3.549957e-02 1.303514e+02 8.231135e+03
3.558350e-02 1.305984e+02 8.207877e+03
3.566742e-02 1.308452e+02 8.184733e+03
3.575134e-02 1.310917e+02 8.161699e+03
3.583527e-02 1.313379e+02 8.138775e+03
3.591919e-02 1.315839e+02 8.115958e+03
3.600311e-02 1.318295e+02 8.093247e+03
3.608704e-02 1.320749e+02 8.070638e+03
3.617096e-02 1.323199e+02 8.048132e+03
3.625488e-02 1.325645e+02 8.025725e+03
3.633881e-02 1.328087e+02 8.003416e+03
3.642273e-02 1.330526e+02 7.981204e+03
3.650665e-02 1.332960e+02 7.959086e+03
3.659058e-02 1.335390e+02 7.937061e+03
3.667450e-02 1.337815e+02 7.915127e+03
3.675842e-02 1.340236e+02 7.893283e+03
3.684235e-02 1.342652e+02 7.871527e+03
3.692627e-02 1.345063e+02 7.849857e+03
3.726196e-02 1.354652e+02 7.764015e+03
3.759766e-02 1.364147e+02 7.679444e+03
3.793335e-02 1.373538e+02 7.596058e+03
3.826904e-02 1.382814e+02 7.513783e+03
3.860474e-02 1.391966e+02 7.432548e+03
3.894043e-02 1.400986e+02 7.352289e+03
3.927612e-02 1.409865e+02 7.272947e+03
3.961182e-02 1.418594e+02 7.194470e+03
3.994751e-02 1.427167e+02 7.116810e+03
4.028320e-02 1.435575e+02 7.039923e+03
4.061890e-02 1.443812e+02 6.963770e+03
4.095459e-02 1.451871e+02 6.888316e+03
4.129028e-02 1.459747e+02 6.813529e+03
4.162598e-02 1.467435e+02 6.739381e+03
4.196167e-02 1.474928e+02 6.665847e+03
4.229736e-02 1.482222e+02 6.592904e+03
4.263306e-02 1.489313e+02 6.520534e+03
4.296875e-02 1.496197e+02 6.448719e+03
4.330444e-02 1.502870e+02 6.377445e+03
4.364014e-02 1.509330e+02 6.306698e+03
4.397583e-02 1.515572e+02 6.236467e+03
4.431152e-02 1.521595e+02 6.166744e+03
4.464722e-02 1.527397e+02 6.097521e+03
4.498291e-02 1.532976e+02 6.028792e+03
4.531860e-02 1.538330e+02 5.960552e+03
4.565430e-02 1.543458e+02 5.892798e+03
4.598999e-02 1.548359e+02 5.825526e+03
4.632568e-02 1.553033e+02 5.758736e+03
4.666138e-02 1.557479e+02 5.692426e+03
4.699707e-02 1.561699e+02 5.626596e+03
4.733276e-02 1.565690e+02 5.561248e+03
4.766846e-02 1.569456e+02 5.496383e+03
4.800415e-02 1.572995e+02 5.432001e+03
4.833984e-02 1.576309e+02 5.368107e+03
4.867554e-02 1.579401e+02 5.304701e+03
4.901123e-02 1.582270e+02 5.241788e+03
4.934692e-02 1.584919e+02 5.179370e+03
4.968262e-02 1.587349e+02 5.117451e+03
5.001831e-02 1.589564e+02 5.056035e+03
5.035400e-02 1.591565e+02 4.995125e+03
5.068970e-02 1.593354e+02 4.934726e+03
5.102539e-02 1.594935e+02 4.874841e+03
5.136108e-02 1.596310e+02 4.815474e+03
5.169678e-02 1.597482e+02 4.756629e+03
5.203247e-02 1.598455e+02 4.698310e+03
5.236816e-02 1.599232e+02 4.640522e+03
5.270386e-02 1.599815e+02 4.583267e+03
5.303955e-02 1.600209e+02 4.526550e+03
5.337524e-02 1.600418e+02 4.470373e+03
5.371094e-02 1.600445e+02 4.414742e+03
5.404663e-02 1.600293e+02 4.359658e+03
5.438232e-02 1.599967e+02 4.305124e+03
5.471802e-02 1.599472e+02 4.251145e+03
5.505371e-02 1.598810e+02 4.197722e+03
5.538940e-02 1.597986e+02 4.144859e+03
5.572510e-02 1.597005e+02 4.092557e+03
5.606079e-02 1.595870e+02 4.040818e+03
5.639648e-02 1.594587e+02 3.989645e+03
5.673218e-02 1.593159e+02 3.939039e+03
5.706787e-02 1.591591e+02 3.889002e+03
5.740356e-02 1.589887e+02 3.839536e+03
5.773926e-02 1.588052e+02 3.790640e+03
5.807495e-02 1.586091e+02 3.742316e+03
5.841064e-02 1.584007e+02 3.694565e+03
5.874634e-02 1.581806e+02 3.647386e+03
5.908203e-02 1.579492e+02 3.600781e+03
5.941772e-02 1.577069e+02 3.554748e+03
5.975342e-02 1.574542e+02 3.509288e+03
6.008911e-02 1.571917e+02 3.464400e+03
6.042480e-02 1.569196e+02 3.420084e+03
6.109619e-02 1.563488e+02 3.333161e+03
6.176758e-02 1.557454e+02 3.248510e+03
6.243896e-02 1.551130e+02 3.166117e+03
6.311035e-02 1.544551e+02 3.085967e+03
6.378174e-02 1.537751e+02 3.008039e+03
6.445312e-02 1.530763e+02 2.932312e+03
6.512451e-02 1.523620e+02 2.858762e+03
6.579590e-02 1.516354e+02 2.787361e+03
6.646729e-02 1.508996e+02 2.718081e+03
6.713867e-02 1.501575e+02 2.650890e+03
6.747437e-02 1.497850e+02 2.618068e+03
6.781006e-02 1.494120e+02 2.585755e+03
6.814575e-02 1.490389e+02 2.553948e+03
6.848145e-02 1.486659e+02 2.522642e+03
6.881714e-02 1.482934e+02 2.491832e+03
6.915283e-02 1.479218e+02 2.461514e+03
6.948853e-02 1.475513e+02 2.431682e+03
6.982422e-02 1.471822e+02 2.402333e+03
7.015991e-02 1.468149e+02 2.373461e+03
7.049561e-02 1.464496e+02 2.345061e+03
7.057953e-02 1.463586e+02 2.338034e+03
7.066345e-02 1.462678e+02 2.331036e+03
7.074738e-02 1.461771e+02 2.324068e+03
7.083130e-02 1.460866e+02 2.317128e+03
7.091522e-02 1.459962e+02 2.310217e+03
7.099915e-02 1.459060e+02 2.303335e+03
7.108307e-02 1.458160e+02 2.296482e+03
7.116699e-02 1.457262e+02 2.289657e+03
7.125092e-02 1.456365e+02 2.282861e+03
7.133484e-02 1.455470e+02 2.276093e+03
7.137680e-02 1.455023e+02 2.272720e+03
7.141876e-02 1.454577e+02 2.269354e+03
7.146072e-02 1.454131e+02 2.265995e+03
7.150269e-02 1.453686e+02 2.262643e+03
7.154465e-02 1.453241e+02 2.259298e+03
7.158661e-02 1.452797e+02 2.255961e+03
7.162857e-02 1.452353e+02 2.252630e+03
7.167053e-02 1.451910e+02 2.249306e+03
7.171249e-02 1.451467e+02 2.245989e+03
7.175446e-02 1.451025e+02 2.242680e+03
7.179642e-02 1.450583e+02 2.239377e+03
7.183838e-02 1.450142e+02 2.236081e+03
7.188034e-02 1.449701e+02 2.232792e+03
7.192230e-02 1.449261e+02 2.229511e+03
7.196426e-02 1.448821e+02 2.226236e+03
7.200623e-02 1.448382e+02 2.222968e+03
7.204819e-02 1.447943e+02 2.219707e+03
7.209015e-02 1.447505e+02 2.216453e+03
7.213211e-02 1.447068e+02 2.213206e+03
7.217407e-02 1.446631e+02 2.209965e+03
7.234192e-02 1.444889e+02 2.197073e+03
7.250977e-02 1.443156e+02 2.184291e+03
7.267761e-02 1.441433e+02 2.171617e+03
7.284546e-02 1.439720e+02 2.159052e+03
7.301331e-02 1.438017e+02 2.146595e+03
7.318115e-02 1.436324e+02 2.134244e+03
7.334900e-02 1.434642e+02 2.122000e+03
7.351685e-02 1.432971e+02 2.109861e+03
7.368469e-02 1.431311e+02 2.097827e+03
7.385254e-02 1.429663e+02 2.085898e+03
7.452393e-02 1.423190e+02 2.039209e+03
7.519531e-02 1.416921e+02 1.994133e+03
7.586670e-02 1.410869e+02 1.950628e+03
7.653809e-02 1.405048e+02 1.908649e+03
7.720947e-02 1.399469e+02 1.868152e+03
7.788086e-02 1.394143e+02 1.829094e+03
7.855225e-02 1.389080e+02 1.791431e+03
7.922363e-02 1.384287e+02 1.755120e+03
7.989502e-02 1.379773e+02 1.720118e+03
8.056641e-02 1.375543e+02 1.686383e+03
8.123779e-02 1.371602e+02 1.653873e+03
8.190918e-02 1.367956e+02 1.622546e+03
8.258057e-02 1.364606e+02 1.592361e+03
8.325195e-02 1.361555e+02 1.563279e+03
8.392334e-02 1.358804e+02 1.535259e+03
8.459473e-02 1.356355e+02 1.508263e+03
8.526611e-02 1.354206e+02 1.482252e+03
8.593750e-02 1.352357e+02 1.457190e+03
8.660889e-02 1.350805e+02 1.433039e+03
8.728027e-02 1.349549e+02 1.409764e+03
8.795166e-02 1.348584e+02 1.387330e+03
8.862305e-02 1.347906e+02 1.365704e+03
8.929443e-02 1.347512e+02 1.344851e+03
8.996582e-02 1.347396e+02 1.324739e+03
9.063721e-02 1.347552e+02 1.305337e+03
9.130859e-02 1.347974e+02 1.286614e+03
9.197998e-02 1.348656e+02 1.268541e+03
9.265137e-02 1.349589e+02 1.251089e+03
9.332275e-02 1.350768e+02 1.234229e+03
9.399414e-02 1.352183e+02 1.217935e+03
9.466553e-02 1.353828e+02 1.202181e+03
9.533691e-02 1.355692e+02 1.186940e+03
9.600830e-02 1.357767e+02 1.172190e+03
9.667969e-02 1.360045e+02 1.157905e+03
9.735107e-02 1.362516e+02 1.144064e+03
9.802246e-02 1.365170e+02 1.130643e+03
9.869385e-02 1.367998e+02 1.117623e+03
9.936523e-02 1.370990e+02 1.104983e+03
1.000366e-01 1.374136e+02 1.092702e+03
1.007080e-01 1.377426e+02 1.080763e+03
1.013794e-01 1.380850e+02 1.069147e+03
1.020508e-01 1.384399e+02 1.057837e+03
1.027222e-01 1.388061e+02 1.046816e+03
1.033936e-01 1.391827e+02 1.036068e+03
1.040649e-01 1.395687e+02 1.025579e+03
1.047363e-01 1.399630e+02 1.015333e+03
1.054077e-01 1.403647e+02 1.005318e+03
1.060791e-01 1.407728e+02 9.955183e+02
1.067505e-01 1.411863e+02 9.859229e+02
1.074219e-01 1.416042e+02 9.765193e+02
1.087646e-01 1.424495e+02 9.582427e+02
1.101074e-01 1.433011e+02 9.406035e+02
1.114502e-01 1.441519e+02 9.235256e+02
1.127930e-01 1.449949e+02 9.069405e+02
1.141357e-01 1.458234e+02 8.907874e+02
1.154785e-01 1.466312e+02 8.750121e+02
1.168213e-01 1.474123e+02 8.595671e+02
1.181641e-01 1.481612e+02 8.444106e+02
1.195068e-01 1.488727e+02 8.295063e+02
1.208496e-01 1.495421e+02 8.148229e+02
1.215210e-01 1.498597e+02 8.075555e+02
1.221924e-01 1.501651e+02 8.003335e+02
1.228638e-01 1.504580e+02 7.931544e+02
1.235352e-01 1.507378e+02 7.860157e+02
1.242065e-01 1.510042e+02 7.789150e+02
1.248779e-01 1.512566e+02 7.718505e+02
1.255493e-01 1.514949e+02 7.648201e+02
1.262207e-01 1.517185e+02 7.578224e+02
1.268921e-01 1.519272e+02 7.508559e+02
1.275635e-01 1.521207e+02 7.439192e+02
1.282349e-01 1.522987e+02 7.370114e+02
1.289062e-01 1.524610e+02 7.301313e+02
1.295776e-01 1.526073e+02 7.232782e+02
1.302490e-01 1.527374e+02 7.164513e+02
1.309204e-01 1.528512e+02 7.096503e+02
1.315918e-01 1.529485e+02 7.028745e+02
1.322632e-01 1.530292e+02 6.961237e+02
1.329346e-01 1.530931e+02 6.893976e+02
1.336060e-01 1.531401e+02 6.826962e+02
1.342773e-01 1.531703e+02 6.760193e+02
1.349487e-01 1.531834e+02 6.693671e+02
1.356201e-01 1.531796e+02 6.627397e+02
1.362915e-01 1.531588e+02 6.561372e+02
1.369629e-01 1.531211e+02 6.495600e+02
1.376343e-01 1.530663e+02 6.430083e+02
1.383057e-01 1.529947e+02 6.364826e+02
1.389771e-01 1.529062e+02 6.299833e+02
1.396484e-01 1.528010e+02 6.235109e+02
1.403198e-01 1.526791e+02 6.170659e+02
1.409912e-01 1.525406e+02 6.106488e+02
1.411591e-01 1.525034e+02 6.090490e+02
1.413269e-01 1.524652e+02 6.074509e+02
1.414948e-01 1.524260e+02 6.058547e+02
1.416626e-01 1.523857e+02 6.042603e+02
1.418304e-01 1.523445e+02 6.026677e+02
1.419983e-01 1.523022e+02 6.010769e+02
1.421661e-01 1.522589e+02 5.994880e+02
1.423340e-01 1.522146e+02 5.979009e+02
1.425018e-01 1.521693e+02 5.963157e+02
1.426697e-01 1.521230e+02 5.947324e+02
1.427536e-01 1.520994e+02 5.939414e+02
1.428375e-01 1.520757e+02 5.931509e+02
1.429214e-01 1.520516e+02 5.923609e+02
1.430054e-01 1.520274e+02 5.915714e+02
1.430893e-01 1.520028e+02 5.907823e+02
1.431732e-01 1.519780e+02 5.899938e+02
1.432571e-01 1.519530e+02 5.892056e+02
1.433411e-01 1.519277e+02 5.884180e+02
1.434250e-01 1.519022e+02 5.876309e+02
1.435089e-01 1.518764e+02 5.868442e+02
1.435928e-01 1.518504e+02 5.860580e+02
1.436768e-01 1.518242e+02 5.852723e+02
1.437607e-01 1.517977e+02 5.844871e+02
1.438446e-01 1.517709e+02 5.837024e+02
1.439285e-01 1.517439e+02 5.829182e+02
1.440125e-01 1.517166e+02 5.821344e+02
1.440964e-01 1.516892e+02 5.813512e+02
1.441803e-01 1.516614e+02 5.805684e+02
1.442642e-01 1.516334e+02 5.797862e+02
1.443481e-01 1.516052e+02 5.790044e+02
1.446838e-01 1.514899e+02 5.758824e+02
1.450195e-01 1.513707e+02 5.727684e+02
1.453552e-01 1.512477e+02 5.696626e+02
1.456909e-01 1.511209e+02 5.665651e+02
1.460266e-01 1.509903e+02 5.634758e+02
1.463623e-01 1.508560e+02 5.603950e+02
1.466980e-01 1.507180e+02 5.573227e+02
1.470337e-01 1.505762e+02 5.542590e+02
1.473694e-01 1.504308e+02 5.512041e+02
1.477051e-01 1.502818e+02 5.481579e+02
1.483765e-01 1.499730e+02 5.420922e+02
1.490479e-01 1.496501e+02 5.360629e+02
1.497192e-01 1.493134e+02 5.300706e+02
1.503906e-01 1.489631e+02 5.241160e+02
1.510620e-01 1.485996e+02 5.181999e+02
1.517334e-01 1.482231e+02 5.123229e+02
1.524048e-01 1.478340e+02 5.064859e+02
1.530762e-01 1.474326e+02 5.006895e+02
1.537476e-01 1.470191e+02 4.949343e+02
1.544189e-01 1.465940e+02 4.892210e+02
1.550903e-01 1.461575e+02 4.835504e+02
1.557617e-01 1.457100e+02 4.779230e+02
1.564331e-01 1.452518e+02 4.723394e+02
1.571045e-01 1.447832e+02 4.668003e+02
1.577759e-01 1.443047e+02 4.613063e+02
1.584473e-01 1.438165e+02 4.558578e+02
1.591187e-01 1.433191e+02 4.504556e+02
1.597900e-01 1.428127e+02 4.450999e+02
1.604614e-01 1.422977e+02 4.397915e+02
1.611328e-01 1.417746e+02 4.345308e+02
1.624756e-01 1.407051e+02 4.241540e+02
1.638184e-01 1.396070e+02 4.139732e+02
1.651611e-01 1.384834e+02 4.039913e+02
1.665039e-01 1.373370e+02 3.942111e+02
1.678467e-01 1.361707e+02 3.846347e+02
1.691895e-01 1.349875e+02 3.752642e+02
1.705322e-01 1.337900e+02 3.661010e+02
1.718750e-01 1.325811e+02 3.571465e+02
1.732178e-01 1.313635e+02 3.484015e+02
1.745605e-01 1.301398e+02 3.398664e+02
1.752319e-01 1.295265e+02 3.356776e+02
1.759033e-01 1.289127e+02 3.315413e+02
1.765747e-01 1.282986e+02 3.274576e+02
1.772461e-01 1.276846e+02 3.234263e+02
1.779175e-01 1.270710e+02 3.194474e+02
1.785889e-01 1.264581e+02 3.155207e+02
1.792603e-01 1.258461e+02 3.116462e+02
1.799316e-01 1.252354e+02 3.078238e+02
1.806030e-01 1.246263e+02 3.040533e+02
1.812744e-01 1.240190e+02 3.003345e+02
1.819458e-01 1.234138e+02 2.966673e+02
1.826172e-01 1.228109e+02 2.930515e+02
1.832886e-01 1.222108e+02 2.894868e+02
1.839600e-01 1.216135e+02 2.859731e+02
1.846313e-01 1.210193e+02 2.825101e+02
1.853027e-01 1.204286e+02 2.790976e+02
1.859741e-01 1.198415e+02 2.757352e+02
1.866455e-01 1.192582e+02 2.724227e+02
1.873169e-01 1.186790e+02 2.691599e+02
1.879883e-01 1.181042e+02 2.659463e+02
1.893311e-01 1.169683e+02 2.596658e+02
1.906738e-01 1.158523e+02 2.535785e+02
1.920166e-01 1.147575e+02 2.476816e+02
1.933594e-01 1.136856e+02 2.419720e+02
1.947021e-01 1.126378e+02 2.364465e+02
1.960449e-01 1.116155e+02 2.311018e+02
1.973877e-01 1.106198e+02 2.259346e+02
1.987305e-01 1.096518e+02 2.209413e+02
2.000732e-01 1.087124e+02 2.161182e+02
2.014160e-01 1.078026e+02 2.114616e+02
2.027588e-01 1.069232e+02 2.069678e+02
2.041016e-01 1.060749e+02 2.026329e+02
2.054443e-01 1.052582e+02 1.984530e+02
2.067871e-01 1.044737e+02 1.944242e+02
2.081299e-01 1.037220e+02 1.905425e+02
2.094727e-01 1.030032e+02 1.868040e+02
2.108154e-01 1.023178e+02 1.832046e+02
2.121582e-01 1.016659e+02 1.797404e+02
2.135010e-01 1.010476e+02 1.764073e+02
2.148438e-01 1.004631e+02 1.732014e+02
2.155151e-01 1.001835e+02 1.716449e+02
2.161865e-01 9.991236e+01 1.701187e+02
2.168579e-01 9.964960e+01 1.686224e+02
2.175293e-01 9.939523e+01 1.671553e+02
2.182007e-01 9.914925e+01 1.657171e+02
2.188721e-01 9.891162e+01 1.643073e+02
2.195435e-01 9.868232e+01 1.629253e+02
2.202148e-01 9.846132e+01 1.615707e+02
2.208862e-01 9.824858e+01 1.602430e+02
2.215576e-01 9.804407e+01 1.589418e+02
2.222290e-01 9.784775e+01 1.576665e+02
2.229004e-01 9.765957e+01 1.564168e+02
2.235718e-01 9.747949e+01 1.551920e+02
2.242432e-01 9.730745e+01 1.539919e+02
2.249146e-01 9.714341e+01 1.528158e+02
2.255859e-01 9.698730e+01 1.516635e+02
2.262573e-01 9.683907e+01 1.505343e+02
2.269287e-01 9.669864e+01 1.494279e+02
2.276001e-01 9.656597e+01 1.483438e+02
2.282715e-01 9.644098e+01 1.472816e+02
2.296143e-01 9.621376e+01 1.452211e+02
2.309570e-01 9.601639e+01 1.432429e+02
2.322998e-01 9.584824e+01 1.413437e+02
2.336426e-01 9.570865e+01 1.395203e+02
2.349854e-01 9.559693e+01 1.377693e+02
2.363281e-01 9.551237e+01 1.360877e+02
2.376709e-01 9.545420e+01 1.344724e+02
2.390137e-01 9.542165e+01 1.329204e+02
2.403564e-01 9.541394e+01 1.314288e+02
2.416992e-01 9.543025e+01 1.299947e+02
2.430420e-01 9.546973e+01 1.286155e+02
2.443848e-01 9.553156e+01 1.272884e+02
2.457275e-01 9.561486e+01 1.260108e+02
2.470703e-01 9.571876e+01 1.247803e+02
2.484131e-01 9.584239e+01 1.235944e+02
2.497559e-01 9.598484e+01 1.224507e+02
2.510986e-01 9.614524e+01 1.213470e+02
2.524414e-01 9.632267e+01 1.202811e+02
2.537842e-01 9.651624e+01 1.192508e+02
2.551270e-01 9.672505e+01 1.182542e+02
2.564697e-01 9.694819e+01 1.172891e+02
2.578125e-01 9.718477e+01 1.163538e+02
2.591553e-01 9.743389e+01 1.154463e+02
2.604980e-01 9.769467e+01 1.145650e+02
2.618408e-01 9.796621e+01 1.137082e+02
2.631836e-01 9.824765e+01 1.128742e+02
2.645264e-01 9.853811e+01 1.120615e+02
2.658691e-01 9.883674e+01 1.112686e+02
2.672119e-01 9.914269e+01 1.104941e+02
2.685547e-01 9.945513e+01 1.097367e+02
2.698975e-01 9.977323e+01 1.089950e+02
2.712402e-01 1.000962e+02 1.082678e+02
2.725830e-01 1.004232e+02 1.075540e+02
2.739258e-01 1.007535e+02 1.068524e+02
2.752686e-01 1.010863e+02 1.061620e+02
2.766113e-01 1.014208e+02 1.054818e+02
2.779541e-01 1.017564e+02 1.048108e+02
2.792969e-01 1.020923e+02 1.041481e+02
2.806396e-01 1.024279e+02 1.034928e+02
2.819824e-01 1.027623e+02 1.028442e+02
2.823181e-01 1.028457e+02 1.026830e+02
2.826538e-01 1.029289e+02 1.025222e+02
2.829895e-01 1.030121e+02 1.023617e+02
2.833252e-01 1.030950e+02 1.022016e+02
2.836609e-01 1.031779e+02 1.020417e+02
2.839966e-01 1.032606e+02 1.018822e+02
2.843323e-01 1.033431e+02 1.017230e+02
2.846680e-01 1.034254e+02 1.015641e+02
2.850037e-01 1.035075e+02 1.014054e+02
2.853394e-01 1.035895e+02 1.012471e+02
2.854233e-01 1.036099e+02 1.012075e+02
2.855072e-01 1.036304e+02 1.011680e+02
2.855911e-01 1.036508e+02 1.011285e+02
2.856750e-01 1.036712e+02 1.010890e+02
2.857590e-01 1.036916e+02 1.010495e+02
2.858429e-01 1.037120e+02 1.010100e+02
2.859268e-01 1.037324e+02 1.009705e+02
2.860107e-01 1.037527e+02 1.009311e+02
2.860947e-01 1.037731e+02 1.008917e+02
2.861786e-01 1.037934e+02 1.008523e+02
2.862206e-01 1.038036e+02 1.008326e+02
2.862625e-01 1.038137e+02 1.008129e+02
2.863045e-01 1.038239e+02 1.007932e+02
2.863464e-01 1.038340e+02 1.007735e+02
2.863884e-01 1.038442e+02 1.007538e+02
2.864304e-01 1.038543e+02 1.007341e+02
2.864723e-01 1.038645e+02 1.007145e+02
2.865143e-01 1.038746e+02 1.006948e+02
2.865562e-01 1.038847e+02 1.006751e+02
2.865982e-01 1.038949e+02 1.006555e+02
2.866402e-01 1.039050e+02 1.006358e+02
2.866821e-01 1.039151e+02 1.006161e+02
2.867241e-01 1.039252e+02 1.005965e+02
2.867661e-01 1.039353e+02 1.005768e+02
2.868080e-01 1.039455e+02 1.005572e+02
2.868500e-01 1.039556e+02 1.005375e+02
2.868919e-01 1.039657e+02 1.005179e+02
2.869339e-01 1.039758e+02 1.004983e+02
2.869759e-01 1.039859e+02 1.004786e+02
2.870178e-01 1.039960e+02 1.004590e+02
2.871857e-01 1.040363e+02 1.003805e+02
2.873535e-01 1.040765e+02 1.003021e+02
2.875214e-01 1.041167e+02 1.002237e+02
2.876892e-01 1.041569e+02 1.001454e+02
2.878571e-01 1.041969e+02 1.000671e+02
2.880249e-01 1.042369e+02 9.998885e+01
2.881927e-01 1.042768e+02 9.991066e+01
2.883606e-01 1.043167e+02 9.983253e+01
2.885284e-01 1.043565e+02 9.975443e+01
2.886963e-01 1.043962e+02 9.967638e+01
2.893677e-01 1.045542e+02 9.936461e+01
2.900391e-01 1.047110e+02 9.905346e+01
2.907104e-01 1.048665e+02 9.874288e+01
2.913818e-01 1.050206e+02 9.843281e+01
2.920532e-01 1.051733e+02 9.812318e+01
2.927246e-01 1.053244e+02 9.781395e+01
2.933960e-01 1.054740e+02 9.750506e+01
2.940674e-01 1.056219e+02 9.719645e+01
2.947388e-01 1.057681e+02 9.688809e+01
2.954102e-01 1.059126e+02 9.657991e+01
2.967529e-01 1.061960e+02 9.596396e+01
2.980957e-01 1.064717e+02 9.534824e+01
2.994385e-01 1.067392e+02 9.473247e+01
3.007812e-01 1.069982e+02 9.411634e+01
3.021240e-01 1.072482e+02 9.349961e+01
3.034668e-01 1.074890e+02 9.288204e+01
3.048096e-01 1.077201e+02 9.226344e+01
3.061523e-01 1.079412e+02 9.164361e+01
3.074951e-01 1.081520e+02 9.102241e+01
3.088379e-01 1.083522e+02 9.039968e+01
3.101807e-01 1.085416e+02 8.977532e+01
3.115234e-01 1.087199e+02 8.914922e+01
3.128662e-01 1.088867e+02 8.852130e+01
3.142090e-01 1.090420e+02 8.789150e+01
3.155518e-01 1.091856e+02 8.725978e+01
3.168945e-01 1.093171e+02 8.662610e+01
3.182373e-01 1.094365e+02 8.599044e+01
3.195801e-01 1.095436e+02 8.535280e+01
3.209229e-01 1.096383e+02 8.471319e+01
3.222656e-01 1.097204e+02 8.407164e+01
3.236084e-01 1.097898e+02 8.342817e+01
3.249512e-01 1.098465e+02 8.278282e+01
3.262939e-01 1.098904e+02 8.213566e+01
3.276367e-01 1.099213e+02 8.148674e+01
3.289795e-01 1.099393e+02 8.083614e+01
3.303223e-01 1.099443e+02 8.018392e+01
3.316650e-01 1.099363e+02 7.953019e+01
3.330078e-01 1.099153e+02 7.887503e+01
3.343506e-01 1.098813e+02 7.821853e+01
3.356934e-01 1.098342e+02 7.756082e+01
3.370361e-01 1.097742e+02 7.690198e+01
3.383789e-01 1.097012e+02 7.624215e+01
3.397217e-01 1.096154e+02 7.558143e+01
3.410645e-01 1.095167e+02 7.491995e+01
3.424072e-01 1.094052e+02 7.425783e+01
3.437500e-01 1.092810e+02 7.359520e+01
3.450928e-01 1.091442e+02 7.293219e+01
3.464355e-01 1.089950e+02 7.226893e+01
3.477783e-01 1.088333e+02 7.160556e+01
3.491211e-01 1.086593e+02 7.094222e+01
3.497925e-01 1.085677e+02 7.061059e+01
3.504639e-01 1.084731e+02 7.027903e+01
3.511353e-01 1.083755e+02 6.994753e+01
3.518066e-01 1.082749e+02 6.961613e+01
3.524780e-01 1.081713e+02 6.928484e+01
3.531494e-01 1.080648e+02 6.895367e+01
3.538208e-01 1.079553e+02 6.862265e+01
3.544922e-01 1.078429e+02 6.829178e+01
3.551636e-01 1.077276e+02 6.796109e+01
3.558350e-01 1.076094e+02 6.763060e+01
3.565063e-01 1.074884e+02 6.730031e+01
3.571777e-01 1.073645e+02 6.697026e+01
3.578491e-01 1.072377e+02 6.664045e+01
3.585205e-01 1.071082e+02 6.631090e+01
3.591919e-01 1.069759e+02 6.598164e+01
3.598633e-01 1.068408e+02 6.565266e+01
3.605347e-01 1.067030e+02 6.532401e+01
3.612061e-01 1.065625e+02 6.499568e+01
3.618774e-01 1.064193e+02 6.466770e+01
3.625488e-01 1.062734e+02 6.434008e+01
3.638916e-01 1.059736e+02 6.368600e+01
3.652344e-01 1.056635e+02 6.303357e+01
3.665771e-01 1.053432e+02 6.238292e+01
3.679199e-01 1.050128e+02 6.173417e+01
3.692627e-01 1.046726e+02 6.108746e+01
3.706055e-01 1.043227e+02 6.044291e+01
3.719482e-01 1.039634e+02 5.980063e+01
3.732910e-01 1.035950e+02 5.916075e+01
3.746338e-01 1.032175e+02 5.852338e+01
3.759766e-01 1.028312e+02 5.788864e+01
3.786621e-01 1.020331e+02 5.662750e+01
3.813477e-01 1.012024e+02 5.537818e+01
3.840332e-01 1.003408e+02 5.414151e+01
3.867188e-01 9.945025e+01 5.291826e+01
3.894043e-01 9.853236e+01 5.170917e+01
3.920898e-01 9.758896e+01 5.051492e+01
3.947754e-01 9.662183e+01 4.933615e+01
3.974609e-01 9.563274e+01 4.817346e+01
4.001465e-01 9.462345e+01 4.702739e+01
4.028320e-01 9.359570e+01 4.589845e+01
4.055176e-01 9.255121e+01 4.478709e+01
4.082031e-01 9.149168e+01 4.369373e+01
4.108887e-01 9.041877e+01 4.261872e+01
4.135742e-01 8.933412e+01 4.156240e+01
4.162598e-01 8.823934e+01 4.052505e+01
4.189453e-01 8.713599e+01 3.950691e+01
4.216309e-01 8.602560e+01 3.850819e+01
4.243164e-01 8.490967e+01 3.752905e+01
4.270020e-01 8.378963e+01 3.656964e+01
4.296875e-01 8.266689e+01 3.563004e+01
4.350586e-01 8.041865e+01 3.381048e+01
4.404297e-01 7.817522e+01 3.207052e+01
4.458008e-01 7.594612e+01 3.040984e+01
4.511719e-01 7.374010e+01 2.882769e+01
4.565430e-01 7.156511e+01 2.732299e+01
4.619141e-01 6.942832e+01 2.589432e+01
4.672852e-01 6.733615e+01 2.453999e+01
4.726562e-01 6.529424e+01 2.325810e+01
4.780273e-01 6.330754e+01 2.204652e+01
4.833984e-01 6.138029e+01 2.090300e+01
4.860840e-01 6.044009e+01 2.035601e+01
4.887695e-01 5.951604e+01 1.982513e+01
4.914551e-01 5.860850e+01 1.931004e+01
4.941406e-01 5.771776e+01 1.881042e+01
4.968262e-01 5.684411e+01 1.832596e+01
4.995117e-01 5.598779e+01 1.785632e+01
5.021973e-01 5.514899e+01 1.740119e+01
5.048828e-01 5.432790e+01 1.696023e+01
5.075684e-01 5.352465e+01 1.653312e+01
5.102539e-01 5.273936e+01 1.611953e+01
5.129395e-01 5.197211e+01 1.571912e+01
5.156250e-01 5.122295e+01 1.533157e+01
5.183105e-01 5.049191e+01 1.495656e+01
5.209961e-01 4.977899e+01 1.459376e+01
5.236816e-01 4.908418e+01 1.424285e+01
5.263672e-01 4.840742e+01 1.390351e+01
5.290527e-01 4.774865e+01 1.357542e+01
5.317383e-01 4.710777e+01 1.325827e+01
5.344238e-01 4.648468e+01 1.295175e+01
5.371094e-01 4.587926e+01 1.265555e+01
5.397949e-01 4.529135e+01 1.236938e+01
5.424805e-01 4.472079e+01 1.209293e+01
5.451660e-01 4.416741e+01 1.182591e+01
5.478516e-01 4.363101e+01 1.156803e+01
5.505371e-01 4.311138e+01 1.131902e+01
5.532227e-01 4.260831e+01 1.107859e+01
5.559082e-01 4.212157e+01 1.084647e+01
5.585938e-01 4.165090e+01 1.062239e+01
5.612793e-01 4.119606e+01 1.040610e+01
5.639648e-01 4.075679e+01 1.019732e+01
5.646362e-01 4.064937e+01 1.014627e+01
5.653076e-01 4.054291e+01 1.009567e+01
5.659790e-01 4.043739e+01 1.004552e+01
5.666504e-01 4.033281e+01 9.995816e+00
5.673218e-01 4.022917e+01 9.946547e+00
5.679932e-01 4.012647e+01 9.897714e+00
5.686646e-01 4.002470e+01 9.849312e+00
5.693359e-01 3.992385e+01 9.801337e+00
5.700073e-01 3.982392e+01 9.753787e+00
5.706787e-01 3.972491e+01 9.706658e+00
5.710144e-01 3.967575e+01 9.683249e+00
5.713501e-01 3.962681e+01 9.659944e+00
5.716858e-01 3.957810e+01 9.636743e+00
5.720215e-01 3.952962e+01 9.613644e+00
5.723572e-01 3.948136e+01 9.590648e+00
5.726929e-01 3.943333e+01 9.567754e+00
5.730286e-01 3.938552e+01 9.544961e+00
5.733643e-01 3.933793e+01 9.522268e+00
5.737000e-01 3.929057e+01 9.499677e+00
5.740356e-01 3.924343e+01 9.477185e+00
5.743713e-01 3.919651e+01 9.454793e+00
5.747070e-01 3.914981e+01 9.432500e+00
5.750427e-01 3.910334e+01 9.410306e+00
5.753784e-01 3.905709e+01 9.388211e+00
5.757141e-01 3.901105e+01 9.366213e+00
5.760498e-01 3.896523e+01 9.344313e+00
5.763855e-01 3.891964e+01 9.322509e+00
5.767212e-01 3.887426e+01 9.300803e+00
5.770569e-01 3.882910e+01 9.279192e+00
5.773926e-01 3.878415e+01 9.257677e+00
5.787354e-01 3.860653e+01 9.172566e+00
5.800781e-01 3.843232e+01 9.088952e+00
5.814209e-01 3.826150e+01 9.006808e+00
5.827637e-01 3.809403e+01 8.926107e+00
5.841064e-01 3.792986e+01 8.846823e+00
5.854492e-01 3.776895e+01 8.768929e+00
5.867920e-01 3.761127e+01 8.692401e+00
5.881348e-01 3.745677e+01 8.617212e+00
5.894775e-01 3.730542e+01 8.543337e+00
5.908203e-01 3.715718e+01 8.470753e+00
5.935059e-01 3.686985e+01 8.329358e+00
5.961914e-01 3.659447e+01 8.192835e+00
5.988770e-01 3.633071e+01 8.060999e+00
6.015625e-01 3.607826e+01 7.933671e+00
6.042480e-01 3.583678e+01 7.810676e+00
6.069336e-01 3.560596e+01 7.691844e+00
6.096191e-01 3.538548e+01 7.577013e+00
6.123047e-01 3.517501e+01 7.466021e+00
6.149902e-01 3.497424e+01 7.358716e+00
6.176758e-01 3.478286e+01 7.254947e+00
6.203613e-01 3.460054e+01 7.154570e+00
6.230469e-01 3.442698e+01 7.057446e+00
6.257324e-01 3.426186e+01 6.963439e+00
6.284180e-01 3.410489e+01 6.872418e+00
6.311035e-01 3.395575e+01 6.784257e+00
6.337891e-01 3.381416e+01 6.698834e+00
6.364746e-01 3.367981e+01 6.616032e+00
6.391602e-01 3.355241e+01 6.535736e+00
6.418457e-01 3.343168e+01 6.457838e+00
6.445312e-01 3.331734e+01 6.382231e+00
6.499023e-01 3.310670e+01 6.237489e+00
6.552734e-01 3.291831e+01 6.100741e+00
6.606445e-01 3.275010e+01 5.971275e+00
6.660156e-01 3.260004e+01 5.848433e+00
6.713867e-01 3.246623e+01 5.731608e+00
6.767578e-01 3.234681e+01 5.620242e+00
6.821289e-01 3.224003e+01 5.513821e+00
6.875000e-01 3.214423e+01 5.411875e+00
6.928711e-01 3.205783e+01 5.313973e+00
6.982422e-01 3.197934e+01 5.219724e+00
7.009277e-01 3.194262e+01 5.173855e+00
7.036133e-01 3.190736e+01 5.128768e+00
7.062988e-01 3.187340e+01 5.084422e+00
7.089844e-01 3.184058e+01 5.040780e+00
7.116699e-01 3.180874e+01 4.997806e+00
7.143555e-01 3.177775e+01 4.955466e+00
7.170410e-01 3.174746e+01 4.913728e+00
7.197266e-01 3.171773e+01 4.872560e+00
7.224121e-01 3.168844e+01 4.831934e+00
7.250977e-01 3.165945e+01 4.791821e+00
7.277832e-01 3.163066e+01 4.752195e+00
7.304688e-01 3.160193e+01 4.713033e+00
7.331543e-01 3.157316e+01 4.674309e+00
7.358398e-01 3.154424e+01 4.636002e+00
7.385254e-01 3.151507e+01 4.598091e+00
7.412109e-01 3.148555e+01 4.560556e+00
7.438965e-01 3.145559e+01 4.523379e+00
7.465820e-01 3.142510e+01 4.486542e+00
7.492676e-01 3.139399e+01 4.450028e+00
7.519531e-01 3.136218e+01 4.413822e+00
7.573242e-01 3.129617e+01 4.342278e+00
7.626953e-01 3.122649e+01 4.271802e+00
7.680664e-01 3.115264e+01 4.202304e+00
7.734375e-01 3.107418e+01 4.133704e+00
7.788086e-01 3.099071e+01 4.065932e+00
7.841797e-01 3.090188e+01 3.998931e+00
7.895508e-01 3.080742e+01 3.932650e+00
7.949219e-01 3.070707e+01 3.867048e+00
8.002930e-01 3.060063e+01 3.802091e+00
8.056641e-01 3.048795e+01 3.737752e+00
8.110352e-01 3.036892e+01 3.674008e+00
8.164062e-01 3.024344e+01 3.610843e+00
8.217773e-01 3.011146e+01 3.548246e+00
8.271484e-01 2.997298e+01 3.486207e+00
8.325195e-01 2.982801e+01 3.424723e+00
8.378906e-01 2.967657e+01 3.363793e+00
8.432617e-01 2.951875e+01 3.303416e+00
8.486328e-01 2.935462e+01 3.243597e+00
8.540039e-01 2.918429e+01 3.184341e+00
8.593750e-01 2.900790e+01 3.125654e+00
8.647461e-01 2.882558e+01 3.067546e+00
8.701172e-01 2.863750e+01 3.010023e+00
8.754883e-01 2.844384e+01 2.953096e+00
8.808594e-01 2.824476e+01 2.896776e+00
8.862305e-01 2.804048e+01 2.841072e+00
8.916016e-01 2.783120e+01 2.785996e+00
8.969727e-01 2.761714e+01 2.731558e+00
9.023438e-01 2.739852e+01 2.677769e+00
9.077148e-01 2.717556e+01 2.624640e+00
9.130859e-01 2.694849e+01 2.572179e+00
9.184570e-01 2.671755e+01 2.520398e+00
9.238281e-01 2.648299e+01 2.469305e+00
9.291992e-01 2.624502e+01 2.418908e+00
9.345703e-01 2.600391e+01 2.369217e+00
9.399414e-01 2.575987e+01 2.320237e+00
9.453125e-01 2.551317e+01 2.271976e+00
9.506836e-01 2.526402e+01 2.224439e+00
9.560547e-01 2.501267e+01 2.177633e+00
9.614258e-01 2.475935e+01 2.131561e+00
9.667969e-01 2.450429e+01 2.086228e+00
9.775391e-01 2.398985e+01 1.997788e+00
9.882812e-01 2.347113e+01 1.912330e+00
9.990234e-01 2.294980e+01 1.829859e+00
1.009766e+00 2.242749e+01 1.750369e+00
1.020508e+00 2.190571e+01 1.673843e+00
1.031250e+00 2.138588e+01 1.600256e+00
1.041992e+00 2.086935e+01 1.529573e+00
1.052734e+00 2.035734e+01 1.461751e+00
1.063477e+00 1.985097e+01 1.396742e+00
1.074219e+00 1.935128e+01 1.334487e+00
1.079590e+00 1.910424e+01 1.304374e+00
1.084961e+00 1.885920e+01 1.274927e+00
1.090332e+00 1.861628e+01 1.246136e+00
1.095703e+00 1.837557e+01 1.217994e+00
1.101074e+00 1.813716e+01 1.190491e+00
1.106445e+00 1.790113e+01 1.163619e+00
1.111816e+00 1.766756e+01 1.137367e+00
1.117188e+00 1.743653e+01 1.111727e+00
1.122559e+00 1.720810e+01 1.086689e+00
1.127930e+00 1.698235e+01 1.062243e+00
1.129272e+00 1.692633e+01 1.056223e+00
1.130615e+00 1.687049e+01 1.050239e+00
1.131958e+00 1.681481e+01 1.044291e+00
1.133301e+00 1.675932e+01 1.038379e+00
1.134644e+00 1.670399e+01 1.032503e+00
1.135986e+00 1.664884e+01 1.026663e+00
1.137329e+00 1.659386e+01 1.020858e+00
1.138672e+00 1.653907e+01 1.015089e+00
1.140015e+00 1.648444e+01 1.009354e+00
1.141357e+00 1.643000e+01 1.003655e+00
1.142029e+00 1.640284e+01 1.000818e+00
1.142700e+00 1.637573e+01 9.979902e-01
1.143372e+00 1.634867e+01 9.951710e-01
1.144043e+00 1.632165e+01 9.923604e-01
1.144714e+00 1.629467e+01 9.895585e-01
1.145386e+00 1.626774e+01 9.867651e-01
1.146057e+00 1.624085e+01 9.839804e-01
1.146729e+00 1.621401e+01 9.812042e-01
1.147400e+00 1.618722e+01 9.784366e-01
1.148071e+00 1.616046e+01 9.756775e-01
1.148743e+00 1.613376e+01 9.729269e-01
1.149414e+00 1.610710e+01 9.701848e-01
1.150085e+00 1.608048e+01 9.674512e-01
1.150757e+00 1.605392e+01 9.647260e-01
1.151428e+00 1.602739e+01 9.620093e-01
1.152100e+00 1.600091e+01 9.593010e-01
1.152771e+00 1.597448e+01 9.566010e-01
1.153442e+00 1.594810e+01 9.539095e-01
1.154114e+00 1.592176e+01 9.512263e-01
1.154785e+00 1.589546e+01 9.485515e-01
1.157471e+00 1.579075e+01 9.379351e-01
1.160156e+00 1.568677e+01 9.274506e-01
1.162842e+00 1.558354e+01 9.170966e-01
1.165527e+00 1.548106e+01 9.068719e-01
1.168213e+00 1.537933e+01 8.967752e-01
1.170898e+00 1.527836e+01 8.868053e-01
1.173584e+00 1.517814e+01 8.769609e-01
1.176270e+00 1.507868e+01 8.672408e-01
1.178955e+00 1.497998e+01 8.576436e-01
1.181641e+00 1.488205e+01 8.481682e-01
1.187012e+00 1.468848e+01 8.295776e-01
1.192383e+00 1.449799e+01 8.114589e-01
1.197754e+00 1.431058e+01 7.938022e-01
1.203125e+00 1.412627e+01 7.765976e-01
1.208496e+00 1.394504e+01 7.598353e-01
1.213867e+00 1.376691e+01 7.435057e-01
1.219238e+00 1.359187e+01 7.275990e-01
1.224609e+00 1.341991e+01 7.121057e-01
1.229980e+00 1.325102e+01 6.970165e-01
1.235352e+00 1.308520e+01 6.823219e-01
1.240723e+00 1.292243e+01 6.680128e-01
1.246094e+00 1.276269e+01 6.540800e-01
1.251465e+00 1.260597e+01 6.405146e-01
1.256836e+00 1.245224e+01 6.273076e-01
1.262207e+00 1.230150e+01 6.144505e-01
1.267578e+00 1.215370e+01 6.019344e-01
1.272949e+00 1.200883e+01 5.897511e-01
1.278320e+00 1.186687e+01 5.778921e-01
1.283691e+00 1.172777e+01 5.663493e-01
1.289062e+00 1.159152e+01 5.551146e-01
1.299805e+00 1.132743e+01 5.335379e-01
1.310547e+00 1.107433e+01 5.131004e-01
1.321289e+00 1.083194e+01 4.937427e-01
1.332031e+00 1.059998e+01 4.754080e-01
1.342773e+00 1.037815e+01 4.580413e-01
1.353516e+00 1.016613e+01 4.415902e-01
1.364258e+00 9.963618e+00 4.260046e-01
1.375000e+00 9.770277e+00 4.112365e-01
1.385742e+00 9.585787e+00 3.972400e-01
1.396484e+00 9.409818e+00 3.839717e-01
1.401855e+00 9.324926e+00 3.775975e-01
1.407227e+00 9.242041e+00 3.713898e-01
1.412598e+00 9.161123e+00 3.653439e-01
1.417969e+00 9.082129e+00 3.594550e-01
1.423340e+00 9.005020e+00 3.537184e-01
1.428711e+00 8.929754e+00 3.481296e-01
1.434082e+00 8.856292e+00 3.426842e-01
1.439453e+00 8.784593e+00 3.373780e-01
1.444824e+00 8.714618e+00 3.322067e-01
1.450195e+00 8.646326e+00 3.271664e-01
1.455566e+00 8.579679e+00 3.222531e-01
1.460938e+00 8.514637e+00 3.174629e-01
1.466309e+00 8.451163e+00 3.127922e-01
1.471680e+00 8.389218e+00 3.082372e-01
1.477051e+00 8.328763e+00 3.037944e-01
1.482422e+00 8.269763e+00 2.994605e-01
1.487793e+00 8.212179e+00 2.952321e-01
1.493164e+00 8.155975e+00 2.911059e-01
1.498535e+00 8.101116e+00 2.870788e-01
1.503906e+00 8.047565e+00 2.831477e-01
1.525391e+00 7.845755e+00 2.683260e-01
1.546875e+00 7.662165e+00 2.548186e-01
1.568359e+00 7.494763e+00 2.424694e-01
1.589844e+00 7.341652e+00 2.311400e-01
1.611328e+00 7.201077e+00 2.207088e-01
1.632812e+00 7.071417e+00 2.110688e-01
1.654297e+00 6.951193e+00 2.021262e-01
1.675781e+00 6.839055e+00 1.937990e-01
1.697266e+00 6.733781e+00 1.860157e-01
1.718750e+00 6.634273e+00 1.787138e-01
1.740234e+00 6.539546e+00 1.718392e-01
1.761719e+00 6.448726e+00 1.653449e-01
1.783203e+00 6.361039e+00 1.591903e-01
1.804688e+00 6.275808e+00 1.533401e-01
1.826172e+00 6.192441e+00 1.477640e-01
1.847656e+00 6.110430e+00 1.424359e-01
1.869141e+00 6.029337e+00 1.373333e-01
1.890625e+00 5.948795e+00 1.324367e-01
1.912109e+00 5.868496e+00 1.277296e-01
1.933594e+00 5.788188e+00 1.231976e-01
1.955078e+00 5.707668e+00 1.188285e-01
1.976562e+00 5.626779e+00 1.146117e-01
1.998047e+00 5.545400e+00 1.105380e-01
2.019531e+00 5.463450e+00 1.065997e-01
2.041016e+00 5.380873e+00 1.027898e-01
2.062500e+00 5.297644e+00 9.910258e-02
2.083984e+00 5.213758e+00 9.553271e-02
2.105469e+00 5.129233e+00 9.207569e-02
2.126953e+00 5.044101e+00 8.872747e-02
2.148438e+00 4.958410e+00 8.548445e-02
2.159180e+00 4.915373e+00 8.390136e-02
2.169922e+00 4.872218e+00 8.234338e-02
2.180664e+00 4.828956e+00 8.081014e-02
2.191406e+00 4.785595e+00 7.930130e-02
2.202148e+00 4.742145e+00 7.781652e-02
2.212891e+00 4.698616e+00 7.635548e-02
2.223633e+00 4.655018e+00 7.491787e-02
2.234375e+00 4.611363e+00 7.350338e-02
2.245117e+00 4.567661e+00 7.211174e-02
2.255859e+00 4.523923e+00 7.074264e-02
2.266602e+00 4.480160e+00 6.939581e-02
2.277344e+00 4.436383e+00 6.807098e-02
2.288086e+00 4.392605e+00 6.676789e-02
2.298828e+00 4.348836e+00 6.548626e-02
2.309570e+00 4.305088e+00 6.422584e-02
2.320312e+00 4.261372e+00 6.298638e-02
2.331055e+00 4.217700e+00 6.176762e-02
2.341797e+00 4.174082e+00 6.056932e-02
2.352539e+00 4.130531e+00 5.939123e-02
2.363281e+00 4.087057e+00 5.823311e-02
2.384766e+00 4.000383e+00 5.597580e-02
2.406250e+00 3.914147e+00 5.379548e-02
2.427734e+00 3.828432e+00 5.169027e-02
2.449219e+00 3.743318e+00 4.965828e-02
2.470703e+00 3.658880e+00 4.769767e-02
2.492188e+00 3.575192e+00 4.580660e-02
2.513672e+00 3.492321e+00 4.398323e-02
2.535156e+00 3.410332e+00 4.222575e-02
2.556641e+00 3.329286e+00 4.053236e-02
2.578125e+00 3.249238e+00 3.890127e-02
2.599609e+00 3.170241e+00 3.733070e-02
2.621094e+00 3.092341e+00 3.581891e-02
2.642578e+00 3.015583e+00 3.436416e-02
2.664062e+00 2.940005e+00 3.296473e-02
2.685547e+00 2.865644e+00 3.161892e-02
2.707031e+00 2.792531e+00 3.032506e-02
2.728516e+00 2.720694e+00 2.908150e-02
2.750000e+00 2.650156e+00 2.788663e-02
2.771484e+00 2.580938e+00 2.673885e-02
2.792969e+00 2.513058e+00 2.563660e-02
2.803711e+00 2.479624e+00 2.510206e-02
2.814453e+00 2.446529e+00 2.457833e-02
2.825195e+00 2.413775e+00 2.406523e-02
2.835938e+00 2.381363e+00 2.356256e-02
2.846680e+00 2.349294e+00 2.307014e-02
2.857422e+00 2.317568e+00 2.258779e-02
2.868164e+00 2.286186e+00 2.211534e-02
2.878906e+00 2.255148e+00 2.165261e-02
2.889648e+00 2.224456e+00 2.119941e-02
2.900391e+00 2.194108e+00 2.075559e-02
2.911133e+00 2.164105e+00 2.032097e-02
2.921875e+00 2.134446e+00 1.989537e-02
2.932617e+00 2.105132e+00 1.947865e-02
2.943359e+00 2.076162e+00 1.907062e-02
2.954102e+00 2.047535e+00 1.867113e-02
2.964844e+00 2.019250e+00 1.828002e-02
2.975586e+00 1.991308e+00 1.789713e-02
2.986328e+00 1.963706e+00 1.752231e-02
2.997070e+00 1.936443e+00 1.715541e-02
3.007812e+00 1.909520e+00 1.679627e-02
3.050781e+00 1.805183e+00 1.543438e-02
3.093750e+00 1.706144e+00 1.418520e-02
3.136719e+00 1.612284e+00 1.304009e-02
3.179688e+00 1.523468e+00 1.199098e-02
3.222656e+00 1.439545e+00 1.103030e-02
3.265625e+00 1.360352e+00 1.015100e-02
3.308594e+00 1.285719e+00 9.346505e-03
3.351562e+00 1.215467e+00 8.610704e-03
3.394531e+00 1.149415e+00 7.937932e-03
3.437500e+00 1.087379e+00 7.322941e-03
3.480469e+00 1.029173e+00 6.760876e-03
3.523438e+00 9.746136e-01 6.247258e-03
3.566406e+00 9.235184e-01 5.777954e-03
3.609375e+00 8.757075e-01 5.349155e-03
3.652344e+00 8.310049e-01 4.957360e-03
3.695312e+00 7.892395e-01 4.599351e-03
3.738281e+00 7.502447e-01 4.272176e-03
3.781250e+00 7.138598e-01 3.973126e-03
3.824219e+00 6.799297e-01 3.699719e-03
3.867188e+00 6.483052e-01 3.449683e-03
3.910156e+00 6.188434e-01 3.220940e-03
3.953125e+00 5.914075e-01 3.011590e-03
3.996094e+00 5.658671e-01 2.819897e-03
4.039062e+00 5.420982e-01 2.644277e-03
4.082031e+00 5.199826e-01 2.483284e-03
4.125000e+00 4.994087e-01 2.335599e-03
4.167969e+00 4.802707e-01 2.200023e-03
4.210938e+00 4.624685e-01 2.075461e-03
4.253906e+00 4.459078e-01 1.960918e-03
4.296875e+00 4.304999e-01 1.855486e-03
4.318359e+00 4.232019e-01 1.805927e-03
4.339844e+00 4.161611e-01 1.758342e-03
4.361328e+00 4.093680e-01 1.712641e-03
4.382812e+00 4.028130e-01 1.668737e-03
4.404297e+00 3.964873e-01 1.626546e-03
4.425781e+00 3.903819e-01 1.585988e-03
4.447266e+00 3.844885e-01 1.546990e-03
4.468750e+00 3.787988e-01 1.509477e-03
4.490234e+00 3.733048e-01 1.473383e-03
4.511719e+00 3.679990e-01 1.438642e-03
4.522461e+00 3.654142e-01 1.421759e-03
4.533203e+00 3.628737e-01 1.405191e-03
4.543945e+00 3.603766e-01 1.388930e-03
4.554688e+00 3.579219e-01 1.372971e-03
4.565430e+00 3.555089e-01 1.357304e-03
4.576172e+00 3.531366e-01 1.341925e-03
4.586914e+00 3.508042e-01 1.326825e-03
4.597656e+00 3.485109e-01 1.311999e-03
4.608398e+00 3.462559e-01 1.297440e-03
4.619141e+00 3.440386e-01 1.283143e-03
4.629883e+00 3.418580e-01 1.269100e-03
4.640625e+00 3.397136e-01 1.255307e-03
4.651367e+00 3.376044e-01 1.241758e-03
4.662109e+00 3.355298e-01 1.228447e-03
4.672852e+00 3.334891e-01 1.215368e-03
4.683594e+00 3.314815e-01 1.202516e-03
4.694336e+00 3.295064e-01 1.189887e-03
4.705078e+00 3.275630e-01 1.177474e-03
4.715820e+00 3.256506e-01 1.165273e-03
4.726562e+00 3.237687e-01 1.153279e-03
4.769531e+00 3.165326e-01 1.107279e-03
4.812500e+00 3.097337e-01 1.064234e-03
4.855469e+00 3.033351e-01 1.023883e-03
4.898438e+00 2.973030e-01 9.859942e-04
4.941406e+00 2.916060e-01 9.503541e-04
4.984375e+00 2.862149e-01 9.167711e-04
5.027344e+00 2.811028e-01 8.850711e-04
5.070312e+00 2.762450e-01 8.550964e-04
5.113281e+00 2.716186e-01 8.267043e-04
5.156250e+00 2.672024e-01 7.997654e-04
5.242188e+00 2.589250e-01 7.497889e-04
5.328125e+00 2.512758e-01 7.043555e-04
5.414062e+00 2.441395e-01 6.627987e-04
5.500000e+00 2.374199e-01 6.245711e-04
5.585938e+00 2.310370e-01 5.892229e-04
5.671875e+00 2.249250e-01 5.563839e-04
5.757812e+00 2.190299e-01 5.257490e-04
5.843750e+00 2.133081e-01 4.970662e-04
5.929688e+00 2.077249e-01 4.701268e-04
6.015625e+00 2.022529e-01 4.447575e-04
6.101562e+00 1.968709e-01 4.208134e-04
6.187500e+00 1.915632e-01 3.981729e-04
6.273438e+00 1.863182e-01 3.767334e-04
6.359375e+00 1.811279e-01 3.564074e-04
6.445312e+00 1.759875e-01 3.371197e-04
6.531250e+00 1.708944e-01 3.188052e-04
6.617188e+00 1.658479e-01 3.014069e-04
6.703125e+00 1.608487e-01 2.848742e-04
6.789062e+00 1.558989e-01 2.691618e-04
6.875000e+00 1.510011e-01 2.542289e-04
7.046875e+00 1.413768e-01 2.265558e-04
7.218750e+00 1.320077e-01 2.015884e-04
7.390625e+00 1.229275e-01 1.790923e-04
7.562500e+00 1.141684e-01 1.588567e-04
7.734375e+00 1.057589e-01 1.406879e-04
7.906250e+00 9.772249e-02 1.244066e-04
8.078125e+00 9.007724e-02 1.098459e-04
8.250000e+00 8.283556e-02 9.684988e-05
8.421875e+00 7.600447e-02 8.527303e-05
8.593750e+00 6.958592e-02 7.498012e-05
8.636719e+00 6.804554e-02 7.259258e-05
8.679688e+00 6.653072e-02 7.027554e-05
8.722656e+00 6.504137e-02 6.802715e-05
8.765625e+00 6.357738e-02 6.584563e-05
8.808594e+00 6.213863e-02 6.372922e-05
8.851562e+00 6.072497e-02 6.167620e-05
8.894531e+00 5.933628e-02 5.968488e-05
8.937500e+00 5.797237e-02 5.775360e-05
8.980469e+00 5.663309e-02 5.588077e-05
9.023438e+00 5.531825e-02 5.406479e-05
9.044922e+00 5.466994e-02 5.317764e-05
9.066406e+00 5.402766e-02 5.230413e-05
9.087891e+00 5.339140e-02 5.144406e-05
9.109375e+00 5.276112e-02 5.059726e-05
9.130859e+00 5.213681e-02 4.976354e-05
9.152344e+00 5.151842e-02 4.894272e-05
9.173828e+00 5.090594e-02 4.813460e-05
9.195312e+00 5.029932e-02 4.733902e-05
9.216797e+00 4.969855e-02 4.655580e-05
9.238281e+00 4.910360e-02 4.578478e-05
9.259766e+00 4.851445e-02 4.502578e-05
9.281250e+00 4.793106e-02 4.427864e-05
9.302734e+00 4.735340e-02 4.354318e-05
9.324219e+00 4.678145e-02 4.281923e-05
9.345703e+00 4.621516e-02 4.210665e-05
9.367188e+00 4.565452e-02 4.140525e-05
9.388672e+00 4.509948e-02 4.071489e-05
9.410156e+00 4.455001e-02 4.003541e-05
9.431641e+00 4.400608e-02 3.936664e-05
9.453125e+00 4.346767e-02 3.870844e-05
9.539062e+00 4.136841e-02 3.617825e-05
9.625000e+00 3.935457e-02 3.380522e-05
9.710938e+00 3.742392e-02 3.158036e-05
9.796875e+00 3.557419e-02 2.949511e-05
9.882812e+00 3.380308e-02 2.754135e-05
9.968750e+00 3.210825e-02 2.571138e-05
1.005469e+01 3.048735e-02 2.399787e-05
1.014062e+01 2.893805e-02 2.239391e-05
1.022656e+01 2.745798e-02 2.089293e-05
1.031250e+01 2.604482e-02 1.948873e-05
1.065625e+01 2.101511e-02 1.472696e-05
1.100000e+01 1.687530e-02 1.109830e-05
1.134375e+01 1.349169e-02 8.343402e-06
1.168750e+01 1.074345e-02 6.258794e-06
1.203125e+01 8.523846e-03 4.686021e-06
1.237500e+01 6.740318e-03 3.502516e-06
1.271875e+01 5.313821e-03 2.614016e-06
1.306250e+01 4.177685e-03 1.948378e-06
1.340625e+01 3.276250e-03 1.450616e-06
1.375000e+01 2.563410e-03 1.078954e-06
1.409375e+01 2.001488e-03 8.018441e-07
1.443750e+01 1.559780e-03 5.954831e-07
1.478125e+01 1.213447e-03 4.419658e-07
1.512500e+01 9.425264e-04 3.278634e-07
1.546875e+01 7.310450e-04 2.431217e-07
1.581250e+01 5.662779e-04 1.802265e-07
1.615625e+01 4.381279e-04 1.335703e-07
1.650000e+01 3.386128e-04 9.897502e-08
1.684375e+01 2.614437e-04 7.333154e-08
1.718750e+01 2.016807e-04 5.432866e-08
1.753125e+01 1.554530e-04 4.024977e-08
1.787500e+01 1.197335e-04 2.982043e-08
1.821875e+01 9.216098e-05 2.209531e-08
1.856250e+01 7.089535e-05 1.637325e-08
1.890625e+01 5.450540e-05 1.213442e-08
1.925000e+01 4.188166e-05 8.993994e-09
1.959375e+01 3.216637e-05 6.667408e-09
1.993750e+01 2.469567e-05 4.943899e-09
2.028125e+01 1.895372e-05 3.666868e-09
2.062500e+01 1.454217e-05 2.720391e-09
2.131250e+01 8.553346e-06 1.498502e-09
2.200000e+01 5.025459e-06 8.262671e-10
2.268750e+01 2.949491e-06 4.559991e-10
2.337500e+01 1.729446e-06 2.518801e-10
2.406250e+01 1.013679e-06 1.393186e-10
2.475000e+01 5.941854e-07 7.719011e-11
2.543750e+01 3.482288e-07 4.282585e-11
2.612500e+01 2.040024e-07 2.378553e-11
2.681250e+01 1.193442e-07 1.321042e-11
2.750000e+01 6.984114e-08 7.349132e-12
3.025000e+01 7.520501e-09 6.540127e-13
3.300000e+01 1.258025e-09 9.192877e-14
3.575000e+01 3.799457e-10 2.365699e-14
3.850000e+01 0.000000e+00 0.000000e+00
4.125000e+01 1.802994e-10 8.432115e-15
4.400000e+01 3.166968e-10 1.301753e-14
4.675000e+01 0.000000e+00 0.000000e+00
4.950000e+01 5.892417e-11 1.913697e-15
5.225000e+01 3.234183e-10 9.427187e-15
5.500000e+01 7.273096e-12 1.913304e-16
6.050000e+01 8.196976e-12 1.782104e-16
6.600000e+01 9.565968e-12 1.747556e-16
7.150000e+01 1.002079e-11 1.559840e-16
7.700000e+01 9.399596e-12 1.261589e-16
8.250000e+01 9.180761e-12 1.073398e-16
8.800000e+01 9.887029e-12 1.015993e-16
9.350000e+01 9.883073e-12 8.996197e-17
9.900000e+01 7.105095e-12 5.768855e-17
1.045000e+02 2.367709e-12 1.725385e-17
1.100000e+02 0.000000e+00 0.000000e+00
