# 
# Output from RAtom program.
# 
# Total radial electron density.
# The first column contains radius $r$ in bohr units.
# The second column holds $\rho(r)$.
# The third column holds $\tilde{\rho}(r) = \rho(r) / (\pi * r * r)$
# 
# Use this file with gnuplot to create the plot.
# 
# R     Rho     RhoTilde
#
0.000000e+00 0.000000e+00 1.609575e+05
1.220703e-04 2.969433e-02 1.585782e+05
2.441406e-04 1.170216e-01 1.562342e+05
3.662109e-04 2.594067e-01 1.539248e+05
4.882812e-04 4.543510e-01 1.516497e+05
6.103516e-04 6.994306e-01 1.494083e+05
7.324219e-04 9.922943e-01 1.472001e+05
8.544922e-04 1.330662e+00 1.450246e+05
9.765625e-04 1.712323e+00 1.428814e+05
1.098633e-03 2.135133e+00 1.407699e+05
1.220703e-03 2.597016e+00 1.386898e+05
1.342773e-03 3.095958e+00 1.366406e+05
1.464844e-03 3.630008e+00 1.346217e+05
1.586914e-03 4.197279e+00 1.326329e+05
1.708984e-03 4.795938e+00 1.306735e+05
1.831055e-03 5.424216e+00 1.287433e+05
1.953125e-03 6.080396e+00 1.268417e+05
2.075195e-03 6.762820e+00 1.249683e+05
2.197266e-03 7.469880e+00 1.231228e+05
2.319336e-03 8.200024e+00 1.213048e+05
2.441406e-03 8.951748e+00 1.195138e+05
2.685547e-03 1.051418e+01 1.160112e+05
2.929688e-03 1.214612e+01 1.126121e+05
3.173828e-03 1.383726e+01 1.093134e+05
3.417969e-03 1.557799e+01 1.061122e+05
3.662109e-03 1.735936e+01 1.030057e+05
3.906250e-03 1.917305e+01 9.999107e+04
4.150391e-03 2.101133e+01 9.706569e+04
4.394531e-03 2.286705e+01 9.422694e+04
4.638672e-03 2.473357e+01 9.147230e+04
4.882812e-03 2.660477e+01 8.879931e+04
5.126953e-03 2.847501e+01 8.620558e+04
5.371094e-03 3.033910e+01 8.368881e+04
5.615234e-03 3.219227e+01 8.124674e+04
5.859375e-03 3.403016e+01 7.887720e+04
6.103516e-03 3.584878e+01 7.657806e+04
6.347656e-03 3.764451e+01 7.434727e+04
6.591797e-03 3.941407e+01 7.218282e+04
6.835938e-03 4.115450e+01 7.008277e+04
7.080078e-03 4.286312e+01 6.804524e+04
7.324219e-03 4.453755e+01 6.606841e+04
7.568359e-03 4.617568e+01 6.415048e+04
7.812500e-03 4.777563e+01 6.228974e+04
8.056641e-03 4.933578e+01 6.048450e+04
8.300781e-03 5.085470e+01 5.873315e+04
8.544922e-03 5.233119e+01 5.703409e+04
8.789062e-03 5.376423e+01 5.538580e+04
9.033203e-03 5.515298e+01 5.378679e+04
9.277344e-03 5.649678e+01 5.223559e+04
9.521484e-03 5.779511e+01 5.073082e+04
9.765625e-03 5.904761e+01 4.927111e+04
1.000977e-02 6.025404e+01 4.785513e+04
1.025391e-02 6.141430e+01 4.648159e+04
1.049805e-02 6.252841e+01 4.514924e+04
1.074219e-02 6.359648e+01 4.385688e+04
1.098633e-02 6.461873e+01 4.260332e+04
1.123047e-02 6.559549e+01 4.138742e+04
1.147461e-02 6.652715e+01 4.020807e+04
1.171875e-02 6.741418e+01 3.906419e+04
1.196289e-02 6.825714e+01 3.795473e+04
1.220703e-02 6.905663e+01 3.687868e+04
1.245117e-02 6.981334e+01 3.583505e+04
1.269531e-02 7.052798e+01 3.482289e+04
1.293945e-02 7.120133e+01 3.384125e+04
1.318359e-02 7.183421e+01 3.288924e+04
1.342773e-02 7.242747e+01 3.196598e+04
1.367188e-02 7.298202e+01 3.107061e+04
1.391602e-02 7.349876e+01 3.020232e+04
1.416016e-02 7.397865e+01 2.936030e+04
1.440430e-02 7.442266e+01 2.854376e+04
1.464844e-02 7.483179e+01 2.775196e+04
1.489258e-02 7.520702e+01 2.698415e+04
1.513672e-02 7.554940e+01 2.623963e+04
1.538086e-02 7.585994e+01 2.551769e+04
1.562500e-02 7.613968e+01 2.481768e+04
1.586914e-02 7.638967e+01 2.413893e+04
1.611328e-02 7.661095e+01 2.348081e+04
1.635742e-02 7.680457e+01 2.284270e+04
1.660156e-02 7.697156e+01 2.222401e+04
1.684570e-02 7.711299e+01 2.162417e+04
1.708984e-02 7.722987e+01 2.104259e+04
1.733398e-02 7.732324e+01 2.047875e+04
1.757812e-02 7.739412e+01 1.993210e+04
1.782227e-02 7.744353e+01 1.940213e+04
1.806641e-02 7.747246e+01 1.888835e+04
1.831055e-02 7.748191e+01 1.839026e+04
1.855469e-02 7.747285e+01 1.790739e+04
1.879883e-02 7.744625e+01 1.743930e+04
1.904297e-02 7.740306e+01 1.698552e+04
1.928711e-02 7.734421e+01 1.654564e+04
1.953125e-02 7.727061e+01 1.611923e+04
2.001953e-02 7.708277e+01 1.530522e+04
2.050781e-02 7.684654e+01 1.454038e+04
2.099609e-02 7.656861e+01 1.382178e+04
2.148438e-02 7.625537e+01 1.314665e+04
2.197266e-02 7.591291e+01 1.251240e+04
2.246094e-02 7.554699e+01 1.191658e+04
2.294922e-02 7.516304e+01 1.135687e+04
2.343750e-02 7.476620e+01 1.083111e+04
2.392578e-02 7.436126e+01 1.033724e+04
2.441406e-02 7.395270e+01 9.873339e+03
2.453613e-02 7.385049e+01 9.761831e+03
2.465820e-02 7.374838e+01 9.652054e+03
2.478027e-02 7.364642e+01 9.543982e+03
2.490234e-02 7.354469e+01 9.437588e+03
2.502441e-02 7.344323e+01 9.332846e+03
2.514648e-02 7.334211e+01 9.229730e+03
2.526855e-02 7.324138e+01 9.128215e+03
2.539062e-02 7.314110e+01 9.028276e+03
2.551270e-02 7.304131e+01 8.929888e+03
2.563477e-02 7.294208e+01 8.833028e+03
2.575684e-02 7.284346e+01 8.737671e+03
2.587891e-02 7.274549e+01 8.643793e+03
2.600098e-02 7.264822e+01 8.551372e+03
2.612305e-02 7.255171e+01 8.460385e+03
2.624512e-02 7.245600e+01 8.370809e+03
2.636719e-02 7.236113e+01 8.282623e+03
2.648926e-02 7.226716e+01 8.195803e+03
2.661133e-02 7.217412e+01 8.110330e+03
2.673340e-02 7.208206e+01 8.026182e+03
2.685547e-02 7.199102e+01 7.943337e+03
2.709961e-02 7.181216e+01 7.781478e+03
2.734375e-02 7.163787e+01 7.624592e+03
2.758789e-02 7.146842e+01 7.472525e+03
2.783203e-02 7.130412e+01 7.325124e+03
2.807617e-02 7.114522e+01 7.182243e+03
2.832031e-02 7.099198e+01 7.043741e+03
2.856445e-02 7.084463e+01 6.909479e+03
2.880859e-02 7.070340e+01 6.779323e+03
2.905273e-02 7.056850e+01 6.653145e+03
2.929688e-02 7.044011e+01 6.530817e+03
2.978516e-02 7.020359e+01 6.297232e+03
3.027344e-02 6.999513e+01 6.077634e+03
3.076172e-02 6.981583e+01 5.871145e+03
3.125000e-02 6.966656e+01 5.676942e+03
3.173828e-02 6.954805e+01 5.494248e+03
3.222656e-02 6.946083e+01 5.322334e+03
3.271484e-02 6.940528e+01 5.160514e+03
3.320312e-02 6.938164e+01 5.008144e+03
3.369141e-02 6.939000e+01 4.864618e+03
3.417969e-02 6.943031e+01 4.729367e+03
3.466797e-02 6.950241e+01 4.601858e+03
3.515625e-02 6.960602e+01 4.481587e+03
3.564453e-02 6.974078e+01 4.368085e+03
3.613281e-02 6.990619e+01 4.260909e+03
3.662109e-02 7.010169e+01 4.159643e+03
3.710938e-02 7.032665e+01 4.063898e+03
3.759766e-02 7.058033e+01 3.973308e+03
3.808594e-02 7.086195e+01 3.887532e+03
3.857422e-02 7.117067e+01 3.806246e+03
3.906250e-02 7.150558e+01 3.729151e+03
3.955078e-02 7.186575e+01 3.655964e+03
4.003906e-02 7.225018e+01 3.586421e+03
4.052734e-02 7.265785e+01 3.520273e+03
4.101562e-02 7.308770e+01 3.457290e+03
4.150391e-02 7.353866e+01 3.397253e+03
4.199219e-02 7.400961e+01 3.339960e+03
4.248047e-02 7.449945e+01 3.285221e+03
4.296875e-02 7.500704e+01 3.232859e+03
4.345703e-02 7.553124e+01 3.182707e+03
4.394531e-02 7.607091e+01 3.134611e+03
4.443359e-02 7.662489e+01 3.088425e+03
4.492188e-02 7.719203e+01 3.044016e+03
4.541016e-02 7.777121e+01 3.001256e+03
4.589844e-02 7.836127e+01 2.960028e+03
4.638672e-02 7.896110e+01 2.920223e+03
4.687500e-02 7.956958e+01 2.881739e+03
4.736328e-02 8.018561e+01 2.844481e+03
4.785156e-02 8.080811e+01 2.808360e+03
4.833984e-02 8.143600e+01 2.773295e+03
4.882812e-02 8.206825e+01 2.739209e+03
4.907227e-02 8.238569e+01 2.722511e+03
4.931641e-02 8.270383e+01 2.706032e+03
4.956055e-02 8.302255e+01 2.689763e+03
4.980469e-02 8.334173e+01 2.673697e+03
5.004883e-02 8.366125e+01 2.657827e+03
5.029297e-02 8.398098e+01 2.642144e+03
5.053711e-02 8.430081e+01 2.626643e+03
5.078125e-02 8.462063e+01 2.611317e+03
5.102539e-02 8.494031e+01 2.596159e+03
5.126953e-02 8.525974e+01 2.581163e+03
5.133057e-02 8.533954e+01 2.577439e+03
5.139160e-02 8.541933e+01 2.573724e+03
5.145264e-02 8.549908e+01 2.570019e+03
5.151367e-02 8.557881e+01 2.566323e+03
5.157471e-02 8.565851e+01 2.562637e+03
5.163574e-02 8.573818e+01 2.558960e+03
5.169678e-02 8.581781e+01 2.555293e+03
5.175781e-02 8.589741e+01 2.551634e+03
5.181885e-02 8.597698e+01 2.547985e+03
5.187988e-02 8.605651e+01 2.544344e+03
5.194092e-02 8.613599e+01 2.540713e+03
5.200195e-02 8.621544e+01 2.537090e+03
5.206299e-02 8.629484e+01 2.533476e+03
5.212402e-02 8.637420e+01 2.529871e+03
5.218506e-02 8.645352e+01 2.526274e+03
5.224609e-02 8.653278e+01 2.522686e+03
5.230713e-02 8.661199e+01 2.519106e+03
5.236816e-02 8.669116e+01 2.515534e+03
5.242920e-02 8.677027e+01 2.511971e+03
5.249023e-02 8.684933e+01 2.508416e+03
5.261230e-02 8.700727e+01 2.501330e+03
5.273438e-02 8.716498e+01 2.494276e+03
5.285645e-02 8.732243e+01 2.487254e+03
5.297852e-02 8.747963e+01 2.480262e+03
5.310059e-02 8.763655e+01 2.473300e+03
5.322266e-02 8.779319e+01 2.466368e+03
5.334473e-02 8.794953e+01 2.459465e+03
5.346680e-02 8.810556e+01 2.452591e+03
5.358887e-02 8.826126e+01 2.445745e+03
5.371094e-02 8.841664e+01 2.438926e+03
5.419922e-02 8.903455e+01 2.411919e+03
5.468750e-02 8.964620e+01 2.385316e+03
5.517578e-02 9.025089e+01 2.359091e+03
5.566406e-02 9.084793e+01 2.333218e+03
5.615234e-02 9.143671e+01 2.307676e+03
5.664062e-02 9.201658e+01 2.282444e+03
5.712891e-02 9.258699e+01 2.257503e+03
5.761719e-02 9.314737e+01 2.232835e+03
5.810547e-02 9.369719e+01 2.208425e+03
5.859375e-02 9.423597e+01 2.184260e+03
5.908203e-02 9.476323e+01 2.160325e+03
5.957031e-02 9.527855e+01 2.136611e+03
6.005859e-02 9.578150e+01 2.113107e+03
6.054688e-02 9.627171e+01 2.089803e+03
6.103516e-02 9.674883e+01 2.066692e+03
6.152344e-02 9.721252e+01 2.043766e+03
6.201172e-02 9.766249e+01 2.021019e+03
6.250000e-02 9.809846e+01 1.998445e+03
6.298828e-02 9.852019e+01 1.976040e+03
6.347656e-02 9.892743e+01 1.953800e+03
6.396484e-02 9.932001e+01 1.931720e+03
6.445312e-02 9.969773e+01 1.909798e+03
6.494141e-02 1.000605e+02 1.888031e+03
6.542969e-02 1.004080e+02 1.866418e+03
6.591797e-02 1.007404e+02 1.844956e+03
6.640625e-02 1.010574e+02 1.823645e+03
6.689453e-02 1.013590e+02 1.802483e+03
6.738281e-02 1.016452e+02 1.781470e+03
6.787109e-02 1.019158e+02 1.760606e+03
6.835938e-02 1.021710e+02 1.739890e+03
6.884766e-02 1.024108e+02 1.719323e+03
6.933594e-02 1.026351e+02 1.698905e+03
6.982422e-02 1.028439e+02 1.678637e+03
7.031250e-02 1.030375e+02 1.658518e+03
7.080078e-02 1.032157e+02 1.638551e+03
7.128906e-02 1.033788e+02 1.618736e+03
7.177734e-02 1.035269e+02 1.599073e+03
7.226562e-02 1.036599e+02 1.579565e+03
7.275391e-02 1.037782e+02 1.560212e+03
7.324219e-02 1.038818e+02 1.541015e+03
7.373047e-02 1.039708e+02 1.521975e+03
7.421875e-02 1.040455e+02 1.503094e+03
7.470703e-02 1.041061e+02 1.484373e+03
7.519531e-02 1.041526e+02 1.465814e+03
7.568359e-02 1.041854e+02 1.447416e+03
7.617188e-02 1.042046e+02 1.429183e+03
7.666016e-02 1.042105e+02 1.411114e+03
7.714844e-02 1.042032e+02 1.393211e+03
7.763672e-02 1.041830e+02 1.375475e+03
7.812500e-02 1.041502e+02 1.357908e+03
7.861328e-02 1.041050e+02 1.340509e+03
7.910156e-02 1.040476e+02 1.323281e+03
7.958984e-02 1.039784e+02 1.306225e+03
8.007812e-02 1.038975e+02 1.289340e+03
8.056641e-02 1.038053e+02 1.272628e+03
8.105469e-02 1.037019e+02 1.256090e+03
8.154297e-02 1.035878e+02 1.239726e+03
8.203125e-02 1.034632e+02 1.223537e+03
8.251953e-02 1.033283e+02 1.207524e+03
8.300781e-02 1.031835e+02 1.191688e+03
8.349609e-02 1.030290e+02 1.176027e+03
8.398438e-02 1.028652e+02 1.160544e+03
8.447266e-02 1.026923e+02 1.145238e+03
8.496094e-02 1.025106e+02 1.130109e+03
8.544922e-02 1.023205e+02 1.115158e+03
8.593750e-02 1.021222e+02 1.100385e+03
8.642578e-02 1.019160e+02 1.085790e+03
8.691406e-02 1.017022e+02 1.071372e+03
8.740234e-02 1.014811e+02 1.057132e+03
8.789062e-02 1.012531e+02 1.043070e+03
8.886719e-02 1.007773e+02 1.015477e+03
8.984375e-02 1.002771e+02 9.885899e+02
9.082031e-02 9.975489e+01 9.624060e+02
9.179688e-02 9.921296e+01 9.369206e+02
9.277344e-02 9.865361e+01 9.121281e+02
9.375000e-02 9.807907e+01 8.880224e+02
9.472656e-02 9.749153e+01 8.645965e+02
9.570312e-02 9.689313e+01 8.418426e+02
9.667969e-02 9.628594e+01 8.197521e+02
9.765625e-02 9.567199e+01 7.983161e+02
9.814453e-02 9.536310e+01 7.878404e+02
9.863281e-02 9.505324e+01 7.775247e+02
9.912109e-02 9.474265e+01 7.673677e+02
9.960938e-02 9.443157e+01 7.573679e+02
1.000977e-01 9.412021e+01 7.475241e+02
1.005859e-01 9.380880e+01 7.378348e+02
1.010742e-01 9.349755e+01 7.282988e+02
1.015625e-01 9.318668e+01 7.189144e+02
1.020508e-01 9.287639e+01 7.096804e+02
1.025391e-01 9.256688e+01 7.005951e+02
1.026611e-01 9.248965e+01 6.983468e+02
1.027832e-01 9.241249e+01 6.961078e+02
1.029053e-01 9.233539e+01 6.938779e+02
1.030273e-01 9.225836e+01 6.916571e+02
1.031494e-01 9.218140e+01 6.894455e+02
1.032715e-01 9.210453e+01 6.872429e+02
1.033936e-01 9.202773e+01 6.850494e+02
1.035156e-01 9.195101e+01 6.828650e+02
1.036377e-01 9.187438e+01 6.806895e+02
1.037598e-01 9.179784e+01 6.785231e+02
1.038818e-01 9.172139e+01 6.763656e+02
1.040039e-01 9.164503e+01 6.742171e+02
1.041260e-01 9.156877e+01 6.720775e+02
1.042480e-01 9.149261e+01 6.699467e+02
1.043701e-01 9.141655e+01 6.678249e+02
1.044922e-01 9.134060e+01 6.657119e+02
1.046143e-01 9.126475e+01 6.636078e+02
1.047363e-01 9.118902e+01 6.615124e+02
1.048584e-01 9.111340e+01 6.594258e+02
1.049805e-01 9.103789e+01 6.573480e+02
1.052246e-01 9.088724e+01 6.532184e+02
1.054688e-01 9.073709e+01 6.491236e+02
1.057129e-01 9.058746e+01 6.450632e+02
1.059570e-01 9.043836e+01 6.410372e+02
1.062012e-01 9.028982e+01 6.370453e+02
1.064453e-01 9.014186e+01 6.330872e+02
1.066895e-01 8.999450e+01 6.291629e+02
1.069336e-01 8.984775e+01 6.252721e+02
1.071777e-01 8.970164e+01 6.214145e+02
1.074219e-01 8.955619e+01 6.175901e+02
1.083984e-01 8.898132e+01 6.026191e+02
1.093750e-01 8.841837e+01 5.881614e+02
1.103516e-01 8.786842e+01 5.742037e+02
1.113281e-01 8.733245e+01 5.607329e+02
1.123047e-01 8.681139e+01 5.477357e+02
1.132812e-01 8.630606e+01 5.351991e+02
1.142578e-01 8.581725e+01 5.231099e+02
1.152344e-01 8.534564e+01 5.114549e+02
1.162109e-01 8.489186e+01 5.002213e+02
1.171875e-01 8.445647e+01 4.893961e+02
1.181641e-01 8.403998e+01 4.789666e+02
1.191406e-01 8.364279e+01 4.689202e+02
1.201172e-01 8.326529e+01 4.592444e+02
1.210938e-01 8.290777e+01 4.499269e+02
1.220703e-01 8.257048e+01 4.409556e+02
1.230469e-01 8.225361e+01 4.323186e+02
1.240234e-01 8.195729e+01 4.240042e+02
1.250000e-01 8.168160e+01 4.160010e+02
1.259766e-01 8.142658e+01 4.082976e+02
1.269531e-01 8.119219e+01 4.008830e+02
1.279297e-01 8.097839e+01 3.937464e+02
1.289062e-01 8.078505e+01 3.868773e+02
1.298828e-01 8.061203e+01 3.802652e+02
1.308594e-01 8.045913e+01 3.739003e+02
1.318359e-01 8.032613e+01 3.677726e+02
1.328125e-01 8.021274e+01 3.618725e+02
1.337891e-01 8.011869e+01 3.561908e+02
1.347656e-01 8.004362e+01 3.507184e+02
1.357422e-01 7.998717e+01 3.454465e+02
1.367188e-01 7.994897e+01 3.403665e+02
1.376953e-01 7.992858e+01 3.354702e+02
1.386719e-01 7.992556e+01 3.307494e+02
1.396484e-01 7.993946e+01 3.261964e+02
1.406250e-01 7.996978e+01 3.218037e+02
1.416016e-01 8.001602e+01 3.175638e+02
1.425781e-01 8.007767e+01 3.134698e+02
1.435547e-01 8.015418e+01 3.095149e+02
1.445312e-01 8.024500e+01 3.056924e+02
1.455078e-01 8.034958e+01 3.019959e+02
1.464844e-01 8.046733e+01 2.984194e+02
1.474609e-01 8.059767e+01 2.949570e+02
1.484375e-01 8.074002e+01 2.916028e+02
1.494141e-01 8.089377e+01 2.883515e+02
1.503906e-01 8.105833e+01 2.851979e+02
1.513672e-01 8.123309e+01 2.821367e+02
1.523438e-01 8.141743e+01 2.791632e+02
1.533203e-01 8.161075e+01 2.762728e+02
1.542969e-01 8.181243e+01 2.734609e+02
1.552734e-01 8.202187e+01 2.707232e+02
1.562500e-01 8.223845e+01 2.680557e+02
1.582031e-01 8.269064e+01 2.629156e+02
1.601562e-01 8.316417e+01 2.580112e+02
1.621094e-01 8.365434e+01 2.533158e+02
1.640625e-01 8.415653e+01 2.488051e+02
1.660156e-01 8.466626e+01 2.444571e+02
1.679688e-01 8.517918e+01 2.402518e+02
1.699219e-01 8.569114e+01 2.361715e+02
1.718750e-01 8.619813e+01 2.322002e+02
1.738281e-01 8.669635e+01 2.283236e+02
1.757812e-01 8.718220e+01 2.245292e+02
1.777344e-01 8.765229e+01 2.208058e+02
1.796875e-01 8.810342e+01 2.171437e+02
1.816406e-01 8.853264e+01 2.135343e+02
1.835938e-01 8.893720e+01 2.099703e+02
1.855469e-01 8.931456e+01 2.064454e+02
1.875000e-01 8.966244e+01 2.029542e+02
1.894531e-01 8.997873e+01 1.994924e+02
1.914062e-01 9.026157e+01 1.960563e+02
1.933594e-01 9.050931e+01 1.926429e+02
1.953125e-01 9.072049e+01 1.892498e+02
1.962891e-01 9.081198e+01 1.875604e+02
1.972656e-01 9.089388e+01 1.858754e+02
1.982422e-01 9.096606e+01 1.841948e+02
1.992188e-01 9.102842e+01 1.825184e+02
2.001953e-01 9.108085e+01 1.808462e+02
2.011719e-01 9.112326e+01 1.791781e+02
2.021484e-01 9.115558e+01 1.775140e+02
2.031250e-01 9.117773e+01 1.758540e+02
2.041016e-01 9.118967e+01 1.741980e+02
2.050781e-01 9.119134e+01 1.725461e+02
2.053223e-01 9.119015e+01 1.721337e+02
2.055664e-01 9.118832e+01 1.717216e+02
2.058105e-01 9.118584e+01 1.713098e+02
2.060547e-01 9.118271e+01 1.708983e+02
2.062988e-01 9.117895e+01 1.704870e+02
2.065430e-01 9.117453e+01 1.700759e+02
2.067871e-01 9.116947e+01 1.696652e+02
2.070312e-01 9.116377e+01 1.692546e+02
2.072754e-01 9.115741e+01 1.688444e+02
2.075195e-01 9.115042e+01 1.684344e+02
2.076416e-01 9.114667e+01 1.682295e+02
2.077637e-01 9.114277e+01 1.680247e+02
2.078857e-01 9.113871e+01 1.678200e+02
2.080078e-01 9.113448e+01 1.676153e+02
2.081299e-01 9.113009e+01 1.674106e+02
2.082520e-01 9.112554e+01 1.672061e+02
2.083740e-01 9.112083e+01 1.670016e+02
2.084961e-01 9.111596e+01 1.667972e+02
2.086182e-01 9.111093e+01 1.665929e+02
2.087402e-01 9.110573e+01 1.663886e+02
2.088623e-01 9.110038e+01 1.661844e+02
2.089844e-01 9.109486e+01 1.659802e+02
2.091064e-01 9.108918e+01 1.657762e+02
2.092285e-01 9.108334e+01 1.655722e+02
2.093506e-01 9.107733e+01 1.653682e+02
2.094727e-01 9.107117e+01 1.651644e+02
2.095947e-01 9.106484e+01 1.649606e+02
2.097168e-01 9.105835e+01 1.647569e+02
2.098389e-01 9.105171e+01 1.645532e+02
2.099609e-01 9.104490e+01 1.643496e+02
2.104492e-01 9.101604e+01 1.635360e+02
2.109375e-01 9.098460e+01 1.627236e+02
2.114258e-01 9.095059e+01 1.619123e+02
2.119141e-01 9.091401e+01 1.611022e+02
2.124023e-01 9.087486e+01 1.602933e+02
2.128906e-01 9.083314e+01 1.594856e+02
2.133789e-01 9.078886e+01 1.586791e+02
2.138672e-01 9.074203e+01 1.578739e+02
2.143555e-01 9.069266e+01 1.570700e+02
2.148438e-01 9.064074e+01 1.562673e+02
2.158203e-01 9.052932e+01 1.546660e+02
2.167969e-01 9.040784e+01 1.530700e+02
2.177734e-01 9.027635e+01 1.514797e+02
2.187500e-01 9.013495e+01 1.498950e+02
2.197266e-01 8.998371e+01 1.483163e+02
2.207031e-01 8.982273e+01 1.467437e+02
2.216797e-01 8.965210e+01 1.451773e+02
2.226562e-01 8.947193e+01 1.436174e+02
2.236328e-01 8.928233e+01 1.420642e+02
2.246094e-01 8.908340e+01 1.405177e+02
2.255859e-01 8.887528e+01 1.389783e+02
2.265625e-01 8.865808e+01 1.374461e+02
2.275391e-01 8.843195e+01 1.359213e+02
2.285156e-01 8.819700e+01 1.344040e+02
2.294922e-01 8.795338e+01 1.328945e+02
2.304688e-01 8.770124e+01 1.313929e+02
2.314453e-01 8.744071e+01 1.298994e+02
2.324219e-01 8.717196e+01 1.284142e+02
2.333984e-01 8.689514e+01 1.269374e+02
2.343750e-01 8.661040e+01 1.254693e+02
2.363281e-01 8.601783e+01 1.225597e+02
2.382812e-01 8.539557e+01 1.196867e+02
2.402344e-01 8.474498e+01 1.168514e+02
2.421875e-01 8.406745e+01 1.140551e+02
2.441406e-01 8.336442e+01 1.112989e+02
2.460938e-01 8.263733e+01 1.085839e+02
2.480469e-01 8.188765e+01 1.059110e+02
2.500000e-01 8.111684e+01 1.032812e+02
2.519531e-01 8.032640e+01 1.006952e+02
2.539062e-01 7.951781e+01 9.815395e+01
2.548828e-01 7.910717e+01 9.690025e+01
2.558594e-01 7.869255e+01 9.565796e+01
2.568359e-01 7.827414e+01 9.442714e+01
2.578125e-01 7.785211e+01 9.320787e+01
2.587891e-01 7.742665e+01 9.200020e+01
2.597656e-01 7.699795e+01 9.080420e+01
2.607422e-01 7.656618e+01 8.961991e+01
2.617188e-01 7.613153e+01 8.844739e+01
2.626953e-01 7.569417e+01 8.728667e+01
2.636719e-01 7.525429e+01 8.613780e+01
2.646484e-01 7.481205e+01 8.500080e+01
2.656250e-01 7.436764e+01 8.387572e+01
2.666016e-01 7.392123e+01 8.276256e+01
2.675781e-01 7.347299e+01 8.166137e+01
2.685547e-01 7.302310e+01 8.057214e+01
2.695312e-01 7.257171e+01 7.949490e+01
2.705078e-01 7.211901e+01 7.842965e+01
2.714844e-01 7.166515e+01 7.737639e+01
2.724609e-01 7.121030e+01 7.633513e+01
2.734375e-01 7.075462e+01 7.530586e+01
2.773438e-01 6.892676e+01 7.130849e+01
2.812500e-01 6.709801e+01 6.750170e+01
2.851562e-01 6.527767e+01 6.388354e+01
2.890625e-01 6.347442e+01 6.045127e+01
2.929688e-01 6.169632e+01 5.720142e+01
2.968750e-01 5.995076e+01 5.412994e+01
3.007812e-01 5.824447e+01 5.123223e+01
3.046875e-01 5.658352e+01 4.850325e+01
3.085938e-01 5.497333e+01 4.593756e+01
3.125000e-01 5.341867e+01 4.352945e+01
3.144531e-01 5.266347e+01 4.238262e+01
3.164062e-01 5.192364e+01 4.127292e+01
3.183594e-01 5.119961e+01 4.019958e+01
3.203125e-01 5.049175e+01 3.916182e+01
3.222656e-01 4.980042e+01 3.815884e+01
3.242188e-01 4.912593e+01 3.718987e+01
3.261719e-01 4.846854e+01 3.625410e+01
3.281250e-01 4.782851e+01 3.535073e+01
3.300781e-01 4.720605e+01 3.447897e+01
3.320312e-01 4.660132e+01 3.363802e+01
3.339844e-01 4.601449e+01 3.282709e+01
3.359375e-01 4.544565e+01 3.204539e+01
3.378906e-01 4.489491e+01 3.129212e+01
3.398438e-01 4.436232e+01 3.056651e+01
3.417969e-01 4.384792e+01 2.986778e+01
3.437500e-01 4.335170e+01 2.919516e+01
3.457031e-01 4.287366e+01 2.854789e+01
3.476562e-01 4.241375e+01 2.792523e+01
3.496094e-01 4.197190e+01 2.732641e+01
3.515625e-01 4.154803e+01 2.675072e+01
3.535156e-01 4.114202e+01 2.619742e+01
3.554688e-01 4.075376e+01 2.566581e+01
3.574219e-01 4.038309e+01 2.515518e+01
3.593750e-01 4.002985e+01 2.466484e+01
3.613281e-01 3.969385e+01 2.419412e+01
3.632812e-01 3.937490e+01 2.374234e+01
3.652344e-01 3.907277e+01 2.330886e+01
3.671875e-01 3.878725e+01 2.289304e+01
3.691406e-01 3.851809e+01 2.249423e+01
3.710938e-01 3.826504e+01 2.211185e+01
3.730469e-01 3.802782e+01 2.174527e+01
3.750000e-01 3.780616e+01 2.139391e+01
3.769531e-01 3.759978e+01 2.105721e+01
3.789062e-01 3.740837e+01 2.073459e+01
3.808594e-01 3.723163e+01 2.042551e+01
3.828125e-01 3.706925e+01 2.012944e+01
3.847656e-01 3.692090e+01 1.984586e+01
3.867188e-01 3.678626e+01 1.957426e+01
3.886719e-01 3.666499e+01 1.931415e+01
3.906250e-01 3.655676e+01 1.906504e+01
3.925781e-01 3.646122e+01 1.882648e+01
3.945312e-01 3.637803e+01 1.859801e+01
3.964844e-01 3.630684e+01 1.837919e+01
3.984375e-01 3.624729e+01 1.816959e+01
4.003906e-01 3.619903e+01 1.796881e+01
4.023438e-01 3.616170e+01 1.777643e+01
4.042969e-01 3.613495e+01 1.759207e+01
4.062500e-01 3.611842e+01 1.741535e+01
4.082031e-01 3.611175e+01 1.724591e+01
4.101562e-01 3.611459e+01 1.708339e+01
4.106445e-01 3.611674e+01 1.704381e+01
4.111328e-01 3.611946e+01 1.700463e+01
4.116211e-01 3.612274e+01 1.696585e+01
4.121094e-01 3.612657e+01 1.692746e+01
4.125977e-01 3.613096e+01 1.688947e+01
4.130859e-01 3.613588e+01 1.685187e+01
4.135742e-01 3.614135e+01 1.681464e+01
4.140625e-01 3.614735e+01 1.677779e+01
4.145508e-01 3.615387e+01 1.674131e+01
4.150391e-01 3.616092e+01 1.670520e+01
4.155273e-01 3.616848e+01 1.666945e+01
4.160156e-01 3.617656e+01 1.663405e+01
4.165039e-01 3.618514e+01 1.659901e+01
4.169922e-01 3.619422e+01 1.656432e+01
4.174805e-01 3.620379e+01 1.652996e+01
4.179688e-01 3.621386e+01 1.649595e+01
4.184570e-01 3.622440e+01 1.646227e+01
4.189453e-01 3.623543e+01 1.642891e+01
4.194336e-01 3.624693e+01 1.639589e+01
4.199219e-01 3.625889e+01 1.636318e+01
4.208984e-01 3.628420e+01 1.629871e+01
4.218750e-01 3.631132e+01 1.623546e+01
4.228516e-01 3.634020e+01 1.617341e+01
4.238281e-01 3.637079e+01 1.611252e+01
4.248047e-01 3.640307e+01 1.605275e+01
4.257812e-01 3.643698e+01 1.599408e+01
4.267578e-01 3.647248e+01 1.593648e+01
4.277344e-01 3.650953e+01 1.587991e+01
4.287109e-01 3.654809e+01 1.582434e+01
4.296875e-01 3.658811e+01 1.576975e+01
4.335938e-01 3.676208e+01 1.556052e+01
4.375000e-01 3.695629e+01 1.536464e+01
4.414062e-01 3.716823e+01 1.518047e+01
4.453125e-01 3.739549e+01 1.500651e+01
4.492188e-01 3.763572e+01 1.484139e+01
4.531250e-01 3.788667e+01 1.468387e+01
4.570312e-01 3.814619e+01 1.453281e+01
4.609375e-01 3.841221e+01 1.438717e+01
4.648438e-01 3.868277e+01 1.424602e+01
4.687500e-01 3.895600e+01 1.410853e+01
4.726562e-01 3.923014e+01 1.397395e+01
4.765625e-01 3.950352e+01 1.384160e+01
4.804688e-01 3.977457e+01 1.371088e+01
4.843750e-01 4.004183e+01 1.358128e+01
4.882812e-01 4.030393e+01 1.345233e+01
4.921875e-01 4.055959e+01 1.332363e+01
4.960938e-01 4.080764e+01 1.319484e+01
5.000000e-01 4.104698e+01 1.306566e+01
5.039062e-01 4.127663e+01 1.293585e+01
5.078125e-01 4.149568e+01 1.280520e+01
5.097656e-01 4.160096e+01 1.273950e+01
5.117188e-01 4.170329e+01 1.267354e+01
5.136719e-01 4.180258e+01 1.260729e+01
5.156250e-01 4.189874e+01 1.254074e+01
5.175781e-01 4.199170e+01 1.247389e+01
5.195312e-01 4.208137e+01 1.240671e+01
5.214844e-01 4.216769e+01 1.233921e+01
5.234375e-01 4.225059e+01 1.227138e+01
5.253906e-01 4.233001e+01 1.220320e+01
5.273438e-01 4.240590e+01 1.213469e+01
5.292969e-01 4.247819e+01 1.206584e+01
5.312500e-01 4.254685e+01 1.199664e+01
5.332031e-01 4.261182e+01 1.192710e+01
5.351562e-01 4.267308e+01 1.185722e+01
5.371094e-01 4.273057e+01 1.178700e+01
5.390625e-01 4.278428e+01 1.171645e+01
5.410156e-01 4.283417e+01 1.164557e+01
5.429688e-01 4.288021e+01 1.157437e+01
5.449219e-01 4.292239e+01 1.150285e+01
5.468750e-01 4.296068e+01 1.143103e+01
5.507812e-01 4.302557e+01 1.128648e+01
5.546875e-01 4.307479e+01 1.114080e+01
5.585938e-01 4.310832e+01 1.099408e+01
5.625000e-01 4.312616e+01 1.084641e+01
5.664062e-01 4.312839e+01 1.069787e+01
5.703125e-01 4.311509e+01 1.054857e+01
5.742188e-01 4.308641e+01 1.039862e+01
5.781250e-01 4.304252e+01 1.024812e+01
5.820312e-01 4.298362e+01 1.009719e+01
5.859375e-01 4.290995e+01 9.945934e+00
5.898438e-01 4.282176e+01 9.794464e+00
5.937500e-01 4.271934e+01 9.642894e+00
5.976562e-01 4.260299e+01 9.491334e+00
6.015625e-01 4.247304e+01 9.339896e+00
6.054688e-01 4.232985e+01 9.188685e+00
6.093750e-01 4.217376e+01 9.037810e+00
6.132812e-01 4.200516e+01 8.887372e+00
6.171875e-01 4.182443e+01 8.737474e+00
6.210938e-01 4.163197e+01 8.588212e+00
6.250000e-01 4.142819e+01 8.439682e+00
6.289062e-01 4.121351e+01 8.291974e+00
6.328125e-01 4.098833e+01 8.145173e+00
6.367188e-01 4.075309e+01 7.999363e+00
6.406250e-01 4.050821e+01 7.854625e+00
6.445312e-01 4.025413e+01 7.711033e+00
6.484375e-01 3.999127e+01 7.568661e+00
6.523438e-01 3.972006e+01 7.427575e+00
6.562500e-01 3.944095e+01 7.287840e+00
6.601562e-01 3.915434e+01 7.149515e+00
6.640625e-01 3.886068e+01 7.012656e+00
6.679688e-01 3.856037e+01 6.877316e+00
6.718750e-01 3.825383e+01 6.743542e+00
6.757812e-01 3.794147e+01 6.611379e+00
6.796875e-01 3.762371e+01 6.480868e+00
6.835938e-01 3.730093e+01 6.352046e+00
6.875000e-01 3.697353e+01 6.224947e+00
6.914062e-01 3.664189e+01 6.099601e+00
6.953125e-01 3.630639e+01 5.976035e+00
6.992188e-01 3.596740e+01 5.854274e+00
7.031250e-01 3.562527e+01 5.734337e+00
7.109375e-01 3.493302e+01 5.500009e+00
7.187500e-01 3.423234e+01 5.273160e+00
7.265625e-01 3.352578e+01 5.053858e+00
7.343750e-01 3.281575e+01 4.842133e+00
7.421875e-01 3.210450e+01 4.637979e+00
7.500000e-01 3.139412e+01 4.441360e+00
7.578125e-01 3.068656e+01 4.252211e+00
7.656250e-01 2.998359e+01 4.070442e+00
7.734375e-01 2.928686e+01 3.895942e+00
7.812500e-01 2.859785e+01 3.728579e+00
7.851562e-01 2.825666e+01 3.647530e+00
7.890625e-01 2.791791e+01 3.568208e+00
7.929688e-01 2.758173e+01 3.490595e+00
7.968750e-01 2.724826e+01 3.414668e+00
8.007812e-01 2.691763e+01 3.340405e+00
8.046875e-01 2.658997e+01 3.267785e+00
8.085938e-01 2.626539e+01 3.196784e+00
8.125000e-01 2.594401e+01 3.127379e+00
8.164062e-01 2.562592e+01 3.059546e+00
8.203125e-01 2.531121e+01 2.993260e+00
8.212891e-01 2.523308e+01 2.976928e+00
8.222656e-01 2.515516e+01 2.960690e+00
8.232422e-01 2.507746e+01 2.944547e+00
8.242188e-01 2.499998e+01 2.928498e+00
8.251953e-01 2.492273e+01 2.912542e+00
8.261719e-01 2.484570e+01 2.896680e+00
8.271484e-01 2.476889e+01 2.880910e+00
8.281250e-01 2.469231e+01 2.865234e+00
8.291016e-01 2.461595e+01 2.849649e+00
8.300781e-01 2.453983e+01 2.834156e+00
8.305664e-01 2.450185e+01 2.826443e+00
8.310547e-01 2.446393e+01 2.818754e+00
8.315430e-01 2.442607e+01 2.811087e+00
8.320312e-01 2.438826e+01 2.803443e+00
8.325195e-01 2.435052e+01 2.795822e+00
8.330078e-01 2.431283e+01 2.788223e+00
8.334961e-01 2.427520e+01 2.780646e+00
8.339844e-01 2.423762e+01 2.773092e+00
8.344727e-01 2.420011e+01 2.765561e+00
8.349609e-01 2.416265e+01 2.758052e+00
8.354492e-01 2.412525e+01 2.750565e+00
8.359375e-01 2.408791e+01 2.743100e+00
8.364258e-01 2.405063e+01 2.735658e+00
8.369141e-01 2.401341e+01 2.728238e+00
8.374023e-01 2.397625e+01 2.720840e+00
8.378906e-01 2.393914e+01 2.713464e+00
8.383789e-01 2.390210e+01 2.706110e+00
8.388672e-01 2.386511e+01 2.698778e+00
8.393555e-01 2.382819e+01 2.691468e+00
8.398438e-01 2.379132e+01 2.684180e+00
8.417969e-01 2.364445e+01 2.655246e+00
8.437500e-01 2.349854e+01 2.626658e+00
8.457031e-01 2.335360e+01 2.598412e+00
8.476562e-01 2.320962e+01 2.570507e+00
8.496094e-01 2.306663e+01 2.542937e+00
8.515625e-01 2.292462e+01 2.515702e+00
8.535156e-01 2.278359e+01 2.488796e+00
8.554688e-01 2.264355e+01 2.462218e+00
8.574219e-01 2.250451e+01 2.435963e+00
8.593750e-01 2.236647e+01 2.410029e+00
8.632812e-01 2.209340e+01 2.359110e+00
8.671875e-01 2.182437e+01 2.309435e+00
8.710938e-01 2.155938e+01 2.260980e+00
8.750000e-01 2.129847e+01 2.213719e+00
8.789062e-01 2.104164e+01 2.167627e+00
8.828125e-01 2.078889e+01 2.122680e+00
8.867188e-01 2.054024e+01 2.078853e+00
8.906250e-01 2.029568e+01 2.036122e+00
8.945312e-01 2.005520e+01 1.994463e+00
8.984375e-01 1.981880e+01 1.953852e+00
9.023438e-01 1.958647e+01 1.914266e+00
9.062500e-01 1.935819e+01 1.875681e+00
9.101562e-01 1.913395e+01 1.838074e+00
9.140625e-01 1.891374e+01 1.801423e+00
9.179688e-01 1.869751e+01 1.765705e+00
9.218750e-01 1.848526e+01 1.730899e+00
9.257812e-01 1.827695e+01 1.696982e+00
9.296875e-01 1.807256e+01 1.663933e+00
9.335938e-01 1.787206e+01 1.631732e+00
9.375000e-01 1.767540e+01 1.600357e+00
9.414062e-01 1.748256e+01 1.569788e+00
9.453125e-01 1.729350e+01 1.540005e+00
9.492188e-01 1.710818e+01 1.510989e+00
9.531250e-01 1.692656e+01 1.482720e+00
9.570312e-01 1.674860e+01 1.455179e+00
9.609375e-01 1.657426e+01 1.428348e+00
9.648438e-01 1.640349e+01 1.402208e+00
9.687500e-01 1.623625e+01 1.376741e+00
9.726562e-01 1.607249e+01 1.351931e+00
9.765625e-01 1.591216e+01 1.327759e+00
9.804688e-01 1.575522e+01 1.304208e+00
9.843750e-01 1.560161e+01 1.281264e+00
9.882812e-01 1.545130e+01 1.258908e+00
9.921875e-01 1.530422e+01 1.237126e+00
9.960938e-01 1.516033e+01 1.215902e+00
1.000000e+00 1.501958e+01 1.195220e+00
1.003906e+00 1.488192e+01 1.175067e+00
1.007812e+00 1.474728e+01 1.155427e+00
1.011719e+00 1.461563e+01 1.136287e+00
1.015625e+00 1.448691e+01 1.117633e+00
1.019531e+00 1.436107e+01 1.099451e+00
1.023438e+00 1.423805e+01 1.081727e+00
1.027344e+00 1.411780e+01 1.064451e+00
1.031250e+00 1.400027e+01 1.047607e+00
1.035156e+00 1.388541e+01 1.031186e+00
1.039062e+00 1.377316e+01 1.015174e+00
1.042969e+00 1.366347e+01 9.995595e-01
1.046875e+00 1.355630e+01 9.843320e-01
1.050781e+00 1.345158e+01 9.694799e-01
1.054688e+00 1.334927e+01 9.549927e-01
1.058594e+00 1.324931e+01 9.408597e-01
1.062500e+00 1.315166e+01 9.270708e-01
1.066406e+00 1.305626e+01 9.136159e-01
1.070312e+00 1.296307e+01 9.004854e-01
1.074219e+00 1.287202e+01 8.876698e-01
1.078125e+00 1.278308e+01 8.751600e-01
1.082031e+00 1.269619e+01 8.629470e-01
1.085938e+00 1.261131e+01 8.510220e-01
1.089844e+00 1.252839e+01 8.393767e-01
1.093750e+00 1.244737e+01 8.280027e-01
1.101562e+00 1.229089e+01 8.060371e-01
1.109375e+00 1.214148e+01 7.850637e-01
1.117188e+00 1.199879e+01 7.650245e-01
1.125000e+00 1.186246e+01 7.458646e-01
1.132812e+00 1.173217e+01 7.275323e-01
1.140625e+00 1.160756e+01 7.099788e-01
1.148438e+00 1.148833e+01 6.931582e-01
1.156250e+00 1.137416e+01 6.770271e-01
1.164062e+00 1.126476e+01 6.615449e-01
1.171875e+00 1.115982e+01 6.466732e-01
1.179688e+00 1.105908e+01 6.323759e-01
1.187500e+00 1.096227e+01 6.186192e-01
1.195312e+00 1.086913e+01 6.053713e-01
1.203125e+00 1.077941e+01 5.926024e-01
1.210938e+00 1.069287e+01 5.802845e-01
1.218750e+00 1.060930e+01 5.683913e-01
1.226562e+00 1.052846e+01 5.568982e-01
1.234375e+00 1.045017e+01 5.457821e-01
1.242188e+00 1.037422e+01 5.350215e-01
1.250000e+00 1.030042e+01 5.245962e-01
1.265625e+00 1.015859e+01 5.046772e-01
1.281250e+00 1.002338e+01 4.858882e-01
1.296875e+00 9.893592e+00 4.681100e-01
1.312500e+00 9.768197e+00 4.512382e-01
1.328125e+00 9.646267e+00 4.351826e-01
1.343750e+00 9.526993e+00 4.198644e-01
1.359375e+00 9.409669e+00 4.052154e-01
1.375000e+00 9.293685e+00 3.911764e-01
1.390625e+00 9.178520e+00 3.776963e-01
1.406250e+00 9.063735e+00 3.647306e-01
1.414062e+00 9.006367e+00 3.584285e-01
1.421875e+00 8.948963e+00 3.522411e-01
1.429688e+00 8.891486e+00 3.461643e-01
1.437500e+00 8.833904e+00 3.401944e-01
1.445312e+00 8.776191e+00 3.343279e-01
1.453125e+00 8.718320e+00 3.285617e-01
1.460938e+00 8.660271e+00 3.228928e-01
1.468750e+00 8.602025e+00 3.173183e-01
1.476562e+00 8.543566e+00 3.118356e-01
1.484375e+00 8.484881e+00 3.064422e-01
1.492188e+00 8.425960e+00 3.011360e-01
1.500000e+00 8.366794e+00 2.959148e-01
1.507812e+00 8.307378e+00 2.907766e-01
1.515625e+00 8.247708e+00 2.857195e-01
1.523438e+00 8.187782e+00 2.807418e-01
1.531250e+00 8.127600e+00 2.758419e-01
1.539062e+00 8.067162e+00 2.710182e-01
1.546875e+00 8.006474e+00 2.662692e-01
1.554688e+00 7.945538e+00 2.615937e-01
1.562500e+00 7.884361e+00 2.569902e-01
1.570312e+00 7.822949e+00 2.524576e-01
1.578125e+00 7.761312e+00 2.479948e-01
1.585938e+00 7.699458e+00 2.436005e-01
1.593750e+00 7.637398e+00 2.392738e-01
1.601562e+00 7.575142e+00 2.350137e-01
1.609375e+00 7.512703e+00 2.308192e-01
1.617188e+00 7.450092e+00 2.266893e-01
1.625000e+00 7.387324e+00 2.226233e-01
1.632812e+00 7.324410e+00 2.186201e-01
1.640625e+00 7.261367e+00 2.146791e-01
1.642578e+00 7.245587e+00 2.137035e-01
1.644531e+00 7.229800e+00 2.127317e-01
1.646484e+00 7.214007e+00 2.117637e-01
1.648438e+00 7.198207e+00 2.107995e-01
1.650391e+00 7.182401e+00 2.098390e-01
1.652344e+00 7.166588e+00 2.088824e-01
1.654297e+00 7.150770e+00 2.079295e-01
1.656250e+00 7.134946e+00 2.069803e-01
1.658203e+00 7.119117e+00 2.060349e-01
1.660156e+00 7.103282e+00 2.050932e-01
1.662109e+00 7.087443e+00 2.041552e-01
1.664062e+00 7.071599e+00 2.032210e-01
1.666016e+00 7.055751e+00 2.022904e-01
1.667969e+00 7.039898e+00 2.013635e-01
1.669922e+00 7.024042e+00 2.004403e-01
1.671875e+00 7.008182e+00 1.995207e-01
1.673828e+00 6.992319e+00 1.986047e-01
1.675781e+00 6.976452e+00 1.976925e-01
1.677734e+00 6.960583e+00 1.967838e-01
1.679688e+00 6.944710e+00 1.958787e-01
1.683594e+00 6.912959e+00 1.940794e-01
1.687500e+00 6.881200e+00 1.922944e-01
1.691406e+00 6.849434e+00 1.905237e-01
1.695312e+00 6.817666e+00 1.887671e-01
1.699219e+00 6.785895e+00 1.870246e-01
1.703125e+00 6.754124e+00 1.852960e-01
1.707031e+00 6.722356e+00 1.835814e-01
1.710938e+00 6.690592e+00 1.818806e-01
1.714844e+00 6.658834e+00 1.801935e-01
1.718750e+00 6.627084e+00 1.785201e-01
1.734375e+00 6.500207e+00 1.719615e-01
1.750000e+00 6.373619e+00 1.656152e-01
1.765625e+00 6.247445e+00 1.594761e-01
1.781250e+00 6.121805e+00 1.535394e-01
1.796875e+00 5.996819e+00 1.478003e-01
1.812500e+00 5.872600e+00 1.422540e-01
1.828125e+00 5.749257e+00 1.368958e-01
1.843750e+00 5.626896e+00 1.317210e-01
1.859375e+00 5.505616e+00 1.267249e-01
1.875000e+00 5.385511e+00 1.219030e-01
1.890625e+00 5.266672e+00 1.172507e-01
1.906250e+00 5.149180e+00 1.127635e-01
1.921875e+00 5.033114e+00 1.084368e-01
1.937500e+00 4.918545e+00 1.042662e-01
1.953125e+00 4.805541e+00 1.002472e-01
1.968750e+00 4.694163e+00 9.637560e-02
1.984375e+00 4.584464e+00 9.264698e-02
2.000000e+00 4.476497e+00 8.905708e-02
2.015625e+00 4.370306e+00 8.560172e-02
2.031250e+00 4.265930e+00 8.227675e-02
2.039062e+00 4.214434e+00 8.066188e-02
2.046875e+00 4.163405e+00 7.907808e-02
2.054688e+00 4.112846e+00 7.752486e-02
2.062500e+00 4.062760e+00 7.600172e-02
2.070312e+00 4.013152e+00 7.450817e-02
2.078125e+00 3.964023e+00 7.304373e-02
2.085938e+00 3.915375e+00 7.160790e-02
2.093750e+00 3.867212e+00 7.020023e-02
2.101562e+00 3.819536e+00 6.882023e-02
2.109375e+00 3.772347e+00 6.746743e-02
2.117188e+00 3.725648e+00 6.614139e-02
2.125000e+00 3.679440e+00 6.484163e-02
2.132812e+00 3.633723e+00 6.356772e-02
2.140625e+00 3.588499e+00 6.231919e-02
2.148438e+00 3.543769e+00 6.109561e-02
2.156250e+00 3.499532e+00 5.989655e-02
2.164062e+00 3.455788e+00 5.872157e-02
2.171875e+00 3.412539e+00 5.757025e-02
2.179688e+00 3.369783e+00 5.644216e-02
2.187500e+00 3.327520e+00 5.533689e-02
2.203125e+00 3.244472e+00 5.319317e-02
2.218750e+00 3.163387e+00 5.113588e-02
2.234375e+00 3.084256e+00 4.916187e-02
2.250000e+00 3.007066e+00 4.726809e-02
2.265625e+00 2.931804e+00 4.545158e-02
2.281250e+00 2.858453e+00 4.370946e-02
2.296875e+00 2.786995e+00 4.203892e-02
2.312500e+00 2.717409e+00 4.043726e-02
2.328125e+00 2.649674e+00 3.890183e-02
2.343750e+00 2.583767e+00 3.743009e-02
2.359375e+00 2.519661e+00 3.601956e-02
2.375000e+00 2.457332e+00 3.466784e-02
2.390625e+00 2.396753e+00 3.337263e-02
2.406250e+00 2.337894e+00 3.213169e-02
2.421875e+00 2.280728e+00 3.094284e-02
2.437500e+00 2.225224e+00 2.980400e-02
2.453125e+00 2.171351e+00 2.871315e-02
2.468750e+00 2.119079e+00 2.766834e-02
2.484375e+00 2.068376e+00 2.666769e-02
2.500000e+00 2.019211e+00 2.570939e-02
2.531250e+00 1.925361e+00 2.391290e-02
2.562500e+00 1.837270e+00 2.226565e-02
2.593750e+00 1.754675e+00 2.075538e-02
2.625000e+00 1.677314e+00 1.937073e-02
2.656250e+00 1.604928e+00 1.810122e-02
2.687500e+00 1.537259e+00 1.693715e-02
2.718750e+00 1.474057e+00 1.586959e-02
2.750000e+00 1.415074e+00 1.489031e-02
2.781250e+00 1.360072e+00 1.399174e-02
2.812500e+00 1.308817e+00 1.316692e-02
2.843750e+00 1.261086e+00 1.240944e-02
2.875000e+00 1.216662e+00 1.171344e-02
2.906250e+00 1.175337e+00 1.107354e-02
2.937500e+00 1.136911e+00 1.048482e-02
2.968750e+00 1.101194e+00 9.942757e-03
3.000000e+00 1.068004e+00 9.443228e-03
3.031250e+00 1.037167e+00 8.982462e-03
3.062500e+00 1.008519e+00 8.557011e-03
3.093750e+00 9.819038e-01 8.163731e-03
3.125000e+00 9.571734e-01 7.799750e-03
3.156250e+00 9.341880e-01 7.462453e-03
3.187500e+00 9.128158e-01 7.149455e-03
3.218750e+00 8.929327e-01 6.858583e-03
3.250000e+00 8.744217e-01 6.587860e-03
3.281250e+00 8.571732e-01 6.335488e-03
3.312500e+00 8.410841e-01 6.099831e-03
3.343750e+00 8.260581e-01 5.879402e-03
3.375000e+00 8.120050e-01 5.672850e-03
3.406250e+00 7.988405e-01 5.478948e-03
3.437500e+00 7.864861e-01 5.296583e-03
3.468750e+00 7.748687e-01 5.124745e-03
3.500000e+00 7.639201e-01 4.962517e-03
3.531250e+00 7.535773e-01 4.809069e-03
3.562500e+00 7.437815e-01 4.663648e-03
3.593750e+00 7.344786e-01 4.525573e-03
3.625000e+00 7.256183e-01 4.394225e-03
3.656250e+00 7.171543e-01 4.269047e-03
3.687500e+00 7.090439e-01 4.149533e-03
3.718750e+00 7.012478e-01 4.035224e-03
3.750000e+00 6.937299e-01 3.925708e-03
3.812500e+00 6.793993e-01 3.719594e-03
3.875000e+00 6.658201e-01 3.528610e-03
3.937500e+00 6.527999e-01 3.350650e-03
4.000000e+00 6.401807e-01 3.183998e-03
4.062500e+00 6.278343e-01 3.027251e-03
4.125000e+00 6.156584e-01 2.879268e-03
4.187500e+00 6.035725e-01 2.739113e-03
4.250000e+00 5.915155e-01 2.606024e-03
4.312500e+00 5.794419e-01 2.479373e-03
4.375000e+00 5.673201e-01 2.358643e-03
4.437500e+00 5.551296e-01 2.243406e-03
4.500000e+00 5.428595e-01 2.133303e-03
4.562500e+00 5.305066e-01 2.028034e-03
4.625000e+00 5.180739e-01 1.927340e-03
4.687500e+00 5.055695e-01 1.831000e-03
4.750000e+00 4.930055e-01 1.738820e-03
4.812500e+00 4.803969e-01 1.650627e-03
4.875000e+00 4.677610e-01 1.566264e-03
4.937500e+00 4.551165e-01 1.485588e-03
5.000000e+00 4.424833e-01 1.408468e-03
5.125000e+00 4.173315e-01 1.264397e-03
5.250000e+00 3.924665e-01 1.133115e-03
5.375000e+00 3.680415e-01 1.013748e-03
5.500000e+00 3.441958e-01 9.054621e-04
5.625000e+00 3.210510e-01 8.074564e-04
5.750000e+00 2.987095e-01 7.189578e-04
5.875000e+00 2.772539e-01 6.392225e-04
6.000000e+00 2.567478e-01 5.675373e-04
6.125000e+00 2.372366e-01 5.032221e-04
6.250000e+00 2.187493e-01 4.456325e-04
6.281250e+00 2.142895e-01 4.322139e-04
6.312500e+00 2.098946e-01 4.191685e-04
6.343750e+00 2.055648e-01 4.064871e-04
6.375000e+00 2.013001e-01 3.941611e-04
6.406250e+00 1.971004e-01 3.821817e-04
6.437500e+00 1.929656e-01 3.705404e-04
6.468750e+00 1.888956e-01 3.592290e-04
6.500000e+00 1.848903e-01 3.482390e-04
6.531250e+00 1.809493e-01 3.375627e-04
6.562500e+00 1.770725e-01 3.271919e-04
6.578125e+00 1.751580e-01 3.221187e-04
6.593750e+00 1.732595e-01 3.171190e-04
6.609375e+00 1.713769e-01 3.121918e-04
6.625000e+00 1.695101e-01 3.073363e-04
6.640625e+00 1.676591e-01 3.025515e-04
6.656250e+00 1.658239e-01 2.978365e-04
6.671875e+00 1.640043e-01 2.931904e-04
6.687500e+00 1.622004e-01 2.886121e-04
6.703125e+00 1.604121e-01 2.841010e-04
6.718750e+00 1.586394e-01 2.796561e-04
6.734375e+00 1.568822e-01 2.752765e-04
6.750000e+00 1.551404e-01 2.709615e-04
6.765625e+00 1.534140e-01 2.667100e-04
6.781250e+00 1.517030e-01 2.625214e-04
6.796875e+00 1.500072e-01 2.583947e-04
6.812500e+00 1.483266e-01 2.543291e-04
6.828125e+00 1.466611e-01 2.503239e-04
6.843750e+00 1.450108e-01 2.463781e-04
6.859375e+00 1.433754e-01 2.424910e-04
6.875000e+00 1.417550e-01 2.386619e-04
6.937500e+00 1.354213e-01 2.239087e-04
7.000000e+00 1.293208e-01 2.100209e-04
7.062500e+00 1.234489e-01 1.969520e-04
7.125000e+00 1.178003e-01 1.846574e-04
7.187500e+00 1.123699e-01 1.730950e-04
7.250000e+00 1.071524e-01 1.622243e-04
7.312500e+00 1.021421e-01 1.520069e-04
7.375000e+00 9.733365e-02 1.424063e-04
7.437500e+00 9.272125e-02 1.333876e-04
7.500000e+00 8.829927e-02 1.249179e-04
7.750000e+00 7.240126e-02 9.592524e-05
8.000000e+00 5.909632e-02 7.348025e-05
8.250000e+00 4.803659e-02 5.616354e-05
8.500000e+00 3.889878e-02 4.284383e-05
8.750000e+00 3.138997e-02 3.262608e-05
9.000000e+00 2.525014e-02 2.480670e-05
9.250000e+00 2.025220e-02 1.883558e-05
9.500000e+00 1.620042e-02 1.428463e-05
9.750000e+00 1.292784e-02 1.082198e-05
1.000000e+01 1.029323e-02 8.191090e-06
1.025000e+01 8.178796e-03 6.194864e-06
1.050000e+01 6.486557e-03 4.681939e-06
1.075000e+01 5.135617e-03 3.536436e-06
1.100000e+01 4.059640e-03 2.669883e-06
1.125000e+01 3.204478e-03 2.014848e-06
1.150000e+01 2.526126e-03 1.520020e-06
1.175000e+01 1.988971e-03 1.146418e-06
1.200000e+01 1.564303e-03 8.644671e-07
1.225000e+01 1.229055e-03 6.517625e-07
1.250000e+01 9.647552e-04 4.913458e-07
1.275000e+01 7.566479e-04 3.703937e-07
1.300000e+01 5.929737e-04 2.792151e-07
1.325000e+01 4.643751e-04 2.104880e-07
1.350000e+01 3.634281e-04 1.586869e-07
1.375000e+01 2.842551e-04 1.196446e-07
1.400000e+01 2.222091e-04 9.021858e-08
1.425000e+01 1.736199e-04 6.803932e-08
1.450000e+01 1.355932e-04 5.132064e-08
1.475000e+01 1.058511e-04 3.871698e-08
1.500000e+01 8.260153e-05 2.921431e-08
1.550000e+01 5.024923e-05 1.664394e-08
1.600000e+01 3.053306e-05 9.491186e-09
1.650000e+01 1.853472e-05 5.417617e-09
1.700000e+01 1.124179e-05 3.095477e-09
1.750000e+01 6.814157e-06 1.770623e-09
1.800000e+01 4.128127e-06 1.013907e-09
1.850000e+01 2.499314e-06 5.811224e-10
1.900000e+01 1.512789e-06 3.334734e-10
1.950000e+01 9.155777e-07 1.916091e-10
2.000000e+01 5.537245e-07 1.101600e-10
2.100000e+01 2.023264e-07 3.650935e-11
2.200000e+01 7.411058e-08 1.218499e-11
2.300000e+01 2.713689e-08 4.082203e-12
2.400000e+01 9.784426e-09 1.351771e-12
2.500000e+01 3.680407e-09 4.686040e-13
2.600000e+01 1.476189e-09 1.737742e-13
2.700000e+01 4.441102e-10 4.847897e-14
2.800000e+01 2.042779e-10 2.073459e-14
2.900000e+01 2.254097e-10 2.132882e-14
3.000000e+01 7.903046e-11 6.987827e-15
3.100000e+01 6.583454e-11 5.451557e-15
3.200000e+01 6.211948e-11 4.827453e-15
3.300000e+01 6.044625e-11 4.417043e-15
3.400000e+01 5.699293e-11 3.923316e-15
3.500000e+01 4.989009e-11 3.240920e-15
3.600000e+01 3.895576e-11 2.391976e-15
3.700000e+01 2.567726e-11 1.492572e-15
3.800000e+01 1.280442e-11 7.056394e-16
3.900000e+01 3.436190e-12 1.797786e-16
4.000000e+01 0.000000e+00 0.000000e+00
