# 
# Output from RAtom program.
# 
# Total radial electron density.
# The first column contains radius $r$ in bohr units.
# The second column holds $\rho(r)$.
# The third column holds $\tilde{\rho}(r) = \rho(r) / (\pi * r * r)$
# 
# Use this file with gnuplot to create the plot.
# 
# R     Rho     RhoTilde
#
0.000000e+00 0.000000e+00 3.956841e+05
1.678467e-04 1.362792e-01 3.849409e+05
3.356934e-04 5.303168e-01 3.744898e+05
5.035400e-04 1.160819e+00 3.643230e+05
6.713867e-04 2.007657e+00 3.544330e+05
8.392334e-04 3.051813e+00 3.448122e+05
1.007080e-03 4.275335e+00 3.354535e+05
1.174927e-03 5.661282e+00 3.263498e+05
1.342773e-03 7.193683e+00 3.174943e+05
1.510620e-03 8.857492e+00 3.088804e+05
1.678467e-03 1.063854e+01 3.005016e+05
1.846313e-03 1.252351e+01 2.923515e+05
2.014160e-03 1.449987e+01 2.844240e+05
2.182007e-03 1.655587e+01 2.767132e+05
2.349854e-03 1.868046e+01 2.692131e+05
2.517700e-03 2.086333e+01 2.619182e+05
2.685547e-03 2.309478e+01 2.548229e+05
2.853394e-03 2.536577e+01 2.479219e+05
3.021240e-03 2.766786e+01 2.412099e+05
3.189087e-03 2.999315e+01 2.346818e+05
3.356934e-03 3.233431e+01 2.283327e+05
3.524780e-03 3.468451e+01 2.221578e+05
3.692627e-03 3.703741e+01 2.161523e+05
3.860474e-03 3.938715e+01 2.103117e+05
4.028320e-03 4.172829e+01 2.046316e+05
4.196167e-03 4.405581e+01 1.991076e+05
4.364014e-03 4.636509e+01 1.937354e+05
4.531860e-03 4.865190e+01 1.885111e+05
4.699707e-03 5.091235e+01 1.834306e+05
4.867554e-03 5.314288e+01 1.784899e+05
5.035400e-03 5.534027e+01 1.736854e+05
5.203247e-03 5.750160e+01 1.690134e+05
5.371094e-03 5.962421e+01 1.644702e+05
5.538940e-03 6.170574e+01 1.600524e+05
5.706787e-03 6.374407e+01 1.557566e+05
5.874634e-03 6.573732e+01 1.515795e+05
6.042480e-03 6.768383e+01 1.475178e+05
6.210327e-03 6.958218e+01 1.435685e+05
6.378174e-03 7.143112e+01 1.397285e+05
6.546021e-03 7.322960e+01 1.359947e+05
6.713867e-03 7.497676e+01 1.323644e+05
6.881714e-03 7.667189e+01 1.288348e+05
7.049561e-03 7.831443e+01 1.254030e+05
7.217407e-03 7.990400e+01 1.220664e+05
7.385254e-03 8.144032e+01 1.188225e+05
7.553101e-03 8.292325e+01 1.156687e+05
7.720947e-03 8.435279e+01 1.126026e+05
7.888794e-03 8.572901e+01 1.096217e+05
8.056641e-03 8.705211e+01 1.067238e+05
8.224487e-03 8.832240e+01 1.039066e+05
8.392334e-03 8.954025e+01 1.011679e+05
8.560181e-03 9.070611e+01 9.850558e+04
8.728027e-03 9.182054e+01 9.591749e+04
8.895874e-03 9.288415e+01 9.340164e+04
9.063721e-03 9.389759e+01 9.095605e+04
9.231567e-03 9.486162e+01 8.857880e+04
9.399414e-03 9.577701e+01 8.626802e+04
9.567261e-03 9.664460e+01 8.402190e+04
9.735107e-03 9.746527e+01 8.183866e+04
9.902954e-03 9.823993e+01 7.971658e+04
1.007080e-02 9.896955e+01 7.765398e+04
1.023865e-02 9.965510e+01 7.564922e+04
1.040649e-02 1.002976e+02 7.370073e+04
1.057434e-02 1.008981e+02 7.180696e+04
1.074219e-02 1.014577e+02 6.996639e+04
1.091003e-02 1.019773e+02 6.817758e+04
1.107788e-02 1.024582e+02 6.643908e+04
1.124573e-02 1.029015e+02 6.474953e+04
1.141357e-02 1.033081e+02 6.310756e+04
1.158142e-02 1.036794e+02 6.151186e+04
1.174927e-02 1.040163e+02 5.996117e+04
1.191711e-02 1.043201e+02 5.845423e+04
1.208496e-02 1.045918e+02 5.698983e+04
1.225281e-02 1.048327e+02 5.556681e+04
1.242065e-02 1.050437e+02 5.418401e+04
1.258850e-02 1.052261e+02 5.284032e+04
1.275635e-02 1.053809e+02 5.153466e+04
1.292419e-02 1.055093e+02 5.026596e+04
1.309204e-02 1.056124e+02 4.903321e+04
1.325989e-02 1.056913e+02 4.783541e+04
1.342773e-02 1.057470e+02 4.667158e+04
1.376343e-02 1.057931e+02 4.444208e+04
1.409912e-02 1.057593e+02 4.233746e+04
1.443481e-02 1.056537e+02 4.035084e+04
1.477051e-02 1.054842e+02 3.847571e+04
1.510620e-02 1.052583e+02 3.670591e+04
1.544189e-02 1.049834e+02 3.503561e+04
1.577759e-02 1.046665e+02 3.345929e+04
1.611328e-02 1.043143e+02 3.197172e+04
1.644897e-02 1.039332e+02 3.056798e+04
1.678467e-02 1.035292e+02 2.924337e+04
1.695251e-02 1.033204e+02 2.860934e+04
1.712036e-02 1.031080e+02 2.799347e+04
1.728821e-02 1.028927e+02 2.739522e+04
1.745605e-02 1.026751e+02 2.681409e+04
1.762390e-02 1.024558e+02 2.624960e+04
1.779175e-02 1.022355e+02 2.570128e+04
1.795959e-02 1.020147e+02 2.516865e+04
1.812744e-02 1.017940e+02 2.465127e+04
1.829529e-02 1.015739e+02 2.414871e+04
1.846313e-02 1.013550e+02 2.366054e+04
1.863098e-02 1.011378e+02 2.318634e+04
1.879883e-02 1.009227e+02 2.272571e+04
1.896667e-02 1.007103e+02 2.227827e+04
1.913452e-02 1.005009e+02 2.184363e+04
1.930237e-02 1.002950e+02 2.142142e+04
1.947021e-02 1.000930e+02 2.101128e+04
1.963806e-02 9.989541e+01 2.061287e+04
1.980591e-02 9.970248e+01 2.022584e+04
1.997375e-02 9.951460e+01 1.984986e+04
2.014160e-02 9.933213e+01 1.948462e+04
2.047729e-02 9.898469e+01 1.878508e+04
2.081299e-02 9.866259e+01 1.812482e+04
2.114868e-02 9.836801e+01 1.750159e+04
2.148438e-02 9.810290e+01 1.691323e+04
2.182007e-02 9.786894e+01 1.635772e+04
2.215576e-02 9.766764e+01 1.583315e+04
2.249146e-02 9.750025e+01 1.533772e+04
2.282715e-02 9.736784e+01 1.486970e+04
2.316284e-02 9.727130e+01 1.442750e+04
2.349854e-02 9.721131e+01 1.400959e+04
2.383423e-02 9.718841e+01 1.361452e+04
2.416992e-02 9.720294e+01 1.324095e+04
2.450562e-02 9.725513e+01 1.288758e+04
2.484131e-02 9.734502e+01 1.255321e+04
2.517700e-02 9.747255e+01 1.223670e+04
2.551270e-02 9.763753e+01 1.193697e+04
2.584839e-02 9.783962e+01 1.165301e+04
2.618408e-02 9.807842e+01 1.138384e+04
2.651978e-02 9.835338e+01 1.112858e+04
2.685547e-02 9.866390e+01 1.088637e+04
2.719116e-02 9.900925e+01 1.065640e+04
2.752686e-02 9.938866e+01 1.043792e+04
2.786255e-02 9.980127e+01 1.023021e+04
2.819824e-02 1.002462e+02 1.003261e+04
2.853394e-02 1.007223e+02 9.844474e+03
2.886963e-02 1.012287e+02 9.665216e+03
2.920532e-02 1.017643e+02 9.494273e+03
2.954102e-02 1.023280e+02 9.331117e+03
2.987671e-02 1.029185e+02 9.175252e+03
3.021240e-02 1.035347e+02 9.026211e+03
3.054810e-02 1.041754e+02 8.883556e+03
3.088379e-02 1.048392e+02 8.746874e+03
3.121948e-02 1.055251e+02 8.615779e+03
3.155518e-02 1.062317e+02 8.489907e+03
3.189087e-02 1.069576e+02 8.368916e+03
3.222656e-02 1.077017e+02 8.252486e+03
3.256226e-02 1.084626e+02 8.140317e+03
3.289795e-02 1.092391e+02 8.032127e+03
3.323364e-02 1.100298e+02 7.927652e+03
3.356934e-02 1.108335e+02 7.826644e+03
3.390503e-02 1.116488e+02 7.728872e+03
3.424072e-02 1.124746e+02 7.634119e+03
3.457642e-02 1.133096e+02 7.542183e+03
3.491211e-02 1.141526e+02 7.452873e+03
3.524780e-02 1.150023e+02 7.366013e+03
3.558350e-02 1.158575e+02 7.281437e+03
3.591919e-02 1.167171e+02 7.198991e+03
3.625488e-02 1.175800e+02 7.118531e+03
3.659058e-02 1.184449e+02 7.039923e+03
3.692627e-02 1.193108e+02 6.963042e+03
3.726196e-02 1.201766e+02 6.887771e+03
3.759766e-02 1.210413e+02 6.814002e+03
3.793335e-02 1.219039e+02 6.741636e+03
3.826904e-02 1.227633e+02 6.670578e+03
3.860474e-02 1.236186e+02 6.600743e+03
3.894043e-02 1.244689e+02 6.532049e+03
3.927612e-02 1.253132e+02 6.464424e+03
3.961182e-02 1.261508e+02 6.397798e+03
3.994751e-02 1.269807e+02 6.332107e+03
4.028320e-02 1.278021e+02 6.267295e+03
4.061890e-02 1.286143e+02 6.203307e+03
4.095459e-02 1.294166e+02 6.140093e+03
4.129028e-02 1.302082e+02 6.077608e+03
4.162598e-02 1.309884e+02 6.015811e+03
4.196167e-02 1.317567e+02 5.954663e+03
4.229736e-02 1.325123e+02 5.894129e+03
4.263306e-02 1.332547e+02 5.834179e+03
4.296875e-02 1.339834e+02 5.774782e+03
4.330444e-02 1.346978e+02 5.715913e+03
4.364014e-02 1.353974e+02 5.657549e+03
4.397583e-02 1.360819e+02 5.599668e+03
4.431152e-02 1.367506e+02 5.542250e+03
4.464722e-02 1.374034e+02 5.485280e+03
4.498291e-02 1.380397e+02 5.428740e+03
4.531860e-02 1.386593e+02 5.372618e+03
4.565430e-02 1.392618e+02 5.316902e+03
4.598999e-02 1.398469e+02 5.261582e+03
4.632568e-02 1.404144e+02 5.206647e+03
4.666138e-02 1.409641e+02 5.152091e+03
4.699707e-02 1.414957e+02 5.097906e+03
4.733276e-02 1.420091e+02 5.044087e+03
4.766846e-02 1.425041e+02 4.990629e+03
4.800415e-02 1.429806e+02 4.937528e+03
4.833984e-02 1.434384e+02 4.884782e+03
4.867554e-02 1.438776e+02 4.832388e+03
4.901123e-02 1.442980e+02 4.780343e+03
4.934692e-02 1.446995e+02 4.728648e+03
4.968262e-02 1.450822e+02 4.677302e+03
5.001831e-02 1.454461e+02 4.626305e+03
5.035400e-02 1.457912e+02 4.575657e+03
5.068970e-02 1.461175e+02 4.525359e+03
5.102539e-02 1.464251e+02 4.475412e+03
5.136108e-02 1.467141e+02 4.425819e+03
5.169678e-02 1.469845e+02 4.376579e+03
5.203247e-02 1.472365e+02 4.327696e+03
5.236816e-02 1.474702e+02 4.279172e+03
5.270386e-02 1.476857e+02 4.231009e+03
5.303955e-02 1.478833e+02 4.183209e+03
5.337524e-02 1.480630e+02 4.135775e+03
5.371094e-02 1.482250e+02 4.088709e+03
5.404663e-02 1.483696e+02 4.042015e+03
5.438232e-02 1.484970e+02 3.995694e+03
5.471802e-02 1.486073e+02 3.949750e+03
5.505371e-02 1.487009e+02 3.904185e+03
5.538940e-02 1.487779e+02 3.859003e+03
5.572510e-02 1.488386e+02 3.814204e+03
5.606079e-02 1.488833e+02 3.769793e+03
5.639648e-02 1.489122e+02 3.725772e+03
5.673218e-02 1.489256e+02 3.682143e+03
5.706787e-02 1.489239e+02 3.638908e+03
5.740356e-02 1.489072e+02 3.596071e+03
5.773926e-02 1.488760e+02 3.553632e+03
5.807495e-02 1.488305e+02 3.511594e+03
5.841064e-02 1.487710e+02 3.469959e+03
5.874634e-02 1.486978e+02 3.428729e+03
5.908203e-02 1.486113e+02 3.387905e+03
5.941772e-02 1.485119e+02 3.347490e+03
5.975342e-02 1.483997e+02 3.307484e+03
6.008911e-02 1.482752e+02 3.267888e+03
6.042480e-02 1.481388e+02 3.228705e+03
6.109619e-02 1.478312e+02 3.151578e+03
6.176758e-02 1.474799e+02 3.076109e+03
6.243896e-02 1.470875e+02 3.002302e+03
6.311035e-02 1.466568e+02 2.930159e+03
6.378174e-02 1.461908e+02 2.859680e+03
6.445312e-02 1.456921e+02 2.790862e+03
6.512451e-02 1.451637e+02 2.723699e+03
6.579590e-02 1.446082e+02 2.658186e+03
6.646729e-02 1.440283e+02 2.594312e+03
6.713867e-02 1.434269e+02 2.532067e+03
6.747437e-02 1.431189e+02 2.501552e+03
6.781006e-02 1.428065e+02 2.471438e+03
6.814575e-02 1.424900e+02 2.441726e+03
6.848145e-02 1.421697e+02 2.412411e+03
6.881714e-02 1.418460e+02 2.383493e+03
6.915283e-02 1.415191e+02 2.354969e+03
6.948853e-02 1.411894e+02 2.326837e+03
6.982422e-02 1.408571e+02 2.299095e+03
7.015991e-02 1.405227e+02 2.271739e+03
7.049561e-02 1.401863e+02 2.244768e+03
7.057953e-02 1.401019e+02 2.238085e+03
7.066345e-02 1.400174e+02 2.231426e+03
7.074738e-02 1.399328e+02 2.224790e+03
7.083130e-02 1.398482e+02 2.218179e+03
7.091522e-02 1.397634e+02 2.211591e+03
7.099915e-02 1.396786e+02 2.205027e+03
7.108307e-02 1.395937e+02 2.198486e+03
7.116699e-02 1.395088e+02 2.191969e+03
7.125092e-02 1.394237e+02 2.185475e+03
7.133484e-02 1.393386e+02 2.179005e+03
7.137680e-02 1.392960e+02 2.175779e+03
7.141876e-02 1.392535e+02 2.172559e+03
7.146072e-02 1.392109e+02 2.169344e+03
7.150269e-02 1.391682e+02 2.166135e+03
7.154465e-02 1.391256e+02 2.162932e+03
7.158661e-02 1.390830e+02 2.159735e+03
7.162857e-02 1.390403e+02 2.156544e+03
7.167053e-02 1.389977e+02 2.153359e+03
7.171249e-02 1.389550e+02 2.150179e+03
7.175446e-02 1.389123e+02 2.147006e+03
7.179642e-02 1.388696e+02 2.143838e+03
7.183838e-02 1.388269e+02 2.140675e+03
7.188034e-02 1.387842e+02 2.137519e+03
7.192230e-02 1.387415e+02 2.134369e+03
7.196426e-02 1.386988e+02 2.131224e+03
7.200623e-02 1.386561e+02 2.128085e+03
7.204819e-02 1.386133e+02 2.124951e+03
7.209015e-02 1.385706e+02 2.121824e+03
7.213211e-02 1.385278e+02 2.118702e+03
7.217407e-02 1.384851e+02 2.115586e+03
7.234192e-02 1.383141e+02 2.103180e+03
7.250977e-02 1.381430e+02 2.090865e+03
7.267761e-02 1.379719e+02 2.078641e+03
7.284546e-02 1.378009e+02 2.066508e+03
7.301331e-02 1.376299e+02 2.054465e+03
7.318115e-02 1.374590e+02 2.042513e+03
7.334900e-02 1.372882e+02 2.030650e+03
7.351685e-02 1.371176e+02 2.018876e+03
7.368469e-02 1.369472e+02 2.007191e+03
7.385254e-02 1.367770e+02 1.995594e+03
7.452393e-02 1.360989e+02 1.950083e+03
7.519531e-02 1.354266e+02 1.905954e+03
7.586670e-02 1.347618e+02 1.863179e+03
7.653809e-02 1.341062e+02 1.821729e+03
7.720947e-02 1.334615e+02 1.781578e+03
7.788086e-02 1.328290e+02 1.742696e+03
7.855225e-02 1.322102e+02 1.705053e+03
7.922363e-02 1.316065e+02 1.668622e+03
7.989502e-02 1.310190e+02 1.633371e+03
8.056641e-02 1.304489e+02 1.599273e+03
8.123779e-02 1.298972e+02 1.566296e+03
8.190918e-02 1.293650e+02 1.534411e+03
8.258057e-02 1.288530e+02 1.503588e+03
8.325195e-02 1.283621e+02 1.473799e+03
8.392334e-02 1.278931e+02 1.445013e+03
8.459473e-02 1.274465e+02 1.417201e+03
8.526611e-02 1.270229e+02 1.390334e+03
8.593750e-02 1.266228e+02 1.364384e+03
8.660889e-02 1.262465e+02 1.339321e+03
8.728027e-02 1.258946e+02 1.315119e+03
8.795166e-02 1.255671e+02 1.291749e+03
8.862305e-02 1.252644e+02 1.269183e+03
8.929443e-02 1.249865e+02 1.247396e+03
8.996582e-02 1.247335e+02 1.226360e+03
9.063721e-02 1.245054e+02 1.206050e+03
9.130859e-02 1.243022e+02 1.186440e+03
9.197998e-02 1.241238e+02 1.167505e+03
9.265137e-02 1.239700e+02 1.149220e+03
9.332275e-02 1.238407e+02 1.131562e+03
9.399414e-02 1.237355e+02 1.114507e+03
9.533691e-02 1.235963e+02 1.082115e+03
9.667969e-02 1.235496e+02 1.051868e+03
9.802246e-02 1.235919e+02 1.023596e+03
9.936523e-02 1.237189e+02 9.971429e+02
1.007080e-01 1.239263e+02 9.723567e+02
1.020508e-01 1.242090e+02 9.490967e+02
1.033936e-01 1.245616e+02 9.272301e+02
1.047363e-01 1.249787e+02 9.066328e+02
1.060791e-01 1.254544e+02 8.871891e+02
1.074219e-01 1.259826e+02 8.687912e+02
1.087646e-01 1.265575e+02 8.513389e+02
1.101074e-01 1.271728e+02 8.347397e+02
1.114502e-01 1.278223e+02 8.189082e+02
1.127930e-01 1.285001e+02 8.037657e+02
1.141357e-01 1.292000e+02 7.892401e+02
1.154785e-01 1.299160e+02 7.752655e+02
1.168213e-01 1.306425e+02 7.617818e+02
1.181641e-01 1.313737e+02 7.487342e+02
1.195068e-01 1.321042e+02 7.360736e+02
1.208496e-01 1.328287e+02 7.237551e+02
1.215210e-01 1.331872e+02 7.177116e+02
1.221924e-01 1.335423e+02 7.117389e+02
1.228638e-01 1.338935e+02 7.058329e+02
1.235352e-01 1.342401e+02 6.999892e+02
1.242065e-01 1.345817e+02 6.942042e+02
1.248779e-01 1.349177e+02 6.884742e+02
1.255493e-01 1.352475e+02 6.827958e+02
1.262207e-01 1.355707e+02 6.771657e+02
1.268921e-01 1.358868e+02 6.715810e+02
1.275635e-01 1.361953e+02 6.660389e+02
1.282349e-01 1.364957e+02 6.605368e+02
1.289062e-01 1.367877e+02 6.550723e+02
1.295776e-01 1.370707e+02 6.496430e+02
1.302490e-01 1.373445e+02 6.442470e+02
1.309204e-01 1.376086e+02 6.388823e+02
1.315918e-01 1.378626e+02 6.335471e+02
1.322632e-01 1.381062e+02 6.282397e+02
1.329346e-01 1.383391e+02 6.229587e+02
1.336060e-01 1.385610e+02 6.177028e+02
1.342773e-01 1.387716e+02 6.124705e+02
1.349487e-01 1.389706e+02 6.072610e+02
1.356201e-01 1.391577e+02 6.020730e+02
1.362915e-01 1.393328e+02 5.969058e+02
1.369629e-01 1.394955e+02 5.917586e+02
1.376343e-01 1.396458e+02 5.866305e+02
1.383057e-01 1.397833e+02 5.815211e+02
1.389771e-01 1.399080e+02 5.764298e+02
1.396484e-01 1.400196e+02 5.713561e+02
1.403198e-01 1.401181e+02 5.662997e+02
1.409912e-01 1.402033e+02 5.612603e+02
1.411591e-01 1.402225e+02 5.600031e+02
1.413269e-01 1.402409e+02 5.587469e+02
1.414948e-01 1.402584e+02 5.574917e+02
1.416626e-01 1.402751e+02 5.562376e+02
1.418304e-01 1.402910e+02 5.549846e+02
1.419983e-01 1.403060e+02 5.537326e+02
1.421661e-01 1.403201e+02 5.524816e+02
1.423340e-01 1.403334e+02 5.512316e+02
1.425018e-01 1.403459e+02 5.499827e+02
1.426697e-01 1.403575e+02 5.487348e+02
1.428375e-01 1.403683e+02 5.474879e+02
1.430054e-01 1.403782e+02 5.462421e+02
1.431732e-01 1.403873e+02 5.449973e+02
1.433411e-01 1.403955e+02 5.437535e+02
1.435089e-01 1.404029e+02 5.425108e+02
1.436768e-01 1.404094e+02 5.412691e+02
1.438446e-01 1.404150e+02 5.400284e+02
1.440125e-01 1.404198e+02 5.387887e+02
1.441803e-01 1.404238e+02 5.375501e+02
1.443481e-01 1.404269e+02 5.363125e+02
1.446838e-01 1.404305e+02 5.338404e+02
1.450195e-01 1.404306e+02 5.313724e+02
1.453552e-01 1.404274e+02 5.289086e+02
1.456909e-01 1.404207e+02 5.264490e+02
1.460266e-01 1.404106e+02 5.239936e+02
1.463623e-01 1.403970e+02 5.215424e+02
1.466980e-01 1.403801e+02 5.190954e+02
1.470337e-01 1.403597e+02 5.166527e+02
1.473694e-01 1.403358e+02 5.142143e+02
1.477051e-01 1.403086e+02 5.117802e+02
1.483765e-01 1.402438e+02 5.069252e+02
1.490479e-01 1.401655e+02 5.020879e+02
1.497192e-01 1.400736e+02 4.972686e+02
1.503906e-01 1.399681e+02 4.924678e+02
1.510620e-01 1.398493e+02 4.876856e+02
1.517334e-01 1.397172e+02 4.829226e+02
1.524048e-01 1.395718e+02 4.781792e+02
1.530762e-01 1.394133e+02 4.734556e+02
1.537476e-01 1.392419e+02 4.687525e+02
1.544189e-01 1.390576e+02 4.640701e+02
1.550903e-01 1.388605e+02 4.594090e+02
1.557617e-01 1.386509e+02 4.547696e+02
1.564331e-01 1.384289e+02 4.501524e+02
1.571045e-01 1.381946e+02 4.455579e+02
1.577759e-01 1.379483e+02 4.409865e+02
1.584473e-01 1.376901e+02 4.364387e+02
1.591187e-01 1.374201e+02 4.319150e+02
1.597900e-01 1.371387e+02 4.274158e+02
1.604614e-01 1.368459e+02 4.229417e+02
1.611328e-01 1.365420e+02 4.184932e+02
1.624756e-01 1.359017e+02 4.096744e+02
1.638184e-01 1.352196e+02 4.009634e+02
1.651611e-01 1.344975e+02 3.923636e+02
1.665039e-01 1.337373e+02 3.838786e+02
1.678467e-01 1.329410e+02 3.755118e+02
1.691895e-01 1.321105e+02 3.672662e+02
1.705322e-01 1.312480e+02 3.591450e+02
1.718750e-01 1.303554e+02 3.511509e+02
1.732178e-01 1.294350e+02 3.432866e+02
1.745605e-01 1.284887e+02 3.355544e+02
1.752319e-01 1.280066e+02 3.317386e+02
1.759033e-01 1.275188e+02 3.279566e+02
1.765747e-01 1.270257e+02 3.242087e+02
1.772461e-01 1.265274e+02 3.204952e+02
1.779175e-01 1.260243e+02 3.168161e+02
1.785889e-01 1.255166e+02 3.131718e+02
1.792603e-01 1.250046e+02 3.095624e+02
1.799316e-01 1.244886e+02 3.059881e+02
1.806030e-01 1.239687e+02 3.024491e+02
1.812744e-01 1.234454e+02 2.989454e+02
1.819458e-01 1.229187e+02 2.954772e+02
1.826172e-01 1.223890e+02 2.920447e+02
1.832886e-01 1.218566e+02 2.886479e+02
1.839600e-01 1.213217e+02 2.852870e+02
1.846313e-01 1.207845e+02 2.819619e+02
1.853027e-01 1.202453e+02 2.786728e+02
1.859741e-01 1.197044e+02 2.754198e+02
1.866455e-01 1.191619e+02 2.722028e+02
1.873169e-01 1.186182e+02 2.690219e+02
1.879883e-01 1.180735e+02 2.658770e+02
1.893311e-01 1.169818e+02 2.596957e+02
1.906738e-01 1.158889e+02 2.536586e+02
1.920166e-01 1.147964e+02 2.477655e+02
1.933594e-01 1.137062e+02 2.420158e+02
1.947021e-01 1.126199e+02 2.364089e+02
1.960449e-01 1.115393e+02 2.309440e+02
1.973877e-01 1.104658e+02 2.256201e+02
1.987305e-01 1.094010e+02 2.204360e+02
2.000732e-01 1.083464e+02 2.153906e+02
2.014160e-01 1.073034e+02 2.104823e+02
2.027588e-01 1.062733e+02 2.057098e+02
2.041016e-01 1.052574e+02 2.010713e+02
2.054443e-01 1.042569e+02 1.965651e+02
2.067871e-01 1.032729e+02 1.921895e+02
2.081299e-01 1.023066e+02 1.879424e+02
2.094727e-01 1.013589e+02 1.838219e+02
2.108154e-01 1.004308e+02 1.798258e+02
2.121582e-01 9.952314e+01 1.759521e+02
2.135010e-01 9.863682e+01 1.721985e+02
2.148438e-01 9.777258e+01 1.685628e+02
2.161865e-01 9.693108e+01 1.650426e+02
2.175293e-01 9.611297e+01 1.616355e+02
2.188721e-01 9.531883e+01 1.583391e+02
2.202148e-01 9.454916e+01 1.551510e+02
2.215576e-01 9.380443e+01 1.520688e+02
2.229004e-01 9.308504e+01 1.490900e+02
2.242432e-01 9.239133e+01 1.462120e+02
2.255859e-01 9.172359e+01 1.434324e+02
2.269287e-01 9.108206e+01 1.407486e+02
2.282715e-01 9.046693e+01 1.381582e+02
2.296143e-01 8.987832e+01 1.356586e+02
2.309570e-01 8.931632e+01 1.332474e+02
2.322998e-01 8.878098e+01 1.309219e+02
2.336426e-01 8.827229e+01 1.286799e+02
2.349854e-01 8.779021e+01 1.265187e+02
2.363281e-01 8.733464e+01 1.244359e+02
2.376709e-01 8.690544e+01 1.224292e+02
2.390137e-01 8.650247e+01 1.204961e+02
2.403564e-01 8.612550e+01 1.186343e+02
2.416992e-01 8.577431e+01 1.168414e+02
2.430420e-01 8.544861e+01 1.151152e+02
2.443848e-01 8.514811e+01 1.134532e+02
2.457275e-01 8.487246e+01 1.118534e+02
2.470703e-01 8.462131e+01 1.103135e+02
2.484131e-01 8.439426e+01 1.088314e+02
2.497559e-01 8.419090e+01 1.074049e+02
2.510986e-01 8.401080e+01 1.060319e+02
2.524414e-01 8.385348e+01 1.047105e+02
2.537842e-01 8.371848e+01 1.034385e+02
2.551270e-01 8.360528e+01 1.022142e+02
2.564697e-01 8.351338e+01 1.010355e+02
2.578125e-01 8.344224e+01 9.990061e+01
2.591553e-01 8.339131e+01 9.880770e+01
2.604980e-01 8.336002e+01 9.775500e+01
2.618408e-01 8.334781e+01 9.674078e+01
2.631836e-01 8.335408e+01 9.576336e+01
2.645264e-01 8.337825e+01 9.482110e+01
2.658691e-01 8.341971e+01 9.391240e+01
2.672119e-01 8.347785e+01 9.303573e+01
2.685547e-01 8.355206e+01 9.218958e+01
2.698975e-01 8.364171e+01 9.137249e+01
2.712402e-01 8.374618e+01 9.058305e+01
2.725830e-01 8.386485e+01 8.981989e+01
2.739258e-01 8.399707e+01 8.908170e+01
2.752686e-01 8.414223e+01 8.836717e+01
2.766113e-01 8.429969e+01 8.767509e+01
2.779541e-01 8.446883e+01 8.700424e+01
2.792969e-01 8.464901e+01 8.635348e+01
2.806396e-01 8.483961e+01 8.572169e+01
2.819824e-01 8.504000e+01 8.510779e+01
2.823181e-01 8.509156e+01 8.495699e+01
2.826538e-01 8.514368e+01 8.480723e+01
2.829895e-01 8.519636e+01 8.465849e+01
2.833252e-01 8.524958e+01 8.451076e+01
2.836609e-01 8.530334e+01 8.436401e+01
2.839966e-01 8.535762e+01 8.421825e+01
2.843323e-01 8.541242e+01 8.407344e+01
2.846680e-01 8.546772e+01 8.392958e+01
2.850037e-01 8.552352e+01 8.378665e+01
2.853394e-01 8.557981e+01 8.364464e+01
2.854233e-01 8.559396e+01 8.360928e+01
2.855072e-01 8.560814e+01 8.357397e+01
2.855911e-01 8.562234e+01 8.353872e+01
2.856750e-01 8.563658e+01 8.350353e+01
2.857590e-01 8.565085e+01 8.346839e+01
2.858429e-01 8.566514e+01 8.343331e+01
2.859268e-01 8.567947e+01 8.339828e+01
2.860107e-01 8.569382e+01 8.336331e+01
2.860947e-01 8.570820e+01 8.332839e+01
2.861786e-01 8.572261e+01 8.329353e+01
2.862625e-01 8.573705e+01 8.325872e+01
2.863464e-01 8.575152e+01 8.322396e+01
2.864304e-01 8.576601e+01 8.318926e+01
2.865143e-01 8.578053e+01 8.315461e+01
2.865982e-01 8.579509e+01 8.312002e+01
2.866821e-01 8.580967e+01 8.308548e+01
2.867661e-01 8.582428e+01 8.305099e+01
2.868500e-01 8.583891e+01 8.301656e+01
2.869339e-01 8.585358e+01 8.298218e+01
2.870178e-01 8.586827e+01 8.294785e+01
2.871857e-01 8.589773e+01 8.287934e+01
2.873535e-01 8.592730e+01 8.281105e+01
2.875214e-01 8.595698e+01 8.274296e+01
2.876892e-01 8.598676e+01 8.267507e+01
2.878571e-01 8.601664e+01 8.260738e+01
2.880249e-01 8.604663e+01 8.253989e+01
2.881927e-01 8.607671e+01 8.247261e+01
2.883606e-01 8.610690e+01 8.240551e+01
2.885284e-01 8.613719e+01 8.233862e+01
2.886963e-01 8.616757e+01 8.227191e+01
2.893677e-01 8.629006e+01 8.200699e+01
2.900391e-01 8.641403e+01 8.174504e+01
2.907104e-01 8.653939e+01 8.148594e+01
2.913818e-01 8.666609e+01 8.122961e+01
2.920532e-01 8.679405e+01 8.097595e+01
2.927246e-01 8.692319e+01 8.072487e+01
2.933960e-01 8.705346e+01 8.047626e+01
2.940674e-01 8.718477e+01 8.023005e+01
2.947388e-01 8.731706e+01 7.998614e+01
2.954102e-01 8.745027e+01 7.974444e+01
2.980957e-01 8.799087e+01 7.879821e+01
3.007812e-01 8.854078e+01 7.788108e+01
3.034668e-01 8.909593e+01 7.698846e+01
3.061523e-01 8.965245e+01 7.611620e+01
3.088379e-01 9.020662e+01 7.526055e+01
3.115234e-01 9.075494e+01 7.441817e+01
3.142090e-01 9.129410e+01 7.358607e+01
3.168945e-01 9.182096e+01 7.276164e+01
3.195801e-01 9.233259e+01 7.194254e+01
3.222656e-01 9.282628e+01 7.112678e+01
3.236084e-01 9.306560e+01 7.071959e+01
3.249512e-01 9.329949e+01 7.031260e+01
3.262939e-01 9.352767e+01 6.990564e+01
3.276367e-01 9.374987e+01 6.949854e+01
3.289795e-01 9.396583e+01 6.909115e+01
3.303223e-01 9.417529e+01 6.868334e+01
3.316650e-01 9.437802e+01 6.827498e+01
3.330078e-01 9.457379e+01 6.786597e+01
3.343506e-01 9.476238e+01 6.745621e+01
3.356934e-01 9.494360e+01 6.704561e+01
3.370361e-01 9.511725e+01 6.663409e+01
3.383789e-01 9.528315e+01 6.622160e+01
3.397217e-01 9.544112e+01 6.580807e+01
3.410645e-01 9.559102e+01 6.539346e+01
3.424072e-01 9.573268e+01 6.497772e+01
3.437500e-01 9.586597e+01 6.456084e+01
3.450928e-01 9.599077e+01 6.414279e+01
3.464355e-01 9.610695e+01 6.372356e+01
3.477783e-01 9.621441e+01 6.330314e+01
3.491211e-01 9.631304e+01 6.288152e+01
3.504639e-01 9.640277e+01 6.245873e+01
3.518066e-01 9.648350e+01 6.203476e+01
3.531494e-01 9.655517e+01 6.160964e+01
3.544922e-01 9.661772e+01 6.118339e+01
3.558350e-01 9.667108e+01 6.075605e+01
3.571777e-01 9.671523e+01 6.032763e+01
3.585205e-01 9.675012e+01 5.989818e+01
3.598633e-01 9.677572e+01 5.946775e+01
3.612061e-01 9.679201e+01 5.903637e+01
3.625488e-01 9.679898e+01 5.860409e+01
3.638916e-01 9.679663e+01 5.817097e+01
3.652344e-01 9.678495e+01 5.773706e+01
3.665771e-01 9.676395e+01 5.730242e+01
3.679199e-01 9.673365e+01 5.686710e+01
3.692627e-01 9.669407e+01 5.643118e+01
3.706055e-01 9.664525e+01 5.599471e+01
3.719482e-01 9.658720e+01 5.555776e+01
3.732910e-01 9.651998e+01 5.512039e+01
3.746338e-01 9.644363e+01 5.468268e+01
3.759766e-01 9.635820e+01 5.424469e+01
3.773193e-01 9.626374e+01 5.380650e+01
3.786621e-01 9.616033e+01 5.336818e+01
3.800049e-01 9.604803e+01 5.292980e+01
3.813477e-01 9.592690e+01 5.249143e+01
3.826904e-01 9.579703e+01 5.205314e+01
3.840332e-01 9.565849e+01 5.161502e+01
3.853760e-01 9.551138e+01 5.117714e+01
3.867188e-01 9.535578e+01 5.073956e+01
3.880615e-01 9.519178e+01 5.030236e+01
3.894043e-01 9.501947e+01 4.986563e+01
3.907471e-01 9.483897e+01 4.942942e+01
3.920898e-01 9.465037e+01 4.899382e+01
3.934326e-01 9.445378e+01 4.855889e+01
3.947754e-01 9.424931e+01 4.812471e+01
3.961182e-01 9.403707e+01 4.769136e+01
3.974609e-01 9.381717e+01 4.725889e+01
3.988037e-01 9.358973e+01 4.682739e+01
4.001465e-01 9.335488e+01 4.639692e+01
4.014893e-01 9.311273e+01 4.596755e+01
4.028320e-01 9.286341e+01 4.553934e+01
4.055176e-01 9.234375e+01 4.468670e+01
4.082031e-01 9.179693e+01 4.383951e+01
4.108887e-01 9.122401e+01 4.299827e+01
4.135742e-01 9.062606e+01 4.216347e+01
4.162598e-01 9.000415e+01 4.133556e+01
4.189453e-01 8.935939e+01 4.051498e+01
4.216309e-01 8.869290e+01 3.970217e+01
4.243164e-01 8.800577e+01 3.889750e+01
4.270020e-01 8.729914e+01 3.810135e+01
4.296875e-01 8.657412e+01 3.731409e+01
4.323730e-01 8.583182e+01 3.653602e+01
4.350586e-01 8.507334e+01 3.576746e+01
4.377441e-01 8.429977e+01 3.500869e+01
4.404297e-01 8.351221e+01 3.425997e+01
4.431152e-01 8.271174e+01 3.352154e+01
4.458008e-01 8.189942e+01 3.279362e+01
4.484863e-01 8.107629e+01 3.207640e+01
4.511719e-01 8.024340e+01 3.137006e+01
4.538574e-01 7.940173e+01 3.067476e+01
4.565430e-01 7.855230e+01 2.999064e+01
4.592285e-01 7.769606e+01 2.931780e+01
4.619141e-01 7.683396e+01 2.865636e+01
4.645996e-01 7.596693e+01 2.800638e+01
4.672852e-01 7.509586e+01 2.736794e+01
4.699707e-01 7.422163e+01 2.674109e+01
4.726562e-01 7.334509e+01 2.612585e+01
4.753418e-01 7.246706e+01 2.552224e+01
4.780273e-01 7.158835e+01 2.493027e+01
4.807129e-01 7.070971e+01 2.434993e+01
4.833984e-01 6.983191e+01 2.378119e+01
4.860840e-01 6.895565e+01 2.322402e+01
4.887695e-01 6.808163e+01 2.267837e+01
4.914551e-01 6.721052e+01 2.214419e+01
4.941406e-01 6.634294e+01 2.162140e+01
4.968262e-01 6.547951e+01 2.110992e+01
4.995117e-01 6.462083e+01 2.060968e+01
5.021973e-01 6.376743e+01 2.012057e+01
5.048828e-01 6.291986e+01 1.964250e+01
5.075684e-01 6.207862e+01 1.917534e+01
5.102539e-01 6.124420e+01 1.871899e+01
5.129395e-01 6.041704e+01 1.827332e+01
5.156250e-01 5.959758e+01 1.783819e+01
5.183105e-01 5.878622e+01 1.741348e+01
5.209961e-01 5.798334e+01 1.699904e+01
5.236816e-01 5.718931e+01 1.659473e+01
5.263672e-01 5.640445e+01 1.620040e+01
5.290527e-01 5.562907e+01 1.581590e+01
5.317383e-01 5.486348e+01 1.544108e+01
5.344238e-01 5.410793e+01 1.507577e+01
5.371094e-01 5.336268e+01 1.471981e+01
5.397949e-01 5.262794e+01 1.437305e+01
5.424805e-01 5.190394e+01 1.403532e+01
5.451660e-01 5.119084e+01 1.370645e+01
5.478516e-01 5.048884e+01 1.338627e+01
5.505371e-01 4.979806e+01 1.307463e+01
5.532227e-01 4.911866e+01 1.277135e+01
5.559082e-01 4.845074e+01 1.247626e+01
5.585938e-01 4.779441e+01 1.218920e+01
5.612793e-01 4.714975e+01 1.190999e+01
5.639648e-01 4.651682e+01 1.163848e+01
5.646362e-01 4.636043e+01 1.157178e+01
5.653076e-01 4.620478e+01 1.150555e+01
5.659790e-01 4.604987e+01 1.143979e+01
5.666504e-01 4.589569e+01 1.137448e+01
5.673218e-01 4.574226e+01 1.130964e+01
5.679932e-01 4.558956e+01 1.124526e+01
5.686646e-01 4.543761e+01 1.118133e+01
5.693359e-01 4.528640e+01 1.111785e+01
5.700073e-01 4.513593e+01 1.105482e+01
5.706787e-01 4.498620e+01 1.099224e+01
5.710144e-01 4.491161e+01 1.096111e+01
5.713501e-01 4.483721e+01 1.093010e+01
5.716858e-01 4.476299e+01 1.089920e+01
5.720215e-01 4.468896e+01 1.086840e+01
5.723572e-01 4.461512e+01 1.083772e+01
5.726929e-01 4.454146e+01 1.080715e+01
5.730286e-01 4.446799e+01 1.077668e+01
5.733643e-01 4.439470e+01 1.074633e+01
5.737000e-01 4.432159e+01 1.071608e+01
5.740356e-01 4.424868e+01 1.068594e+01
5.743713e-01 4.417594e+01 1.065591e+01
5.747070e-01 4.410340e+01 1.062598e+01
5.750427e-01 4.403103e+01 1.059617e+01
5.753784e-01 4.395886e+01 1.056646e+01
5.757141e-01 4.388687e+01 1.053685e+01
5.760498e-01 4.381506e+01 1.050736e+01
5.763855e-01 4.374345e+01 1.047797e+01
5.767212e-01 4.367201e+01 1.044868e+01
5.770569e-01 4.360076e+01 1.041950e+01
5.773926e-01 4.352970e+01 1.039043e+01
5.787354e-01 4.324730e+01 1.027517e+01
5.800781e-01 4.296787e+01 1.016157e+01
5.814209e-01 4.269139e+01 1.004961e+01
5.827637e-01 4.241787e+01 9.939260e+00
5.841064e-01 4.214730e+01 9.830507e+00
5.854492e-01 4.187968e+01 9.723330e+00
5.867920e-01 4.161500e+01 9.617710e+00
5.881348e-01 4.135325e+01 9.513626e+00
5.894775e-01 4.109443e+01 9.411060e+00
5.908203e-01 4.083852e+01 9.309993e+00
5.935059e-01 4.033544e+01 9.112277e+00
5.961914e-01 3.984393e+01 8.920329e+00
5.988770e-01 3.936390e+01 8.733998e+00
6.015625e-01 3.889527e+01 8.553138e+00
6.042480e-01 3.843795e+01 8.377604e+00
6.069336e-01 3.799182e+01 8.207254e+00
6.096191e-01 3.755678e+01 8.041948e+00
6.123047e-01 3.713271e+01 7.881549e+00
6.149902e-01 3.671948e+01 7.725920e+00
6.176758e-01 3.631697e+01 7.574930e+00
6.203613e-01 3.592505e+01 7.428447e+00
6.230469e-01 3.554357e+01 7.286345e+00
6.257324e-01 3.517239e+01 7.148497e+00
6.284180e-01 3.481137e+01 7.014780e+00
6.311035e-01 3.446035e+01 6.885075e+00
6.337891e-01 3.411919e+01 6.759263e+00
6.364746e-01 3.378771e+01 6.637229e+00
6.391602e-01 3.346577e+01 6.518859e+00
6.418457e-01 3.315320e+01 6.404045e+00
6.445312e-01 3.284984e+01 6.292676e+00
6.472168e-01 3.255551e+01 6.184649e+00
6.499023e-01 3.227005e+01 6.079860e+00
6.525879e-01 3.199329e+01 5.978209e+00
6.552734e-01 3.172506e+01 5.879596e+00
6.579590e-01 3.146519e+01 5.783928e+00
6.606445e-01 3.121350e+01 5.691109e+00
6.633301e-01 3.096982e+01 5.601049e+00
6.660156e-01 3.073397e+01 5.513660e+00
6.687012e-01 3.050578e+01 5.428854e+00
6.713867e-01 3.028508e+01 5.346547e+00
6.740723e-01 3.007170e+01 5.266658e+00
6.767578e-01 2.986545e+01 5.189107e+00
6.794434e-01 2.966617e+01 5.113815e+00
6.821289e-01 2.947368e+01 5.040708e+00
6.848145e-01 2.928781e+01 4.969712e+00
6.875000e-01 2.910840e+01 4.900755e+00
6.901855e-01 2.893526e+01 4.833768e+00
6.928711e-01 2.876824e+01 4.768684e+00
6.955566e-01 2.860717e+01 4.705437e+00
6.982422e-01 2.845187e+01 4.643964e+00
7.009277e-01 2.830220e+01 4.584202e+00
7.036133e-01 2.815797e+01 4.526093e+00
7.062988e-01 2.801904e+01 4.469577e+00
7.089844e-01 2.788524e+01 4.414599e+00
7.116699e-01 2.775642e+01 4.361104e+00
7.143555e-01 2.763242e+01 4.309038e+00
7.170410e-01 2.751309e+01 4.258352e+00
7.197266e-01 2.739828e+01 4.208994e+00
7.224121e-01 2.728783e+01 4.160917e+00
7.250977e-01 2.718160e+01 4.114075e+00
7.277832e-01 2.707945e+01 4.068421e+00
7.304688e-01 2.698123e+01 4.023913e+00
7.331543e-01 2.688681e+01 3.980509e+00
7.358398e-01 2.679604e+01 3.938167e+00
7.385254e-01 2.670879e+01 3.896848e+00
7.412109e-01 2.662492e+01 3.856514e+00
7.438965e-01 2.654432e+01 3.817128e+00
7.465820e-01 2.646684e+01 3.778654e+00
7.492676e-01 2.639236e+01 3.741058e+00
7.519531e-01 2.632076e+01 3.704307e+00
7.573242e-01 2.618571e+01 3.633213e+00
7.626953e-01 2.606076e+01 3.565128e+00
7.680664e-01 2.594501e+01 3.499825e+00
7.734375e-01 2.583759e+01 3.437096e+00
7.788086e-01 2.573768e+01 3.376744e+00
7.841797e-01 2.564452e+01 3.318589e+00
7.895508e-01 2.555735e+01 3.262464e+00
7.949219e-01 2.547546e+01 3.208214e+00
8.002930e-01 2.539820e+01 3.155696e+00
8.056641e-01 2.532494e+01 3.104778e+00
8.110352e-01 2.525507e+01 3.055338e+00
8.164062e-01 2.518804e+01 3.007266e+00
8.217773e-01 2.512331e+01 2.960457e+00
8.271484e-01 2.506041e+01 2.914818e+00
8.325195e-01 2.499886e+01 2.870262e+00
8.378906e-01 2.493824e+01 2.826710e+00
8.432617e-01 2.487815e+01 2.784091e+00
8.486328e-01 2.481821e+01 2.742337e+00
8.540039e-01 2.475807e+01 2.701390e+00
8.593750e-01 2.469743e+01 2.661194e+00
8.647461e-01 2.463600e+01 2.621701e+00
8.701172e-01 2.457350e+01 2.582865e+00
8.754883e-01 2.450970e+01 2.544646e+00
8.808594e-01 2.444437e+01 2.507008e+00
8.862305e-01 2.437731e+01 2.469918e+00
8.916016e-01 2.430835e+01 2.433346e+00
8.969727e-01 2.423732e+01 2.397267e+00
9.023438e-01 2.416410e+01 2.361656e+00
9.077148e-01 2.408854e+01 2.326493e+00
9.130859e-01 2.401056e+01 2.291760e+00
9.184570e-01 2.393005e+01 2.257439e+00
9.238281e-01 2.384694e+01 2.223517e+00
9.291992e-01 2.376117e+01 2.189981e+00
9.345703e-01 2.367269e+01 2.156819e+00
9.399414e-01 2.358147e+01 2.124024e+00
9.453125e-01 2.348747e+01 2.091585e+00
9.506836e-01 2.339069e+01 2.059497e+00
9.560547e-01 2.329111e+01 2.027752e+00
9.614258e-01 2.318876e+01 1.996347e+00
9.667969e-01 2.308363e+01 1.965277e+00
9.721680e-01 2.297575e+01 1.934538e+00
9.775391e-01 2.286516e+01 1.904128e+00
9.829102e-01 2.275187e+01 1.874044e+00
9.882812e-01 2.263595e+01 1.844284e+00
9.936523e-01 2.251744e+01 1.814848e+00
9.990234e-01 2.239638e+01 1.785733e+00
1.004395e+00 2.227284e+01 1.756941e+00
1.009766e+00 2.214689e+01 1.728469e+00
1.015137e+00 2.201857e+01 1.700318e+00
1.020508e+00 2.188798e+01 1.672488e+00
1.025879e+00 2.175517e+01 1.644979e+00
1.031250e+00 2.162023e+01 1.617791e+00
1.036621e+00 2.148322e+01 1.590924e+00
1.041992e+00 2.134424e+01 1.564379e+00
1.047363e+00 2.120336e+01 1.538155e+00
1.052734e+00 2.106066e+01 1.512253e+00
1.058105e+00 2.091623e+01 1.486673e+00
1.063477e+00 2.077015e+01 1.461416e+00
1.068848e+00 2.062250e+01 1.436481e+00
1.074219e+00 2.047337e+01 1.411868e+00
1.079590e+00 2.032285e+01 1.387577e+00
1.084961e+00 2.017102e+01 1.363609e+00
1.090332e+00 2.001797e+01 1.339962e+00
1.095703e+00 1.986377e+01 1.316637e+00
1.101074e+00 1.970852e+01 1.293633e+00
1.106445e+00 1.955229e+01 1.270948e+00
1.111816e+00 1.939518e+01 1.248584e+00
1.117188e+00 1.923725e+01 1.226538e+00
1.122559e+00 1.907860e+01 1.204810e+00
1.127930e+00 1.891929e+01 1.183398e+00
1.129272e+00 1.887937e+01 1.178095e+00
1.130615e+00 1.883942e+01 1.172811e+00
1.131958e+00 1.879943e+01 1.167547e+00
1.133301e+00 1.875941e+01 1.162302e+00
1.134644e+00 1.871936e+01 1.157077e+00
1.135986e+00 1.867928e+01 1.151872e+00
1.137329e+00 1.863918e+01 1.146686e+00
1.138672e+00 1.859904e+01 1.141520e+00
1.140015e+00 1.855888e+01 1.136373e+00
1.141357e+00 1.851869e+01 1.131246e+00
1.142029e+00 1.849859e+01 1.128690e+00
1.142700e+00 1.847848e+01 1.126138e+00
1.143372e+00 1.845837e+01 1.123592e+00
1.144043e+00 1.843825e+01 1.121050e+00
1.144714e+00 1.841812e+01 1.118514e+00
1.145386e+00 1.839799e+01 1.115982e+00
1.146057e+00 1.837786e+01 1.113455e+00
1.146729e+00 1.835772e+01 1.110932e+00
1.147400e+00 1.833757e+01 1.108415e+00
1.148071e+00 1.831742e+01 1.105902e+00
1.148743e+00 1.829727e+01 1.103395e+00
1.149414e+00 1.827711e+01 1.100892e+00
1.150085e+00 1.825694e+01 1.098394e+00
1.150757e+00 1.823678e+01 1.095900e+00
1.151428e+00 1.821660e+01 1.093412e+00
1.152100e+00 1.819643e+01 1.090928e+00
1.152771e+00 1.817625e+01 1.088450e+00
1.153442e+00 1.815607e+01 1.085976e+00
1.154114e+00 1.813588e+01 1.083507e+00
1.154785e+00 1.811569e+01 1.081042e+00
1.157471e+00 1.803490e+01 1.071233e+00
1.160156e+00 1.795407e+01 1.061500e+00
1.162842e+00 1.787321e+01 1.051844e+00
1.165527e+00 1.779231e+01 1.042264e+00
1.168213e+00 1.771141e+01 1.032759e+00
1.170898e+00 1.763049e+01 1.023331e+00
1.173584e+00 1.754957e+01 1.013977e+00
1.176270e+00 1.746866e+01 1.004699e+00
1.178955e+00 1.738776e+01 9.954957e-01
1.181641e+00 1.730689e+01 9.863667e-01
1.192383e+00 1.698378e+01 9.505897e-01
1.203125e+00 1.666163e+01 9.159803e-01
1.213867e+00 1.634089e+01 8.825177e-01
1.224609e+00 1.602197e+01 8.501798e-01
1.235352e+00 1.570525e+01 8.189435e-01
1.246094e+00 1.539111e+01 7.887851e-01
1.256836e+00 1.507987e+01 7.596800e-01
1.267578e+00 1.477185e+01 7.316029e-01
1.278320e+00 1.446731e+01 7.045282e-01
1.289062e+00 1.416651e+01 6.784299e-01
1.299805e+00 1.386968e+01 6.532816e-01
1.310547e+00 1.357703e+01 6.290569e-01
1.321289e+00 1.328875e+01 6.057292e-01
1.332031e+00 1.300499e+01 5.832722e-01
1.342773e+00 1.272589e+01 5.616593e-01
1.353516e+00 1.245159e+01 5.408644e-01
1.364258e+00 1.218218e+01 5.208615e-01
1.375000e+00 1.191775e+01 5.016248e-01
1.385742e+00 1.165837e+01 4.831291e-01
1.396484e+00 1.140410e+01 4.653493e-01
1.399170e+00 1.134134e+01 4.610133e-01
1.401855e+00 1.127889e+01 4.567202e-01
1.404541e+00 1.121677e+01 4.524695e-01
1.407227e+00 1.115498e+01 4.482609e-01
1.409912e+00 1.109351e+01 4.440940e-01
1.412598e+00 1.103236e+01 4.399684e-01
1.415283e+00 1.097153e+01 4.358838e-01
1.417969e+00 1.091103e+01 4.318398e-01
1.420654e+00 1.085086e+01 4.278361e-01
1.423340e+00 1.079101e+01 4.238722e-01
1.426025e+00 1.073148e+01 4.199478e-01
1.428711e+00 1.067228e+01 4.160626e-01
1.431396e+00 1.061341e+01 4.122162e-01
1.434082e+00 1.055486e+01 4.084082e-01
1.436768e+00 1.049663e+01 4.046383e-01
1.439453e+00 1.043873e+01 4.009061e-01
1.442139e+00 1.038115e+01 3.972113e-01
1.444824e+00 1.032390e+01 3.935535e-01
1.447510e+00 1.026697e+01 3.899325e-01
1.450195e+00 1.021037e+01 3.863478e-01
1.455566e+00 1.009813e+01 3.792861e-01
1.460938e+00 9.987178e+00 3.723657e-01
1.466309e+00 9.877518e+00 3.655840e-01
1.471680e+00 9.769141e+00 3.589384e-01
1.477051e+00 9.662044e+00 3.524263e-01
1.482422e+00 9.556222e+00 3.460451e-01
1.487793e+00 9.451669e+00 3.397924e-01
1.493164e+00 9.348380e+00 3.336656e-01
1.498535e+00 9.246348e+00 3.276623e-01
1.503906e+00 9.145567e+00 3.217802e-01
1.514648e+00 8.947730e+00 3.103697e-01
1.525391e+00 8.754811e+00 2.994158e-01
1.536133e+00 8.566743e+00 2.889005e-01
1.546875e+00 8.383460e+00 2.788066e-01
1.557617e+00 8.204888e+00 2.691171e-01
1.568359e+00 8.030952e+00 2.598161e-01
1.579102e+00 7.861572e+00 2.508877e-01
1.589844e+00 7.696667e+00 2.423170e-01
1.600586e+00 7.536153e+00 2.340894e-01
1.611328e+00 7.379944e+00 2.261909e-01
1.622070e+00 7.227953e+00 2.186080e-01
1.632812e+00 7.080092e+00 2.113277e-01
1.643555e+00 6.936271e+00 2.043374e-01
1.654297e+00 6.796401e+00 1.976252e-01
1.665039e+00 6.660391e+00 1.911794e-01
1.675781e+00 6.528150e+00 1.849889e-01
1.686523e+00 6.399589e+00 1.790431e-01
1.697266e+00 6.274618e+00 1.733316e-01
1.708008e+00 6.153145e+00 1.678447e-01
1.718750e+00 6.035083e+00 1.625728e-01
1.729492e+00 5.920342e+00 1.575069e-01
1.740234e+00 5.808835e+00 1.526384e-01
1.750977e+00 5.700477e+00 1.479587e-01
1.761719e+00 5.595180e+00 1.434601e-01
1.772461e+00 5.492861e+00 1.391347e-01
1.783203e+00 5.393436e+00 1.349752e-01
1.793945e+00 5.296823e+00 1.309746e-01
1.804688e+00 5.202942e+00 1.271262e-01
1.815430e+00 5.111713e+00 1.234235e-01
1.826172e+00 5.023060e+00 1.198603e-01
1.836914e+00 4.936905e+00 1.164306e-01
1.847656e+00 4.853175e+00 1.131289e-01
1.858398e+00 4.771795e+00 1.099498e-01
1.869141e+00 4.692696e+00 1.068879e-01
1.879883e+00 4.615807e+00 1.039384e-01
1.890625e+00 4.541060e+00 1.010966e-01
1.901367e+00 4.468387e+00 9.835784e-02
1.912109e+00 4.397726e+00 9.571782e-02
1.922852e+00 4.329011e+00 9.317240e-02
1.933594e+00 4.262181e+00 9.071760e-02
1.955078e+00 4.133938e+00 8.606487e-02
1.976562e+00 4.012535e+00 8.173119e-02
1.998047e+00 3.897533e+00 7.769061e-02
2.019531e+00 3.788519e+00 7.391940e-02
2.041016e+00 3.685104e+00 7.039588e-02
2.062500e+00 3.586921e+00 6.710024e-02
2.083984e+00 3.493625e+00 6.401438e-02
2.105469e+00 3.404892e+00 6.112176e-02
2.126953e+00 3.320418e+00 5.840729e-02
2.148438e+00 3.239919e+00 5.585715e-02
2.159180e+00 3.201076e+00 5.463972e-02
2.169922e+00 3.163128e+00 5.345873e-02
2.180664e+00 3.126045e+00 5.231278e-02
2.191406e+00 3.089797e+00 5.120050e-02
2.202148e+00 3.054355e+00 5.012062e-02
2.212891e+00 3.019692e+00 4.907191e-02
2.223633e+00 2.985782e+00 4.805318e-02
2.234375e+00 2.952599e+00 4.706330e-02
2.245117e+00 2.920117e+00 4.610121e-02
2.255859e+00 2.888312e+00 4.516585e-02
2.261230e+00 2.872657e+00 4.470790e-02
2.266602e+00 2.857162e+00 4.425626e-02
2.271973e+00 2.841826e+00 4.381082e-02
2.277344e+00 2.826645e+00 4.337147e-02
2.282715e+00 2.811616e+00 4.293810e-02
2.288086e+00 2.796737e+00 4.251059e-02
2.293457e+00 2.782006e+00 4.208885e-02
2.298828e+00 2.767420e+00 4.167276e-02
2.304199e+00 2.752977e+00 4.126222e-02
2.309570e+00 2.738673e+00 4.085714e-02
2.314941e+00 2.724507e+00 4.045741e-02
2.320312e+00 2.710477e+00 4.006294e-02
2.325684e+00 2.696579e+00 3.967364e-02
2.331055e+00 2.682812e+00 3.928941e-02
2.336426e+00 2.669174e+00 3.891016e-02
2.341797e+00 2.655662e+00 3.853581e-02
2.347168e+00 2.642274e+00 3.816627e-02
2.352539e+00 2.629008e+00 3.780145e-02
2.357910e+00 2.615863e+00 3.744127e-02
2.363281e+00 2.602835e+00 3.708565e-02
2.384766e+00 2.551865e+00 3.570725e-02
2.406250e+00 2.502631e+00 3.439580e-02
2.427734e+00 2.455019e+00 3.314688e-02
2.449219e+00 2.408927e+00 3.195646e-02
2.470703e+00 2.364257e+00 3.082078e-02
2.492188e+00 2.320920e+00 2.973643e-02
2.513672e+00 2.278833e+00 2.870024e-02
2.535156e+00 2.237920e+00 2.770928e-02
2.556641e+00 2.198110e+00 2.676087e-02
2.578125e+00 2.159338e+00 2.585252e-02
2.621094e+00 2.084672e+00 2.414697e-02
2.664062e+00 2.013491e+00 2.257621e-02
2.707031e+00 1.945433e+00 2.112613e-02
2.750000e+00 1.880187e+00 1.978453e-02
2.792969e+00 1.817490e+00 1.854087e-02
2.835938e+00 1.757120e+00 1.738595e-02
2.878906e+00 1.698888e+00 1.631172e-02
2.921875e+00 1.642633e+00 1.531114e-02
2.964844e+00 1.588220e+00 1.437795e-02
3.007812e+00 1.535533e+00 1.350665e-02
3.050781e+00 1.484474e+00 1.269231e-02
3.093750e+00 1.434960e+00 1.193052e-02
3.136719e+00 1.386919e+00 1.121734e-02
3.179688e+00 1.340289e+00 1.054920e-02
3.222656e+00 1.295017e+00 9.922875e-03
3.265625e+00 1.251055e+00 9.335421e-03
3.308594e+00 1.208363e+00 8.784169e-03
3.351562e+00 1.166904e+00 8.266670e-03
3.394531e+00 1.126645e+00 7.780679e-03
3.437500e+00 1.087555e+00 7.324128e-03
3.480469e+00 1.049607e+00 6.895111e-03
3.523438e+00 1.012774e+00 6.491867e-03
3.566406e+00 9.770327e-01 6.112764e-03
3.609375e+00 9.423584e-01 5.756284e-03
3.652344e+00 9.087286e-01 5.421020e-03
3.695312e+00 8.761212e-01 5.105661e-03
3.738281e+00 8.445144e-01 4.808983e-03
3.781250e+00 8.138870e-01 4.529846e-03
3.824219e+00 7.842177e-01 4.267184e-03
3.867188e+00 7.554856e-01 4.019999e-03
3.910156e+00 7.276699e-01 3.787358e-03
3.953125e+00 7.007497e-01 3.568387e-03
3.996094e+00 6.747043e-01 3.362268e-03
4.039062e+00 6.495130e-01 3.168231e-03
4.082031e+00 6.251551e-01 2.985556e-03
4.125000e+00 6.016102e-01 2.813568e-03
4.167969e+00 5.788577e-01 2.651631e-03
4.210938e+00 5.568773e-01 2.499149e-03
4.253906e+00 5.356487e-01 2.355561e-03
4.296875e+00 5.151519e-01 2.220343e-03
4.318359e+00 5.051717e-01 2.155716e-03
4.339844e+00 4.953669e-01 2.092999e-03
4.361328e+00 4.857352e-01 2.032133e-03
4.382812e+00 4.762740e-01 1.973064e-03
4.404297e+00 4.669809e-01 1.915738e-03
4.425781e+00 4.578535e-01 1.860102e-03
4.447266e+00 4.488895e-01 1.806107e-03
4.468750e+00 4.400863e-01 1.753702e-03
4.490234e+00 4.314417e-01 1.702841e-03
4.511719e+00 4.229532e-01 1.653478e-03
4.522461e+00 4.187668e-01 1.629344e-03
4.533203e+00 4.146185e-01 1.605567e-03
4.543945e+00 4.105081e-01 1.582143e-03
4.554688e+00 4.064353e-01 1.559066e-03
4.565430e+00 4.023998e-01 1.536330e-03
4.576172e+00 3.984013e-01 1.513931e-03
4.586914e+00 3.944395e-01 1.491864e-03
4.597656e+00 3.905140e-01 1.470123e-03
4.608398e+00 3.866248e-01 1.448704e-03
4.619141e+00 3.827714e-01 1.427602e-03
4.629883e+00 3.789537e-01 1.406813e-03
4.640625e+00 3.751713e-01 1.386330e-03
4.651367e+00 3.714239e-01 1.366151e-03
4.662109e+00 3.677113e-01 1.346270e-03
4.672852e+00 3.640332e-01 1.326683e-03
4.683594e+00 3.603894e-01 1.307385e-03
4.694336e+00 3.567794e-01 1.288373e-03
4.705078e+00 3.532032e-01 1.269641e-03
4.715820e+00 3.496603e-01 1.251186e-03
4.726562e+00 3.461506e-01 1.233004e-03
4.769531e+00 3.324377e-01 1.162918e-03
4.812500e+00 3.192338e-01 1.096876e-03
4.855469e+00 3.065222e-01 1.034641e-03
4.898438e+00 2.942868e-01 9.759911e-04
4.941406e+00 2.825119e-01 9.207160e-04
4.984375e+00 2.711819e-01 8.686191e-04
5.027344e+00 2.602818e-01 8.195148e-04
5.070312e+00 2.497971e-01 7.732287e-04
5.113281e+00 2.397133e-01 7.295968e-04
5.156250e+00 2.300167e-01 6.884645e-04
5.242188e+00 2.117311e-01 6.131260e-04
5.328125e+00 1.948367e-01 5.461501e-04
5.414062e+00 1.792355e-01 4.865950e-04
5.500000e+00 1.648356e-01 4.336265e-04
5.585938e+00 1.515506e-01 3.865054e-04
5.671875e+00 1.392992e-01 3.445765e-04
5.757812e+00 1.280057e-01 3.072590e-04
5.843750e+00 1.175991e-01 2.740382e-04
5.929688e+00 1.080133e-01 2.444576e-04
6.015625e+00 9.918636e-02 2.181125e-04
6.101562e+00 9.106102e-02 1.946438e-04
6.187500e+00 8.358382e-02 1.737328e-04
6.273438e+00 7.670509e-02 1.550969e-04
6.359375e+00 7.037877e-02 1.384851e-04
6.445312e+00 6.456207e-02 1.236743e-04
6.531250e+00 5.921535e-02 1.104668e-04
6.617188e+00 5.430187e-02 9.868656e-05
6.703125e+00 4.978758e-02 8.817724e-05
6.789062e+00 4.564096e-02 7.879983e-05
6.875000e+00 4.183284e-02 7.043072e-05
7.046875e+00 3.512699e-02 5.629087e-05
7.218750e+00 2.947858e-02 4.501661e-05
7.390625e+00 2.472448e-02 3.602094e-05
7.562500e+00 2.072600e-02 2.883864e-05
7.734375e+00 1.736533e-02 2.310058e-05
7.906250e+00 1.454258e-02 1.851358e-05
8.078125e+00 1.217309e-02 1.484464e-05
8.250000e+00 1.018523e-02 1.190839e-05
8.421875e+00 8.518447e-03 9.557251e-06
8.593750e+00 7.121626e-03 7.673683e-06
8.765625e+00 5.951630e-03 6.163967e-06
8.937500e+00 4.972097e-03 4.953334e-06
9.109375e+00 4.152386e-03 3.982087e-06
9.281250e+00 3.466713e-03 3.202544e-06
9.453125e+00 2.893395e-03 2.576600e-06
9.625000e+00 2.414207e-03 2.073783e-06
9.796875e+00 2.013841e-03 1.669707e-06
9.968750e+00 1.679447e-03 1.344854e-06
1.014062e+01 1.400248e-03 1.083591e-06
1.031250e+01 1.167204e-03 8.733917e-07
1.065625e+01 8.105212e-04 5.679966e-07
1.100000e+01 5.624243e-04 3.698868e-07
1.134375e+01 3.900184e-04 2.411914e-07
1.168750e+01 2.703105e-04 1.574744e-07
1.203125e+01 1.872550e-04 1.029442e-07
1.237500e+01 1.296661e-04 6.737926e-08
1.271875e+01 8.975664e-05 4.415378e-08
1.306250e+01 6.211302e-05 2.896811e-08
1.340625e+01 4.297279e-05 1.902695e-08
1.375000e+01 2.972421e-05 1.251109e-08
1.443750e+01 1.421361e-05 5.426383e-09
1.512500e+01 6.796127e-06 2.364073e-09
1.581250e+01 3.248532e-06 1.033894e-09
1.650000e+01 1.550949e-06 4.533354e-10
1.718750e+01 7.420031e-07 1.998805e-10
1.787500e+01 3.556422e-07 8.857502e-11
1.856250e+01 1.687454e-07 3.897167e-11
1.925000e+01 8.087932e-08 1.736865e-11
1.993750e+01 3.980928e-08 7.969536e-12
2.062500e+01 1.863971e-08 3.486916e-12
2.131250e+01 8.977206e-09 1.572760e-12
2.200000e+01 4.361088e-09 7.170338e-13
2.268750e+01 2.154827e-09 3.331419e-13
2.337500e+01 1.101057e-09 1.603602e-13
2.406250e+01 6.015743e-10 8.267951e-14
2.475000e+01 3.658444e-10 4.752654e-14
2.543750e+01 2.547186e-10 3.132579e-14
2.612500e+01 2.057416e-10 2.398831e-14
2.681250e+01 1.860802e-10 2.059755e-14
2.750000e+01 1.787653e-10 1.881083e-14
3.025000e+01 1.902075e-10 1.654120e-14
3.300000e+01 2.089328e-10 1.526754e-14
3.575000e+01 2.220777e-10 1.382748e-14
3.850000e+01 2.287037e-10 1.227840e-14
4.125000e+01 2.295589e-10 1.073585e-14
4.400000e+01 2.262053e-10 9.297959e-15
4.675000e+01 2.220570e-10 8.085211e-15
4.950000e+01 2.216277e-10 7.197867e-15
5.225000e+01 2.280493e-10 6.647316e-15
5.500000e+01 2.426784e-10 6.384045e-15
6.050000e+01 2.889345e-10 6.281723e-15
6.600000e+01 3.283922e-10 5.999223e-15
7.150000e+01 3.286303e-10 5.115471e-15
7.700000e+01 3.115581e-10 4.181650e-15
8.250000e+01 3.191063e-10 3.730935e-15
8.800000e+01 3.461182e-10 3.556716e-15
9.350000e+01 3.312185e-10 3.014960e-15
9.900000e+01 2.236025e-10 1.815501e-15
1.045000e+02 7.084605e-11 5.162656e-16
1.100000e+02 0.000000e+00 0.000000e+00
