# 
# Output from RAtom program.
# 
# Total radial electron density.
# The first column contains radius $r$ in bohr units.
# The second column holds $\rho(r)$.
# The third column holds $\tilde{\rho}(r) = \rho(r) / (\pi * r * r)$
# 
# Use this file with gnuplot to create the plot.
# 
# R     Rho     RhoTilde
#
0.000000e+00 0.000000e+00 2.664780e+05
7.629395e-05 1.927880e-02 2.635664e+05
1.525879e-04 7.627265e-02 2.606867e+05
2.288818e-04 1.697384e-01 2.578385e+05
3.051758e-04 2.984604e-01 2.550214e+05
3.814697e-04 4.612494e-01 2.522352e+05
4.577637e-04 6.569427e-01 2.494796e+05
5.340576e-04 8.844034e-01 2.467541e+05
6.103516e-04 1.142520e+00 2.440584e+05
6.866455e-04 1.430205e+00 2.413923e+05
7.629395e-04 1.746398e+00 2.387554e+05
8.392334e-04 2.090058e+00 2.361473e+05
9.155273e-04 2.460173e+00 2.335679e+05
9.918213e-04 2.855750e+00 2.310167e+05
1.068115e-03 3.275820e+00 2.284936e+05
1.144409e-03 3.719437e+00 2.259980e+05
1.220703e-03 4.185676e+00 2.235299e+05
1.296997e-03 4.673633e+00 2.210888e+05
1.373291e-03 5.182427e+00 2.186745e+05
1.449585e-03 5.711196e+00 2.162867e+05
1.525879e-03 6.259099e+00 2.139251e+05
1.678467e-03 7.409040e+00 2.092794e+05
1.831055e-03 8.625913e+00 2.047352e+05
1.983643e-03 9.903680e+00 2.002903e+05
2.136230e-03 1.123660e+01 1.959425e+05
2.288818e-03 1.261919e+01 1.916898e+05
2.441406e-03 1.404627e+01 1.875301e+05
2.593994e-03 1.551289e+01 1.834614e+05
2.746582e-03 1.701435e+01 1.794818e+05
2.899170e-03 1.854622e+01 1.755893e+05
3.051758e-03 2.010425e+01 1.717821e+05
3.356934e-03 2.328304e+01 1.644161e+05
3.662109e-03 2.652121e+01 1.573696e+05
3.967285e-03 2.979239e+01 1.506290e+05
4.272461e-03 3.307307e+01 1.441812e+05
4.577637e-03 3.634247e+01 1.380136e+05
4.882812e-03 3.958220e+01 1.321143e+05
5.187988e-03 4.277617e+01 1.264719e+05
5.493164e-03 4.591035e+01 1.210753e+05
5.798340e-03 4.897259e+01 1.159140e+05
6.103516e-03 5.195251e+01 1.109779e+05
6.256104e-03 5.340879e+01 1.085913e+05
6.408691e-03 5.484130e+01 1.062574e+05
6.561279e-03 5.624917e+01 1.039751e+05
6.713867e-03 5.763160e+01 1.017432e+05
6.866455e-03 5.898789e+01 9.956067e+04
7.019043e-03 6.031738e+01 9.742643e+04
7.171631e-03 6.161952e+01 9.533944e+04
7.324219e-03 6.289380e+01 9.329866e+04
7.476807e-03 6.413980e+01 9.130308e+04
7.629395e-03 6.535713e+01 8.935173e+04
7.781982e-03 6.654548e+01 8.744364e+04
7.934570e-03 6.770460e+01 8.557787e+04
8.087158e-03 6.883427e+01 8.375351e+04
8.239746e-03 6.993435e+01 8.196964e+04
8.392334e-03 7.100472e+01 8.022539e+04
8.544922e-03 7.204532e+01 7.851990e+04
8.697510e-03 7.305613e+01 7.685232e+04
8.850098e-03 7.403717e+01 7.522182e+04
9.002686e-03 7.498850e+01 7.362760e+04
9.155273e-03 7.591020e+01 7.206886e+04
9.460449e-03 7.766529e+01 6.905475e+04
9.765625e-03 7.930382e+01 6.617351e+04
1.007080e-02 8.082763e+01 6.341938e+04
1.037598e-02 8.223895e+01 6.078686e+04
1.068115e-02 8.354036e+01 5.827070e+04
1.098633e-02 8.473473e+01 5.586586e+04
1.129150e-02 8.582519e+01 5.356749e+04
1.159668e-02 8.681507e+01 5.137099e+04
1.190186e-02 8.770791e+01 4.927193e+04
1.220703e-02 8.850736e+01 4.726606e+04
1.251221e-02 8.921723e+01 4.534934e+04
1.281738e-02 8.984137e+01 4.351789e+04
1.312256e-02 9.038374e+01 4.176797e+04
1.342773e-02 9.084831e+01 4.009604e+04
1.373291e-02 9.123909e+01 3.849869e+04
1.403809e-02 9.156008e+01 3.697265e+04
1.434326e-02 9.181529e+01 3.551479e+04
1.464844e-02 9.200868e+01 3.412215e+04
1.495361e-02 9.214417e+01 3.279183e+04
1.525879e-02 9.222564e+01 3.152112e+04
1.556396e-02 9.225690e+01 3.030739e+04
1.586914e-02 9.224169e+01 2.914812e+04
1.617432e-02 9.218366e+01 2.804092e+04
1.647949e-02 9.208638e+01 2.698348e+04
1.678467e-02 9.195334e+01 2.597360e+04
1.708984e-02 9.178791e+01 2.500918e+04
1.739502e-02 9.159336e+01 2.408820e+04
1.770020e-02 9.137287e+01 2.320872e+04
1.800537e-02 9.112949e+01 2.236892e+04
1.831055e-02 9.086618e+01 2.156700e+04
1.892090e-02 9.029100e+01 2.007017e+04
1.953125e-02 8.966865e+01 1.870556e+04
2.014160e-02 8.901863e+01 1.746156e+04
2.075195e-02 8.835862e+01 1.632755e+04
2.136230e-02 8.770451e+01 1.529382e+04
2.197266e-02 8.707047e+01 1.435145e+04
2.258301e-02 8.646898e+01 1.349233e+04
2.319336e-02 8.591092e+01 1.270899e+04
2.380371e-02 8.540566e+01 1.199465e+04
2.441406e-02 8.496112e+01 1.134306e+04
2.471924e-02 8.476373e+01 1.103901e+04
2.502441e-02 8.458388e+01 1.074855e+04
2.532959e-02 8.442220e+01 1.047106e+04
2.563477e-02 8.427924e+01 1.020592e+04
2.593994e-02 8.415548e+01 9.952555e+03
2.624512e-02 8.405134e+01 9.710414e+03
2.655029e-02 8.396717e+01 9.478967e+03
2.685547e-02 8.390325e+01 9.257707e+03
2.716064e-02 8.385981e+01 9.046151e+03
2.746582e-02 8.383702e+01 8.843838e+03
2.777100e-02 8.383499e+01 8.650327e+03
2.807617e-02 8.385380e+01 8.465198e+03
2.838135e-02 8.389346e+01 8.288047e+03
2.868652e-02 8.395393e+01 8.118491e+03
2.899170e-02 8.403514e+01 7.956164e+03
2.929688e-02 8.413698e+01 7.800716e+03
2.960205e-02 8.425929e+01 7.651812e+03
2.990723e-02 8.440187e+01 7.509135e+03
3.021240e-02 8.456450e+01 7.372380e+03
3.051758e-02 8.474692e+01 7.241256e+03
3.067017e-02 8.484546e+01 7.177719e+03
3.082275e-02 8.494883e+01 7.115488e+03
3.097534e-02 8.505700e+01 7.054528e+03
3.112793e-02 8.516992e+01 6.994809e+03
3.128052e-02 8.528754e+01 6.936300e+03
3.143311e-02 8.540983e+01 6.878970e+03
3.158569e-02 8.553673e+01 6.822789e+03
3.173828e-02 8.566820e+01 6.767729e+03
3.189087e-02 8.580418e+01 6.713761e+03
3.204346e-02 8.594463e+01 6.660858e+03
3.219604e-02 8.608949e+01 6.608992e+03
3.234863e-02 8.623870e+01 6.558137e+03
3.250122e-02 8.639222e+01 6.508268e+03
3.265381e-02 8.654998e+01 6.459359e+03
3.280640e-02 8.671194e+01 6.411386e+03
3.295898e-02 8.687802e+01 6.364326e+03
3.311157e-02 8.704817e+01 6.318153e+03
3.326416e-02 8.722233e+01 6.272847e+03
3.341675e-02 8.740045e+01 6.228384e+03
3.356934e-02 8.758245e+01 6.184744e+03
3.387451e-02 8.795786e+01 6.099844e+03
3.417969e-02 8.834806e+01 6.017983e+03
3.448486e-02 8.875253e+01 5.939007e+03
3.479004e-02 8.917074e+01 5.862768e+03
3.509521e-02 8.960215e+01 5.789123e+03
3.540039e-02 9.004622e+01 5.717939e+03
3.570557e-02 9.050239e+01 5.649088e+03
3.601074e-02 9.097012e+01 5.582449e+03
3.631592e-02 9.144884e+01 5.517906e+03
3.662109e-02 9.193799e+01 5.455349e+03
3.723145e-02 9.294534e+01 5.335781e+03
3.784180e-02 9.398768e+01 5.222971e+03
3.845215e-02 9.506053e+01 5.116219e+03
3.906250e-02 9.615944e+01 5.014897e+03
3.967285e-02 9.728004e+01 4.918436e+03
4.028320e-02 9.841805e+01 4.826329e+03
4.089355e-02 9.956926e+01 4.738116e+03
4.150391e-02 1.007296e+02 4.653389e+03
4.211426e-02 1.018951e+02 4.571779e+03
4.272461e-02 1.030620e+02 4.492960e+03
4.333496e-02 1.042266e+02 4.416640e+03
4.394531e-02 1.053854e+02 4.342557e+03
4.455566e-02 1.065351e+02 4.270482e+03
4.516602e-02 1.076724e+02 4.200209e+03
4.577637e-02 1.087944e+02 4.131558e+03
4.638672e-02 1.098982e+02 4.064371e+03
4.699707e-02 1.109811e+02 3.998506e+03
4.760742e-02 1.120408e+02 3.933843e+03
4.821777e-02 1.130748e+02 3.870275e+03
4.882812e-02 1.140811e+02 3.807709e+03
4.943848e-02 1.150576e+02 3.746066e+03
5.004883e-02 1.160027e+02 3.685278e+03
5.065918e-02 1.169145e+02 3.625286e+03
5.126953e-02 1.177918e+02 3.566042e+03
5.187988e-02 1.186331e+02 3.507504e+03
5.249023e-02 1.194374e+02 3.449639e+03
5.310059e-02 1.202037e+02 3.392418e+03
5.371094e-02 1.209311e+02 3.335820e+03
5.432129e-02 1.216188e+02 3.279827e+03
5.493164e-02 1.222665e+02 3.224425e+03
5.523682e-02 1.225751e+02 3.196944e+03
5.554199e-02 1.228735e+02 3.169607e+03
5.584717e-02 1.231617e+02 3.142414e+03
5.615234e-02 1.234396e+02 3.115365e+03
5.645752e-02 1.237073e+02 3.088458e+03
5.676270e-02 1.239646e+02 3.061695e+03
5.706787e-02 1.242117e+02 3.035075e+03
5.737305e-02 1.244485e+02 3.008597e+03
5.767822e-02 1.246750e+02 2.982263e+03
5.798340e-02 1.248913e+02 2.956071e+03
5.828857e-02 1.250973e+02 2.930024e+03
5.859375e-02 1.252931e+02 2.904120e+03
5.889893e-02 1.254787e+02 2.878361e+03
5.920410e-02 1.256541e+02 2.852747e+03
5.950928e-02 1.258195e+02 2.827279e+03
5.981445e-02 1.259748e+02 2.801957e+03
6.011963e-02 1.261201e+02 2.776782e+03
6.042480e-02 1.262555e+02 2.751755e+03
6.072998e-02 1.263810e+02 2.726877e+03
6.103516e-02 1.264967e+02 2.702148e+03
6.134033e-02 1.266027e+02 2.677570e+03
6.164551e-02 1.266990e+02 2.653142e+03
6.195068e-02 1.267858e+02 2.628867e+03
6.225586e-02 1.268631e+02 2.604745e+03
6.256104e-02 1.269311e+02 2.580776e+03
6.286621e-02 1.269898e+02 2.556962e+03
6.317139e-02 1.270392e+02 2.533303e+03
6.347656e-02 1.270797e+02 2.509801e+03
6.378174e-02 1.271111e+02 2.486457e+03
6.408691e-02 1.271337e+02 2.463270e+03
6.423950e-02 1.271417e+02 2.451736e+03
6.439209e-02 1.271475e+02 2.440242e+03
6.454468e-02 1.271512e+02 2.428788e+03
6.469727e-02 1.271527e+02 2.417374e+03
6.484985e-02 1.271521e+02 2.406000e+03
6.500244e-02 1.271494e+02 2.394667e+03
6.515503e-02 1.271446e+02 2.383373e+03
6.530762e-02 1.271377e+02 2.372120e+03
6.546021e-02 1.271287e+02 2.360908e+03
6.561279e-02 1.271177e+02 2.349736e+03
6.576538e-02 1.271047e+02 2.338605e+03
6.591797e-02 1.270896e+02 2.327515e+03
6.607056e-02 1.270725e+02 2.316466e+03
6.622314e-02 1.270535e+02 2.305457e+03
6.637573e-02 1.270325e+02 2.294490e+03
6.652832e-02 1.270095e+02 2.283564e+03
6.668091e-02 1.269846e+02 2.272679e+03
6.683350e-02 1.269577e+02 2.261835e+03
6.698608e-02 1.269290e+02 2.251033e+03
6.713867e-02 1.268984e+02 2.240272e+03
6.774902e-02 1.267574e+02 2.197644e+03
6.835938e-02 1.265876e+02 2.155685e+03
6.896973e-02 1.263902e+02 2.114397e+03
6.958008e-02 1.261663e+02 2.073785e+03
7.019043e-02 1.259171e+02 2.033851e+03
7.080078e-02 1.256438e+02 1.994597e+03
7.141113e-02 1.253475e+02 1.956023e+03
7.202148e-02 1.250295e+02 1.918132e+03
7.263184e-02 1.246909e+02 1.880923e+03
7.324219e-02 1.243330e+02 1.844396e+03
7.385254e-02 1.239570e+02 1.808549e+03
7.446289e-02 1.235640e+02 1.773382e+03
7.507324e-02 1.231553e+02 1.738893e+03
7.568359e-02 1.227320e+02 1.705078e+03
7.629395e-02 1.222952e+02 1.671935e+03
7.690430e-02 1.218462e+02 1.639461e+03
7.751465e-02 1.213861e+02 1.607651e+03
7.812500e-02 1.209161e+02 1.576500e+03
7.873535e-02 1.204371e+02 1.546005e+03
7.934570e-02 1.199503e+02 1.516159e+03
7.995605e-02 1.194568e+02 1.486957e+03
8.056641e-02 1.189576e+02 1.458393e+03
8.117676e-02 1.184538e+02 1.430460e+03
8.178711e-02 1.179462e+02 1.403151e+03
8.239746e-02 1.174360e+02 1.376461e+03
8.300781e-02 1.169241e+02 1.350380e+03
8.361816e-02 1.164113e+02 1.324902e+03
8.422852e-02 1.158985e+02 1.300019e+03
8.483887e-02 1.153867e+02 1.275722e+03
8.544922e-02 1.148766e+02 1.252004e+03
8.666992e-02 1.138650e+02 1.206268e+03
8.789062e-02 1.128697e+02 1.162740e+03
8.911133e-02 1.118965e+02 1.121349e+03
9.033203e-02 1.109503e+02 1.082020e+03
9.155273e-02 1.100361e+02 1.044678e+03
9.277344e-02 1.091579e+02 1.009248e+03
9.399414e-02 1.083195e+02 9.756524e+02
9.521484e-02 1.075242e+02 9.438154e+02
9.643555e-02 1.067749e+02 9.136611e+02
9.765625e-02 1.060741e+02 8.851140e+02
9.826660e-02 1.057424e+02 8.714199e+02
9.887695e-02 1.054236e+02 8.580998e+02
9.948730e-02 1.051178e+02 8.451446e+02
1.000977e-01 1.048252e+02 8.325452e+02
1.007080e-01 1.045458e+02 8.202928e+02
1.013184e-01 1.042800e+02 8.083784e+02
1.019287e-01 1.040276e+02 7.967934e+02
1.025391e-01 1.037889e+02 7.855291e+02
1.031494e-01 1.035638e+02 7.745769e+02
1.037598e-01 1.033524e+02 7.639286e+02
1.043701e-01 1.031547e+02 7.535757e+02
1.049805e-01 1.029707e+02 7.435102e+02
1.055908e-01 1.028004e+02 7.337240e+02
1.062012e-01 1.026437e+02 7.242091e+02
1.068115e-01 1.025006e+02 7.149579e+02
1.074219e-01 1.023710e+02 7.059627e+02
1.080322e-01 1.022548e+02 6.972158e+02
1.086426e-01 1.021519e+02 6.887101e+02
1.092529e-01 1.020622e+02 6.804382e+02
1.098633e-01 1.019854e+02 6.723930e+02
1.104736e-01 1.019216e+02 6.645676e+02
1.110840e-01 1.018705e+02 6.569551e+02
1.116943e-01 1.018319e+02 6.495488e+02
1.123047e-01 1.018057e+02 6.423422e+02
1.129150e-01 1.017916e+02 6.353290e+02
1.135254e-01 1.017895e+02 6.285027e+02
1.141357e-01 1.017991e+02 6.218574e+02
1.147461e-01 1.018202e+02 6.153869e+02
1.153564e-01 1.018525e+02 6.090856e+02
1.159668e-01 1.018959e+02 6.029475e+02
1.165771e-01 1.019500e+02 5.969672e+02
1.171875e-01 1.020146e+02 5.911392e+02
1.177979e-01 1.020894e+02 5.854583e+02
1.184082e-01 1.021741e+02 5.799192e+02
1.190186e-01 1.022685e+02 5.745169e+02
1.196289e-01 1.023723e+02 5.692464e+02
1.202393e-01 1.024851e+02 5.641031e+02
1.208496e-01 1.026068e+02 5.590822e+02
1.214600e-01 1.027369e+02 5.541793e+02
1.220703e-01 1.028752e+02 5.493899e+02
1.226807e-01 1.030213e+02 5.447097e+02
1.232910e-01 1.031751e+02 5.401346e+02
1.239014e-01 1.033360e+02 5.356606e+02
1.245117e-01 1.035039e+02 5.312837e+02
1.251221e-01 1.036784e+02 5.270001e+02
1.257324e-01 1.038592e+02 5.228061e+02
1.263428e-01 1.040460e+02 5.186982e+02
1.269531e-01 1.042384e+02 5.146728e+02
1.275635e-01 1.044362e+02 5.107267e+02
1.281738e-01 1.046390e+02 5.068565e+02
1.283264e-01 1.046905e+02 5.059005e+02
1.284790e-01 1.047422e+02 5.049489e+02
1.286316e-01 1.047942e+02 5.040018e+02
1.287842e-01 1.048465e+02 5.030592e+02
1.289368e-01 1.048991e+02 5.021208e+02
1.290894e-01 1.049519e+02 5.011868e+02
1.292419e-01 1.050050e+02 5.002571e+02
1.293945e-01 1.050584e+02 4.993315e+02
1.295471e-01 1.051120e+02 4.984102e+02
1.296997e-01 1.051659e+02 4.974930e+02
1.297379e-01 1.051794e+02 4.972643e+02
1.297760e-01 1.051929e+02 4.970359e+02
1.298141e-01 1.052064e+02 4.968077e+02
1.298523e-01 1.052200e+02 4.965798e+02
1.298904e-01 1.052335e+02 4.963522e+02
1.299286e-01 1.052471e+02 4.961248e+02
1.299667e-01 1.052607e+02 4.958976e+02
1.300049e-01 1.052743e+02 4.956707e+02
1.300430e-01 1.052880e+02 4.954441e+02
1.300812e-01 1.053016e+02 4.952177e+02
1.301193e-01 1.053152e+02 4.949915e+02
1.301575e-01 1.053289e+02 4.947656e+02
1.301956e-01 1.053426e+02 4.945400e+02
1.302338e-01 1.053563e+02 4.943146e+02
1.302719e-01 1.053700e+02 4.940894e+02
1.303101e-01 1.053837e+02 4.938645e+02
1.303482e-01 1.053975e+02 4.936398e+02
1.303864e-01 1.054112e+02 4.934154e+02
1.304245e-01 1.054250e+02 4.931912e+02
1.304626e-01 1.054388e+02 4.929673e+02
1.305389e-01 1.054664e+02 4.925202e+02
1.306152e-01 1.054940e+02 4.920740e+02
1.306915e-01 1.055218e+02 4.916287e+02
1.307678e-01 1.055495e+02 4.911845e+02
1.308441e-01 1.055773e+02 4.907411e+02
1.309204e-01 1.056052e+02 4.902987e+02
1.309967e-01 1.056331e+02 4.898573e+02
1.310730e-01 1.056611e+02 4.894168e+02
1.311493e-01 1.056891e+02 4.889772e+02
1.312256e-01 1.057172e+02 4.885385e+02
1.315308e-01 1.058300e+02 4.867929e+02
1.318359e-01 1.059435e+02 4.850616e+02
1.321411e-01 1.060577e+02 4.833443e+02
1.324463e-01 1.061726e+02 4.816407e+02
1.327515e-01 1.062882e+02 4.799505e+02
1.330566e-01 1.064043e+02 4.782734e+02
1.333618e-01 1.065210e+02 4.766090e+02
1.336670e-01 1.066382e+02 4.749572e+02
1.339722e-01 1.067558e+02 4.733176e+02
1.342773e-01 1.068740e+02 4.716899e+02
1.354980e-01 1.073501e+02 4.652930e+02
1.367188e-01 1.078304e+02 4.590661e+02
1.379395e-01 1.083126e+02 4.529936e+02
1.391602e-01 1.087944e+02 4.470611e+02
1.403809e-01 1.092738e+02 4.412556e+02
1.416016e-01 1.097486e+02 4.355649e+02
1.428223e-01 1.102168e+02 4.299780e+02
1.440430e-01 1.106766e+02 4.244846e+02
1.452637e-01 1.111261e+02 4.190756e+02
1.464844e-01 1.115636e+02 4.137425e+02
1.477051e-01 1.119874e+02 4.084778e+02
1.489258e-01 1.123959e+02 4.032747e+02
1.501465e-01 1.127877e+02 3.981270e+02
1.513672e-01 1.131614e+02 3.930292e+02
1.525879e-01 1.135156e+02 3.879765e+02
1.538086e-01 1.138492e+02 3.829647e+02
1.550293e-01 1.141610e+02 3.779899e+02
1.562500e-01 1.144500e+02 3.730490e+02
1.574707e-01 1.147153e+02 3.681390e+02
1.586914e-01 1.149560e+02 3.632577e+02
1.593018e-01 1.150669e+02 3.608272e+02
1.599121e-01 1.151713e+02 3.584031e+02
1.605225e-01 1.152693e+02 3.559853e+02
1.611328e-01 1.153606e+02 3.535735e+02
1.617432e-01 1.154453e+02 3.511677e+02
1.623535e-01 1.155233e+02 3.487677e+02
1.629639e-01 1.155945e+02 3.463734e+02
1.635742e-01 1.156588e+02 3.439847e+02
1.641846e-01 1.157162e+02 3.416015e+02
1.647949e-01 1.157667e+02 3.392238e+02
1.654053e-01 1.158102e+02 3.368514e+02
1.660156e-01 1.158467e+02 3.344844e+02
1.666260e-01 1.158761e+02 3.321227e+02
1.672363e-01 1.158984e+02 3.297664e+02
1.678467e-01 1.159136e+02 3.274154e+02
1.684570e-01 1.159217e+02 3.250698e+02
1.690674e-01 1.159226e+02 3.227295e+02
1.696777e-01 1.159164e+02 3.203946e+02
1.702881e-01 1.159030e+02 3.180652e+02
1.708984e-01 1.158824e+02 3.157413e+02
1.721191e-01 1.158197e+02 3.111102e+02
1.733398e-01 1.157284e+02 3.065020e+02
1.745605e-01 1.156086e+02 3.019174e+02
1.757812e-01 1.154605e+02 2.973571e+02
1.770020e-01 1.152842e+02 2.928220e+02
1.782227e-01 1.150801e+02 2.883132e+02
1.794434e-01 1.148485e+02 2.838315e+02
1.806641e-01 1.145898e+02 2.793782e+02
1.818848e-01 1.143043e+02 2.749541e+02
1.831055e-01 1.139927e+02 2.705605e+02
1.843262e-01 1.136553e+02 2.661986e+02
1.855469e-01 1.132927e+02 2.618693e+02
1.867676e-01 1.129054e+02 2.575740e+02
1.879883e-01 1.124942e+02 2.533137e+02
1.892090e-01 1.120596e+02 2.490896e+02
1.904297e-01 1.116022e+02 2.449028e+02
1.916504e-01 1.111229e+02 2.407543e+02
1.928711e-01 1.106222e+02 2.366454e+02
1.940918e-01 1.101009e+02 2.325770e+02
1.953125e-01 1.095598e+02 2.285501e+02
1.977539e-01 1.084212e+02 2.206247e+02
2.001953e-01 1.072125e+02 2.128766e+02
2.026367e-01 1.059403e+02 2.053124e+02
2.050781e-01 1.046111e+02 1.979380e+02
2.075195e-01 1.032315e+02 1.907587e+02
2.099609e-01 1.018080e+02 1.837787e+02
2.124023e-01 1.003474e+02 1.770017e+02
2.148438e-01 9.885591e+01 1.704305e+02
2.172852e-01 9.734004e+01 1.640671e+02
2.197266e-01 9.580595e+01 1.579129e+02
2.221680e-01 9.425967e+01 1.519684e+02
2.246094e-01 9.270702e+01 1.462335e+02
2.270508e-01 9.115360e+01 1.407077e+02
2.294922e-01 8.960474e+01 1.353896e+02
2.319336e-01 8.806554e+01 1.302773e+02
2.343750e-01 8.654081e+01 1.253685e+02
2.368164e-01 8.503507e+01 1.206604e+02
2.392578e-01 8.355257e+01 1.161496e+02
2.416992e-01 8.209726e+01 1.118326e+02
2.441406e-01 8.067277e+01 1.077053e+02
2.453613e-01 7.997315e+01 1.057115e+02
2.465820e-01 7.928247e+01 1.037635e+02
2.478027e-01 7.860110e+01 1.018607e+02
2.490234e-01 7.792940e+01 1.000025e+02
2.502441e-01 7.726770e+01 9.818842e+01
2.514648e-01 7.661632e+01 9.641772e+01
2.526855e-01 7.597556e+01 9.468981e+01
2.539062e-01 7.534570e+01 9.300404e+01
2.551270e-01 7.472701e+01 9.135979e+01
2.563477e-01 7.411974e+01 8.975638e+01
2.566528e-01 7.396973e+01 8.936183e+01
2.569580e-01 7.382046e+01 8.896979e+01
2.572632e-01 7.367191e+01 8.858023e+01
2.575684e-01 7.352411e+01 8.819316e+01
2.578735e-01 7.337705e+01 8.780856e+01
2.581787e-01 7.323073e+01 8.742641e+01
2.584839e-01 7.308516e+01 8.704672e+01
2.587891e-01 7.294034e+01 8.666946e+01
2.590942e-01 7.279628e+01 8.629464e+01
2.593994e-01 7.265297e+01 8.592223e+01
2.595520e-01 7.258160e+01 8.573692e+01
2.597046e-01 7.251042e+01 8.555222e+01
2.598572e-01 7.243943e+01 8.536812e+01
2.600098e-01 7.236863e+01 8.518462e+01
2.601624e-01 7.229802e+01 8.500171e+01
2.603149e-01 7.222761e+01 8.481940e+01
2.604675e-01 7.215739e+01 8.463768e+01
2.606201e-01 7.208736e+01 8.445655e+01
2.607727e-01 7.201752e+01 8.427602e+01
2.609253e-01 7.194787e+01 8.409608e+01
2.610779e-01 7.187842e+01 8.391672e+01
2.612305e-01 7.180916e+01 8.373795e+01
2.613831e-01 7.174010e+01 8.355977e+01
2.615356e-01 7.167123e+01 8.338217e+01
2.616882e-01 7.160255e+01 8.320515e+01
2.618408e-01 7.153407e+01 8.302872e+01
2.619934e-01 7.146578e+01 8.285287e+01
2.621460e-01 7.139769e+01 8.267760e+01
2.622986e-01 7.132979e+01 8.250290e+01
2.624512e-01 7.126209e+01 8.232878e+01
2.630615e-01 7.099326e+01 8.163804e+01
2.636719e-01 7.072758e+01 8.095642e+01
2.642822e-01 7.046507e+01 8.028383e+01
2.648926e-01 7.020575e+01 7.962019e+01
2.655029e-01 6.994963e+01 7.896541e+01
2.661133e-01 6.969672e+01 7.831941e+01
2.667236e-01 6.944704e+01 7.768209e+01
2.673340e-01 6.920060e+01 7.705338e+01
2.679443e-01 6.895741e+01 7.643318e+01
2.685547e-01 6.871748e+01 7.582142e+01
2.697754e-01 6.824743e+01 7.462284e+01
2.709961e-01 6.779051e+01 7.345697e+01
2.722168e-01 6.734678e+01 7.232312e+01
2.734375e-01 6.691626e+01 7.122061e+01
2.746582e-01 6.649899e+01 7.014876e+01
2.758789e-01 6.609496e+01 6.910691e+01
2.770996e-01 6.570417e+01 6.809438e+01
2.783203e-01 6.532663e+01 6.711051e+01
2.795410e-01 6.496228e+01 6.615464e+01
2.807617e-01 6.461111e+01 6.522612e+01
2.819824e-01 6.427307e+01 6.432430e+01
2.832031e-01 6.394809e+01 6.344854e+01
2.844238e-01 6.363611e+01 6.259820e+01
2.856445e-01 6.333706e+01 6.177265e+01
2.868652e-01 6.305085e+01 6.097127e+01
2.880859e-01 6.277738e+01 6.019345e+01
2.893066e-01 6.251655e+01 5.943857e+01
2.905273e-01 6.226826e+01 5.870605e+01
2.917480e-01 6.203238e+01 5.799528e+01
2.929688e-01 6.180878e+01 5.730569e+01
2.941895e-01 6.159734e+01 5.663669e+01
2.954102e-01 6.139791e+01 5.598773e+01
2.966309e-01 6.121035e+01 5.535824e+01
2.978516e-01 6.103450e+01 5.474768e+01
2.990723e-01 6.087020e+01 5.415550e+01
3.002930e-01 6.071730e+01 5.358118e+01
3.015137e-01 6.057562e+01 5.302418e+01
3.027344e-01 6.044499e+01 5.248400e+01
3.039551e-01 6.032522e+01 5.196014e+01
3.051758e-01 6.021615e+01 5.145208e+01
3.063965e-01 6.011757e+01 5.095936e+01
3.076172e-01 6.002930e+01 5.048150e+01
3.088379e-01 5.995115e+01 5.001802e+01
3.100586e-01 5.988291e+01 4.956847e+01
3.112793e-01 5.982439e+01 4.913240e+01
3.125000e-01 5.977538e+01 4.870936e+01
3.137207e-01 5.973568e+01 4.829894e+01
3.149414e-01 5.970508e+01 4.790070e+01
3.161621e-01 5.968337e+01 4.751425e+01
3.173828e-01 5.967034e+01 4.713916e+01
3.186035e-01 5.966577e+01 4.677505e+01
3.198242e-01 5.966946e+01 4.642154e+01
3.210449e-01 5.968118e+01 4.607824e+01
3.222656e-01 5.970072e+01 4.574480e+01
3.234863e-01 5.972786e+01 4.542085e+01
3.247070e-01 5.976239e+01 4.510604e+01
3.259277e-01 5.980409e+01 4.480004e+01
3.271484e-01 5.985273e+01 4.450250e+01
3.283691e-01 5.990811e+01 4.421311e+01
3.295898e-01 5.997000e+01 4.393155e+01
3.308105e-01 6.003819e+01 4.365752e+01
3.320312e-01 6.011246e+01 4.339070e+01
3.332520e-01 6.019259e+01 4.313082e+01
3.344727e-01 6.027837e+01 4.287759e+01
3.356934e-01 6.036959e+01 4.263074e+01
3.369141e-01 6.046603e+01 4.238999e+01
3.381348e-01 6.056747e+01 4.215508e+01
3.393555e-01 6.067372e+01 4.192577e+01
3.405762e-01 6.078456e+01 4.170181e+01
3.417969e-01 6.089979e+01 4.148296e+01
3.466797e-01 6.140043e+01 4.065414e+01
3.515625e-01 6.195511e+01 3.988983e+01
3.564453e-01 6.255155e+01 3.917801e+01
3.613281e-01 6.317808e+01 3.850818e+01
3.662109e-01 6.382373e+01 3.787126e+01
3.710938e-01 6.447828e+01 3.725944e+01
3.759766e-01 6.513225e+01 3.666610e+01
3.808594e-01 6.577696e+01 3.608566e+01
3.857422e-01 6.640448e+01 3.551348e+01
3.906250e-01 6.700771e+01 3.494579e+01
3.930664e-01 6.729820e+01 3.466265e+01
3.955078e-01 6.758029e+01 3.437954e+01
3.979492e-01 6.785329e+01 3.409618e+01
4.003906e-01 6.811659e+01 3.381234e+01
4.028320e-01 6.836960e+01 3.352781e+01
4.052734e-01 6.861176e+01 3.324241e+01
4.077148e-01 6.884259e+01 3.295599e+01
4.101562e-01 6.906162e+01 3.266843e+01
4.125977e-01 6.926844e+01 3.237964e+01
4.150391e-01 6.946267e+01 3.208955e+01
4.174805e-01 6.964396e+01 3.179811e+01
4.199219e-01 6.981201e+01 3.150528e+01
4.223633e-01 6.996656e+01 3.121105e+01
4.248047e-01 7.010738e+01 3.091543e+01
4.272461e-01 7.023426e+01 3.061843e+01
4.296875e-01 7.034704e+01 3.032009e+01
4.321289e-01 7.044558e+01 3.002046e+01
4.345703e-01 7.052979e+01 2.971957e+01
4.370117e-01 7.059957e+01 2.941752e+01
4.394531e-01 7.065488e+01 2.911436e+01
4.418945e-01 7.069571e+01 2.881018e+01
4.443359e-01 7.072204e+01 2.850506e+01
4.467773e-01 7.073391e+01 2.819912e+01
4.492188e-01 7.073136e+01 2.789243e+01
4.516602e-01 7.071446e+01 2.758512e+01
4.541016e-01 7.068331e+01 2.727728e+01
4.565430e-01 7.063801e+01 2.696903e+01
4.589844e-01 7.057869e+01 2.666048e+01
4.614258e-01 7.050549e+01 2.635174e+01
4.638672e-01 7.041857e+01 2.604294e+01
4.663086e-01 7.031811e+01 2.573419e+01
4.687500e-01 7.020430e+01 2.542560e+01
4.711914e-01 7.007734e+01 2.511730e+01
4.736328e-01 6.993744e+01 2.480940e+01
4.760742e-01 6.978482e+01 2.450201e+01
4.785156e-01 6.961973e+01 2.419526e+01
4.809570e-01 6.944241e+01 2.388924e+01
4.833984e-01 6.925311e+01 2.358408e+01
4.858398e-01 6.905208e+01 2.327988e+01
4.882812e-01 6.883961e+01 2.297674e+01
4.907227e-01 6.861596e+01 2.267478e+01
4.931641e-01 6.838141e+01 2.237409e+01
4.956055e-01 6.813625e+01 2.207477e+01
4.980469e-01 6.788076e+01 2.177692e+01
5.004883e-01 6.761524e+01 2.148062e+01
5.029297e-01 6.733998e+01 2.118598e+01
5.053711e-01 6.705529e+01 2.089307e+01
5.078125e-01 6.676145e+01 2.060199e+01
5.102539e-01 6.645878e+01 2.031280e+01
5.126953e-01 6.614757e+01 2.002559e+01
5.133057e-01 6.606847e+01 1.995411e+01
5.139160e-01 6.598886e+01 1.988275e+01
5.145264e-01 6.590875e+01 1.981153e+01
5.151367e-01 6.582813e+01 1.974043e+01
5.157471e-01 6.574702e+01 1.966947e+01
5.163574e-01 6.566542e+01 1.959864e+01
5.169678e-01 6.558334e+01 1.952795e+01
5.175781e-01 6.550077e+01 1.945740e+01
5.181885e-01 6.541772e+01 1.938698e+01
5.187988e-01 6.533421e+01 1.931669e+01
5.194092e-01 6.525022e+01 1.924655e+01
5.200195e-01 6.516578e+01 1.917655e+01
5.206299e-01 6.508087e+01 1.910668e+01
5.212402e-01 6.499552e+01 1.903696e+01
5.218506e-01 6.490971e+01 1.896738e+01
5.224609e-01 6.482346e+01 1.889795e+01
5.230713e-01 6.473677e+01 1.882866e+01
5.236816e-01 6.464965e+01 1.875951e+01
5.242920e-01 6.456209e+01 1.869052e+01
5.249023e-01 6.447411e+01 1.862166e+01
5.261230e-01 6.429690e+01 1.848441e+01
5.273438e-01 6.411803e+01 1.834775e+01
5.285645e-01 6.393757e+01 1.821169e+01
5.297852e-01 6.375552e+01 1.807625e+01
5.310059e-01 6.357195e+01 1.794143e+01
5.322266e-01 6.338688e+01 1.780723e+01
5.334473e-01 6.320034e+01 1.767366e+01
5.346680e-01 6.301238e+01 1.754073e+01
5.358887e-01 6.282303e+01 1.740844e+01
5.371094e-01 6.263233e+01 1.727680e+01
5.419922e-01 6.185669e+01 1.675679e+01
5.468750e-01 6.106220e+01 1.624750e+01
5.517578e-01 6.025106e+01 1.574918e+01
5.566406e-01 5.942538e+01 1.526203e+01
5.615234e-01 5.858721e+01 1.478622e+01
5.664062e-01 5.773853e+01 1.432187e+01
5.712891e-01 5.688124e+01 1.386907e+01
5.761719e-01 5.601716e+01 1.342787e+01
5.810547e-01 5.514803e+01 1.299829e+01
5.859375e-01 5.427549e+01 1.258031e+01
5.908203e-01 5.340114e+01 1.217390e+01
5.957031e-01 5.252645e+01 1.177900e+01
6.005859e-01 5.165284e+01 1.139552e+01
6.054688e-01 5.078162e+01 1.102334e+01
6.103516e-01 4.991404e+01 1.066235e+01
6.152344e-01 4.905127e+01 1.031239e+01
6.201172e-01 4.819438e+01 9.973302e+00
6.250000e-01 4.734439e+01 9.644919e+00
6.298828e-01 4.650222e+01 9.327050e+00
6.347656e-01 4.566874e+01 9.019499e+00
6.359863e-01 4.546183e+01 8.944199e+00
6.372070e-01 4.525551e+01 8.869528e+00
6.384277e-01 4.504982e+01 8.795483e+00
6.396484e-01 4.484475e+01 8.722059e+00
6.408691e-01 4.464031e+01 8.649254e+00
6.420898e-01 4.443653e+01 8.577064e+00
6.433105e-01 4.423341e+01 8.505487e+00
6.445312e-01 4.403095e+01 8.434517e+00
6.457520e-01 4.382917e+01 8.364153e+00
6.469727e-01 4.362808e+01 8.294390e+00
6.481934e-01 4.342769e+01 8.225224e+00
6.494141e-01 4.322801e+01 8.156654e+00
6.506348e-01 4.302904e+01 8.088674e+00
6.518555e-01 4.283080e+01 8.021281e+00
6.530762e-01 4.263329e+01 7.954472e+00
6.542969e-01 4.243653e+01 7.888243e+00
6.555176e-01 4.224051e+01 7.822590e+00
6.567383e-01 4.204525e+01 7.757511e+00
6.579590e-01 4.185075e+01 7.693000e+00
6.591797e-01 4.165703e+01 7.629055e+00
6.616211e-01 4.127192e+01 7.502848e+00
6.640625e-01 4.088999e+01 7.378858e+00
6.665039e-01 4.051127e+01 7.257058e+00
6.689453e-01 4.013583e+01 7.137418e+00
6.713867e-01 3.976370e+01 7.019907e+00
6.738281e-01 3.939492e+01 6.904497e+00
6.762695e-01 3.902953e+01 6.791158e+00
6.787109e-01 3.866758e+01 6.679860e+00
6.811523e-01 3.830908e+01 6.570574e+00
6.835938e-01 3.795407e+01 6.463270e+00
6.884766e-01 3.725463e+01 6.254492e+00
6.933594e-01 3.656943e+01 6.053290e+00
6.982422e-01 3.589862e+01 5.859434e+00
7.031250e-01 3.524230e+01 5.672692e+00
7.080078e-01 3.460054e+01 5.492839e+00
7.128906e-01 3.397337e+01 5.319649e+00
7.177734e-01 3.336081e+01 5.152903e+00
7.226562e-01 3.276283e+01 4.992385e+00
7.275391e-01 3.217938e+01 4.837880e+00
7.324219e-01 3.161037e+01 4.689182e+00
7.373047e-01 3.105572e+01 4.546087e+00
7.421875e-01 3.051530e+01 4.408395e+00
7.470703e-01 2.998898e+01 4.275913e+00
7.519531e-01 2.947659e+01 4.148449e+00
7.568359e-01 2.897796e+01 4.025821e+00
7.617188e-01 2.849290e+01 3.907847e+00
7.666016e-01 2.802122e+01 3.794353e+00
7.714844e-01 2.756269e+01 3.685170e+00
7.763672e-01 2.711710e+01 3.580132e+00
7.812500e-01 2.668420e+01 3.479079e+00
7.861328e-01 2.626376e+01 3.381857e+00
7.910156e-01 2.585553e+01 3.288316e+00
7.958984e-01 2.545925e+01 3.198309e+00
8.007812e-01 2.507466e+01 3.111698e+00
8.056641e-01 2.470150e+01 3.028346e+00
8.105469e-01 2.433949e+01 2.948121e+00
8.154297e-01 2.398837e+01 2.870898e+00
8.203125e-01 2.364786e+01 2.796554e+00
8.251953e-01 2.331768e+01 2.724972e+00
8.300781e-01 2.299757e+01 2.656037e+00
8.349609e-01 2.268724e+01 2.589641e+00
8.398438e-01 2.238643e+01 2.525678e+00
8.447266e-01 2.209485e+01 2.464047e+00
8.496094e-01 2.181225e+01 2.404650e+00
8.544922e-01 2.153834e+01 2.347395e+00
8.593750e-01 2.127287e+01 2.292191e+00
8.642578e-01 2.101556e+01 2.238950e+00
8.691406e-01 2.076616e+01 2.187592e+00
8.740234e-01 2.052441e+01 2.138034e+00
8.789062e-01 2.029006e+01 2.090202e+00
8.837891e-01 2.006285e+01 2.044022e+00
8.886719e-01 1.984254e+01 1.999422e+00
8.935547e-01 1.962889e+01 1.956337e+00
8.984375e-01 1.942166e+01 1.914700e+00
9.033203e-01 1.922062e+01 1.874451e+00
9.082031e-01 1.902554e+01 1.835529e+00
9.130859e-01 1.883621e+01 1.797878e+00
9.179688e-01 1.865239e+01 1.761444e+00
9.228516e-01 1.847389e+01 1.726175e+00
9.277344e-01 1.830049e+01 1.692020e+00
9.326172e-01 1.813199e+01 1.658932e+00
9.375000e-01 1.796819e+01 1.626867e+00
9.423828e-01 1.780891e+01 1.595779e+00
9.472656e-01 1.765396e+01 1.565628e+00
9.521484e-01 1.750315e+01 1.536374e+00
9.570312e-01 1.735631e+01 1.507979e+00
9.619141e-01 1.721327e+01 1.480406e+00
9.667969e-01 1.707387e+01 1.453622e+00
9.716797e-01 1.693794e+01 1.427593e+00
9.765625e-01 1.680533e+01 1.402287e+00
9.814453e-01 1.667589e+01 1.377675e+00
9.863281e-01 1.654947e+01 1.353728e+00
9.912109e-01 1.642594e+01 1.330418e+00
9.960938e-01 1.630515e+01 1.307720e+00
1.000977e+00 1.618699e+01 1.285607e+00
1.005859e+00 1.607131e+01 1.264058e+00
1.010742e+00 1.595800e+01 1.243048e+00
1.015625e+00 1.584695e+01 1.222557e+00
1.020508e+00 1.573804e+01 1.202563e+00
1.025391e+00 1.563115e+01 1.183048e+00
1.026611e+00 1.560474e+01 1.178242e+00
1.027832e+00 1.557844e+01 1.173464e+00
1.029053e+00 1.555226e+01 1.168714e+00
1.030273e+00 1.552619e+01 1.163992e+00
1.031494e+00 1.550024e+01 1.159298e+00
1.032715e+00 1.547441e+01 1.154631e+00
1.033936e+00 1.544868e+01 1.149991e+00
1.035156e+00 1.542306e+01 1.145378e+00
1.036377e+00 1.539756e+01 1.140792e+00
1.037598e+00 1.537215e+01 1.136232e+00
1.038208e+00 1.535949e+01 1.133961e+00
1.038818e+00 1.534686e+01 1.131698e+00
1.039429e+00 1.533425e+01 1.129440e+00
1.040039e+00 1.532166e+01 1.127189e+00
1.040649e+00 1.530911e+01 1.124945e+00
1.041260e+00 1.529657e+01 1.122706e+00
1.041870e+00 1.528407e+01 1.120474e+00
1.042480e+00 1.527158e+01 1.118249e+00
1.043091e+00 1.525913e+01 1.116029e+00
1.043701e+00 1.524669e+01 1.113816e+00
1.044312e+00 1.523429e+01 1.111609e+00
1.044922e+00 1.522190e+01 1.109408e+00
1.045532e+00 1.520954e+01 1.107214e+00
1.046143e+00 1.519721e+01 1.105025e+00
1.046753e+00 1.518490e+01 1.102843e+00
1.047363e+00 1.517261e+01 1.100666e+00
1.047974e+00 1.516034e+01 1.098496e+00
1.048584e+00 1.514810e+01 1.096332e+00
1.049194e+00 1.513589e+01 1.094173e+00
1.049805e+00 1.512369e+01 1.092021e+00
1.052246e+00 1.507514e+01 1.083470e+00
1.054688e+00 1.502695e+01 1.075012e+00
1.057129e+00 1.497910e+01 1.066645e+00
1.059570e+00 1.493159e+01 1.058367e+00
1.062012e+00 1.488440e+01 1.050178e+00
1.064453e+00 1.483753e+01 1.042074e+00
1.066895e+00 1.479097e+01 1.034056e+00
1.069336e+00 1.474471e+01 1.026120e+00
1.071777e+00 1.469875e+01 1.018266e+00
1.074219e+00 1.465306e+01 1.010492e+00
1.083984e+00 1.447297e+01 9.801707e-01
1.093750e+00 1.429676e+01 9.510244e-01
1.103516e+00 1.412398e+01 9.229757e-01
1.113281e+00 1.395422e+01 8.959542e-01
1.123047e+00 1.378710e+01 8.698961e-01
1.132812e+00 1.362231e+01 8.447433e-01
1.142578e+00 1.345954e+01 8.204431e-01
1.152344e+00 1.329853e+01 7.969476e-01
1.162109e+00 1.313907e+01 7.742133e-01
1.171875e+00 1.298094e+01 7.522005e-01
1.181641e+00 1.282397e+01 7.308729e-01
1.191406e+00 1.266802e+01 7.101976e-01
1.201172e+00 1.251296e+01 6.901444e-01
1.210938e+00 1.235868e+01 6.706855e-01
1.220703e+00 1.220510e+01 6.517957e-01
1.230469e+00 1.205215e+01 6.334515e-01
1.240234e+00 1.189976e+01 6.156314e-01
1.250000e+00 1.174790e+01 5.983157e-01
1.259766e+00 1.159654e+01 5.814859e-01
1.269531e+00 1.144567e+01 5.651249e-01
1.271973e+00 1.140802e+01 5.611061e-01
1.274414e+00 1.137041e+01 5.571153e-01
1.276855e+00 1.133282e+01 5.531523e-01
1.279297e+00 1.129527e+01 5.492170e-01
1.281738e+00 1.125774e+01 5.453090e-01
1.284180e+00 1.122024e+01 5.414282e-01
1.286621e+00 1.118278e+01 5.375744e-01
1.289062e+00 1.114534e+01 5.337472e-01
1.291504e+00 1.110794e+01 5.299466e-01
1.293945e+00 1.107056e+01 5.261723e-01
1.296387e+00 1.103322e+01 5.224241e-01
1.298828e+00 1.099590e+01 5.187018e-01
1.301270e+00 1.095862e+01 5.150052e-01
1.303711e+00 1.092137e+01 5.113341e-01
1.306152e+00 1.088415e+01 5.076883e-01
1.308594e+00 1.084697e+01 5.040677e-01
1.311035e+00 1.080982e+01 5.004719e-01
1.313477e+00 1.077269e+01 4.969010e-01
1.315918e+00 1.073561e+01 4.933546e-01
1.318359e+00 1.069856e+01 4.898325e-01
1.323242e+00 1.062455e+01 4.828610e-01
1.328125e+00 1.055069e+01 4.759849e-01
1.333008e+00 1.047698e+01 4.692029e-01
1.337891e+00 1.040341e+01 4.625138e-01
1.342773e+00 1.033000e+01 4.559161e-01
1.347656e+00 1.025675e+01 4.494087e-01
1.352539e+00 1.018366e+01 4.429904e-01
1.357422e+00 1.011074e+01 4.366598e-01
1.362305e+00 1.003799e+01 4.304160e-01
1.367188e+00 9.965422e+00 4.242576e-01
1.386719e+00 9.677048e+00 4.004573e-01
1.406250e+00 9.391978e+00 3.779394e-01
1.425781e+00 9.110574e+00 3.566400e-01
1.445312e+00 8.833196e+00 3.364996e-01
1.464844e+00 8.560197e+00 3.174617e-01
1.484375e+00 8.291909e+00 2.994728e-01
1.503906e+00 8.028645e+00 2.824820e-01
1.523438e+00 7.770689e+00 2.664406e-01
1.542969e+00 7.518300e+00 2.513018e-01
1.562500e+00 7.271704e+00 2.370207e-01
1.582031e+00 7.031101e+00 2.235545e-01
1.601562e+00 6.796659e+00 2.108618e-01
1.621094e+00 6.568513e+00 1.989028e-01
1.640625e+00 6.346770e+00 1.876395e-01
1.660156e+00 6.131510e+00 1.770352e-01
1.679688e+00 5.922784e+00 1.670548e-01
1.699219e+00 5.720619e+00 1.576647e-01
1.718750e+00 5.525017e+00 1.488327e-01
1.738281e+00 5.335959e+00 1.405279e-01
1.757812e+00 5.153404e+00 1.327209e-01
1.767578e+00 5.064548e+00 1.289952e-01
1.777344e+00 4.977295e+00 1.253836e-01
1.787109e+00 4.891635e+00 1.218826e-01
1.796875e+00 4.807556e+00 1.184892e-01
1.806641e+00 4.725048e+00 1.152001e-01
1.816406e+00 4.644097e+00 1.120122e-01
1.826172e+00 4.564691e+00 1.089227e-01
1.835938e+00 4.486816e+00 1.059284e-01
1.845703e+00 4.410455e+00 1.030267e-01
1.855469e+00 4.335595e+00 1.002147e-01
1.865234e+00 4.262219e+00 9.748979e-02
1.875000e+00 4.190311e+00 9.484924e-02
1.884766e+00 4.119854e+00 9.229055e-02
1.894531e+00 4.050829e+00 8.981120e-02
1.904297e+00 3.983220e+00 8.740879e-02
1.914062e+00 3.917007e+00 8.508094e-02
1.923828e+00 3.852173e+00 8.282537e-02
1.933594e+00 3.788698e+00 8.063983e-02
1.943359e+00 3.726562e+00 7.852217e-02
1.953125e+00 3.665748e+00 7.647027e-02
1.972656e+00 3.548001e+00 7.255561e-02
1.992188e+00 3.435296e+00 6.888013e-02
2.011719e+00 3.327474e+00 6.542899e-02
2.031250e+00 3.224369e+00 6.218823e-02
2.050781e+00 3.125820e+00 5.914465e-02
2.070312e+00 3.031663e+00 5.628586e-02
2.089844e+00 2.941736e+00 5.360018e-02
2.109375e+00 2.855878e+00 5.107663e-02
2.128906e+00 2.773931e+00 4.870490e-02
2.148438e+00 2.695736e+00 4.647529e-02
2.167969e+00 2.621142e+00 4.437870e-02
2.187500e+00 2.549996e+00 4.240660e-02
2.207031e+00 2.482151e+00 4.055098e-02
2.226562e+00 2.417462e+00 3.880432e-02
2.246094e+00 2.355790e+00 3.715960e-02
2.265625e+00 2.296998e+00 3.561022e-02
2.285156e+00 2.240952e+00 3.415001e-02
2.304688e+00 2.187524e+00 3.277320e-02
2.324219e+00 2.136590e+00 3.147438e-02
2.343750e+00 2.088028e+00 3.024850e-02
2.363281e+00 2.041722e+00 2.909082e-02
2.382812e+00 1.997561e+00 2.799693e-02
2.402344e+00 1.955436e+00 2.696270e-02
2.421875e+00 1.915243e+00 2.598427e-02
2.441406e+00 1.876882e+00 2.505804e-02
2.460938e+00 1.840258e+00 2.418064e-02
2.480469e+00 1.805278e+00 2.334892e-02
2.500000e+00 1.771855e+00 2.255995e-02
2.519531e+00 1.739903e+00 2.181101e-02
2.539062e+00 1.709343e+00 2.109952e-02
2.558594e+00 1.680098e+00 2.042311e-02
2.578125e+00 1.652093e+00 1.977956e-02
2.597656e+00 1.625259e+00 1.916679e-02
2.617188e+00 1.599529e+00 1.858286e-02
2.636719e+00 1.574839e+00 1.802597e-02
2.656250e+00 1.551129e+00 1.749445e-02
2.675781e+00 1.528342e+00 1.698671e-02
2.695312e+00 1.506422e+00 1.650131e-02
2.714844e+00 1.485318e+00 1.603688e-02
2.734375e+00 1.464980e+00 1.559214e-02
2.773438e+00 1.426420e+00 1.475709e-02
2.812500e+00 1.390398e+00 1.398763e-02
2.851562e+00 1.356606e+00 1.327633e-02
2.890625e+00 1.324769e+00 1.261673e-02
2.929688e+00 1.294644e+00 1.200322e-02
2.968750e+00 1.266014e+00 1.143093e-02
3.007812e+00 1.238689e+00 1.089559e-02
3.046875e+00 1.212499e+00 1.039351e-02
3.085938e+00 1.187298e+00 9.921460e-03
3.125000e+00 1.162956e+00 9.476622e-03
3.203125e+00 1.116418e+00 8.659032e-03
3.281250e+00 1.072158e+00 7.924471e-03
3.359375e+00 1.029640e+00 7.260366e-03
3.437500e+00 9.884813e-01 6.656918e-03
3.515625e+00 9.484175e-01 6.106391e-03
3.593750e+00 9.092745e-01 5.602597e-03
3.671875e+00 8.709470e-01 5.140509e-03
3.750000e+00 8.333808e-01 4.715971e-03
3.828125e+00 7.965585e-01 4.325493e-03
3.906250e+00 7.604880e-01 3.966089e-03
3.925781e+00 7.515906e-01 3.880782e-03
3.945312e+00 7.427422e-01 3.797217e-03
3.964844e+00 7.339433e-01 3.715357e-03
3.984375e+00 7.251946e-01 3.635166e-03
4.003906e+00 7.164966e-01 3.556612e-03
4.023438e+00 7.078499e-01 3.479660e-03
4.042969e+00 6.992552e-01 3.404279e-03
4.062500e+00 6.907132e-01 3.330436e-03
4.082031e+00 6.822243e-01 3.258102e-03
4.101562e+00 6.737894e-01 3.187246e-03
4.121094e+00 6.654090e-01 3.117840e-03
4.140625e+00 6.570838e-01 3.049854e-03
4.160156e+00 6.488145e-01 2.983262e-03
4.179688e+00 6.406016e-01 2.918035e-03
4.199219e+00 6.324459e-01 2.854148e-03
4.218750e+00 6.243479e-01 2.791575e-03
4.238281e+00 6.163082e-01 2.730289e-03
4.257812e+00 6.083275e-01 2.670266e-03
4.277344e+00 6.004062e-01 2.611482e-03
4.296875e+00 5.925450e-01 2.553913e-03
4.335938e+00 5.770050e-01 2.442326e-03
4.375000e+00 5.617115e-01 2.335325e-03
4.414062e+00 5.466682e-01 2.232734e-03
4.453125e+00 5.318787e-01 2.134386e-03
4.492188e+00 5.173460e-01 2.040119e-03
4.531250e+00 5.030726e-01 1.949776e-03
4.570312e+00 4.890610e-01 1.863208e-03
4.609375e+00 4.753130e-01 1.780269e-03
4.648438e+00 4.618301e-01 1.700820e-03
4.687500e+00 4.486135e-01 1.624725e-03
4.765625e+00 4.229818e-01 1.482081e-03
4.843750e+00 3.984197e-01 1.351349e-03
4.921875e+00 3.749238e-01 1.231606e-03
5.000000e+00 3.524854e-01 1.121996e-03
5.078125e+00 3.310916e-01 1.021719e-03
5.156250e+00 3.107254e-01 9.300344e-04
5.234375e+00 2.913662e-01 8.462518e-04
5.312500e+00 2.729903e-01 7.697319e-04
5.390625e+00 2.555717e-01 6.998817e-04
5.468750e+00 2.390820e-01 6.361521e-04
5.546875e+00 2.234913e-01 5.780349e-04
5.625000e+00 2.087683e-01 5.250609e-04
5.703125e+00 1.948807e-01 4.767966e-04
5.781250e+00 1.817955e-01 4.328424e-04
5.859375e+00 1.694795e-01 3.928301e-04
5.937500e+00 1.578992e-01 3.564207e-04
6.015625e+00 1.470214e-01 3.233026e-04
6.093750e+00 1.368130e-01 2.931894e-04
6.171875e+00 1.272414e-01 2.658181e-04
6.250000e+00 1.182748e-01 2.409475e-04
6.406250e+00 1.020322e-01 1.978425e-04
6.562500e+00 8.784571e-02 1.623200e-04
6.718750e+00 7.549115e-02 1.330789e-04
6.875000e+00 6.476113e-02 1.090333e-04
7.031250e+00 5.546551e-02 8.927874e-05
7.187500e+00 4.743141e-02 7.306349e-05
7.343750e+00 4.050276e-02 5.976391e-05
7.500000e+00 3.453959e-02 4.886353e-05
7.656250e+00 2.941709e-02 3.993536e-05
7.812500e+00 2.502453e-02 3.262691e-05
7.968750e+00 2.126414e-02 2.664757e-05
8.125000e+00 1.804994e-02 2.175801e-05
8.281250e+00 1.530654e-02 1.776132e-05
8.437500e+00 1.296814e-02 1.449573e-05
8.593750e+00 1.097747e-02 1.182843e-05
8.750000e+00 9.284844e-03 9.650474e-06
8.906250e+00 7.847220e-03 7.872564e-06
9.062500e+00 6.627450e-03 6.421560e-06
9.218750e+00 5.593531e-03 5.237597e-06
9.375000e+00 4.717942e-03 4.271695e-06
9.687500e+00 3.350679e-03 2.841185e-06
1.000000e+01 2.374711e-03 1.889735e-06
1.031250e+01 1.679948e-03 1.257066e-06
1.062500e+01 1.186548e-03 8.364065e-07
1.093750e+01 8.368828e-04 5.566967e-07
1.125000e+01 5.895363e-04 3.706770e-07
1.156250e+01 4.148483e-04 2.469312e-07
1.187500e+01 2.916484e-04 1.645820e-07
1.218750e+01 2.048672e-04 1.097573e-07
1.250000e+01 1.438056e-04 7.323960e-08
1.281250e+01 1.008812e-04 4.890268e-08
1.312500e+01 7.073048e-05 3.267369e-08
1.343750e+01 4.956849e-05 2.184534e-08
1.375000e+01 3.472437e-05 1.461568e-08
1.406250e+01 2.431715e-05 9.785382e-09
1.437500e+01 1.702382e-05 6.555887e-09
1.468750e+01 1.191473e-05 4.395200e-09
1.500000e+01 8.337220e-06 2.948688e-09
1.531250e+01 5.833005e-06 1.979659e-09
1.562500e+01 4.080440e-06 1.330017e-09
1.593750e+01 2.854097e-06 8.941666e-10
1.625000e+01 1.996014e-06 6.015157e-10
1.656250e+01 1.395817e-06 4.049179e-10
1.687500e+01 9.760871e-07 2.727666e-10
1.718750e+01 6.825450e-07 1.838637e-10
1.750000e+01 4.772278e-07 1.240052e-10
1.781250e+01 3.336515e-07 8.368226e-11
1.812500e+01 2.333053e-07 5.651435e-11
1.843750e+01 1.631451e-07 3.819092e-11
1.875000e+01 1.140809e-07 2.582262e-11
1.937500e+01 5.579698e-08 1.182817e-11
2.000000e+01 2.730672e-08 5.432499e-12
2.062500e+01 1.336591e-08 2.500349e-12
2.125000e+01 6.541976e-09 1.152872e-12
2.187500e+01 3.215594e-09 5.347554e-13
2.250000e+01 1.591710e-09 2.502011e-13
2.312500e+01 7.902546e-10 1.175963e-13
2.375000e+01 4.025309e-10 5.678873e-14
2.437500e+01 2.151741e-10 2.881980e-14
2.500000e+01 1.193236e-10 1.519276e-14
2.750000e+01 3.600897e-11 3.789094e-15
3.000000e+01 3.611832e-11 3.193560e-15
3.250000e+01 3.589844e-11 2.704575e-15
3.500000e+01 3.640944e-11 2.365201e-15
3.750000e+01 4.049837e-11 2.291739e-15
4.000000e+01 4.159742e-11 2.068886e-15
4.250000e+01 3.463053e-11 1.525708e-15
4.500000e+01 2.164019e-11 8.504059e-16
4.750000e+01 7.074206e-12 2.495058e-16
5.000000e+01 0.000000e+00 0.000000e+00
