# 
# Output from RAtom program.
# 
# Total radial electron density.
# The first column contains radius $r$ in bohr units.
# The second column holds $\rho(r)$.
# The third column holds $\tilde{\rho}(r) = \rho(r) / (\pi * r * r)$
# 
# Use this file with gnuplot to create the plot.
# 
# R     Rho     RhoTilde
#
0.000000e+00 0.000000e+00 2.445980e+05
7.629395e-05 1.770126e-02 2.419993e+05
1.525879e-04 7.005279e-02 2.394283e+05
2.288818e-04 1.559443e-01 2.368846e+05
3.051758e-04 2.742890e-01 2.343680e+05
3.814697e-04 4.240236e-01 2.318782e+05
4.577637e-04 6.041074e-01 2.294149e+05
5.340576e-04 8.135226e-01 2.269779e+05
6.103516e-04 1.051273e+00 2.245668e+05
6.866455e-04 1.316384e+00 2.221813e+05
7.629395e-04 1.607903e+00 2.198213e+05
8.392334e-04 1.924897e+00 2.174864e+05
9.155273e-04 2.266456e+00 2.151765e+05
9.918213e-04 2.631687e+00 2.128911e+05
1.068115e-03 3.019719e+00 2.106301e+05
1.144409e-03 3.429700e+00 2.083932e+05
1.220703e-03 3.860796e+00 2.061802e+05
1.296997e-03 4.312194e+00 2.039907e+05
1.373291e-03 4.783098e+00 2.018247e+05
1.449585e-03 5.272729e+00 1.996817e+05
1.525879e-03 5.780329e+00 1.975616e+05
1.678467e-03 6.846479e+00 1.933890e+05
1.831055e-03 7.975811e+00 1.893051e+05
1.983643e-03 9.162855e+00 1.853080e+05
2.136230e-03 1.040239e+01 1.813958e+05
2.288818e-03 1.168945e+01 1.775668e+05
2.441406e-03 1.301930e+01 1.738192e+05
2.593994e-03 1.438743e+01 1.701513e+05
2.746582e-03 1.578955e+01 1.665615e+05
2.899170e-03 1.722158e+01 1.630482e+05
3.051758e-03 1.867966e+01 1.596096e+05
3.356934e-03 2.165943e+01 1.529508e+05
3.662109e-03 2.470165e+01 1.465728e+05
3.967285e-03 2.778192e+01 1.404641e+05
4.272461e-03 3.087839e+01 1.346135e+05
4.577637e-03 3.397164e+01 1.290102e+05
4.882812e-03 3.704441e+01 1.236439e+05
5.187988e-03 4.008148e+01 1.185048e+05
5.493164e-03 4.306951e+01 1.135834e+05
5.798340e-03 4.599685e+01 1.088707e+05
6.103516e-03 4.885346e+01 1.043579e+05
6.256104e-03 5.025249e+01 1.021739e+05
6.408691e-03 5.163071e+01 1.000367e+05
6.561279e-03 5.298725e+01 9.794550e+04
6.713867e-03 5.432132e+01 9.589919e+04
6.866455e-03 5.563219e+01 9.389687e+04
7.019043e-03 5.691920e+01 9.193760e+04
7.171631e-03 5.818178e+01 9.002048e+04
7.324219e-03 5.941940e+01 8.814461e+04
7.476807e-03 6.063158e+01 8.630913e+04
7.629395e-03 6.181793e+01 8.451317e+04
7.781982e-03 6.297808e+01 8.275592e+04
7.934570e-03 6.411174e+01 8.103654e+04
8.087158e-03 6.521865e+01 7.935423e+04
8.239746e-03 6.629862e+01 7.770822e+04
8.392334e-03 6.735147e+01 7.609773e+04
8.544922e-03 6.837709e+01 7.452200e+04
8.697510e-03 6.937540e+01 7.298032e+04
8.850098e-03 7.034635e+01 7.147195e+04
9.002686e-03 7.128996e+01 6.999618e+04
9.155273e-03 7.220624e+01 6.855233e+04
9.307861e-03 7.309526e+01 6.713972e+04
9.460449e-03 7.395710e+01 6.575768e+04
9.613037e-03 7.479190e+01 6.440558e+04
9.765625e-03 7.559980e+01 6.308276e+04
9.918213e-03 7.638097e+01 6.178861e+04
1.007080e-02 7.713561e+01 6.052252e+04
1.022339e-02 7.786394e+01 5.928390e+04
1.037598e-02 7.856621e+01 5.807216e+04
1.052856e-02 7.924267e+01 5.688672e+04
1.068115e-02 7.989360e+01 5.572703e+04
1.083374e-02 8.051931e+01 5.459255e+04
1.098633e-02 8.112011e+01 5.348272e+04
1.113892e-02 8.169631e+01 5.239704e+04
1.129150e-02 8.224828e+01 5.133498e+04
1.144409e-02 8.277635e+01 5.029603e+04
1.159668e-02 8.328090e+01 4.927972e+04
1.174927e-02 8.376230e+01 4.828555e+04
1.190186e-02 8.422095e+01 4.731305e+04
1.205444e-02 8.465722e+01 4.636175e+04
1.220703e-02 8.507154e+01 4.543121e+04
1.235962e-02 8.546431e+01 4.452099e+04
1.251221e-02 8.583595e+01 4.363064e+04
1.266479e-02 8.618689e+01 4.275974e+04
1.281738e-02 8.651754e+01 4.190787e+04
1.296997e-02 8.682835e+01 4.107463e+04
1.312256e-02 8.711975e+01 4.025962e+04
1.327515e-02 8.739218e+01 3.946245e+04
1.342773e-02 8.764608e+01 3.868273e+04
1.358032e-02 8.788190e+01 3.792009e+04
1.373291e-02 8.810008e+01 3.717417e+04
1.388550e-02 8.830107e+01 3.644460e+04
1.403809e-02 8.848532e+01 3.573103e+04
1.419067e-02 8.865326e+01 3.503312e+04
1.434326e-02 8.880536e+01 3.435053e+04
1.449585e-02 8.894206e+01 3.368294e+04
1.464844e-02 8.906379e+01 3.303001e+04
1.480103e-02 8.917100e+01 3.239143e+04
1.495361e-02 8.926414e+01 3.176690e+04
1.510620e-02 8.934364e+01 3.115611e+04
1.525879e-02 8.940994e+01 3.055876e+04
1.556396e-02 8.950465e+01 2.940324e+04
1.586914e-02 8.955170e+01 2.829809e+04
1.617432e-02 8.955445e+01 2.724115e+04
1.647949e-02 8.951620e+01 2.623035e+04
1.678467e-02 8.944017e+01 2.526372e+04
1.708984e-02 8.932951e+01 2.433935e+04
1.739502e-02 8.918728e+01 2.345542e+04
1.770020e-02 8.901645e+01 2.261019e+04
1.800537e-02 8.881992e+01 2.180200e+04
1.831055e-02 8.860047e+01 2.102924e+04
1.892090e-02 8.810351e+01 1.958393e+04
1.953125e-02 8.754600e+01 1.826276e+04
2.014160e-02 8.694677e+01 1.705515e+04
2.075195e-02 8.632307e+01 1.595141e+04
2.136230e-02 8.569060e+01 1.494263e+04
2.197266e-02 8.506347e+01 1.402065e+04
2.258301e-02 8.445433e+01 1.317797e+04
2.319336e-02 8.387436e+01 1.240772e+04
2.380371e-02 8.333337e+01 1.170361e+04
2.441406e-02 8.283981e+01 1.105985e+04
2.471924e-02 8.261313e+01 1.075893e+04
2.502441e-02 8.240091e+01 1.047115e+04
2.532959e-02 8.220390e+01 1.019592e+04
2.563477e-02 8.202272e+01 9.932661e+03
2.593994e-02 8.185797e+01 9.680842e+03
2.624512e-02 8.171016e+01 9.439939e+03
2.655029e-02 8.157976e+01 9.209455e+03
2.685547e-02 8.146715e+01 8.988914e+03
2.716064e-02 8.137269e+01 8.777860e+03
2.746582e-02 8.129664e+01 8.575858e+03
2.777100e-02 8.123926e+01 8.382492e+03
2.807617e-02 8.120071e+01 8.197363e+03
2.838135e-02 8.118113e+01 8.020089e+03
2.868652e-02 8.118061e+01 7.850307e+03
2.899170e-02 8.119920e+01 7.687667e+03
2.929688e-02 8.123690e+01 7.531836e+03
2.960205e-02 8.129366e+01 7.382496e+03
2.990723e-02 8.136942e+01 7.239342e+03
3.021240e-02 8.146407e+01 7.102082e+03
3.051758e-02 8.157745e+01 6.970439e+03
3.067017e-02 8.164112e+01 6.906640e+03
3.082275e-02 8.170940e+01 6.844146e+03
3.097534e-02 8.178227e+01 6.782926e+03
3.112793e-02 8.185971e+01 6.722950e+03
3.128052e-02 8.194168e+01 6.664186e+03
3.143311e-02 8.202814e+01 6.606606e+03
3.158569e-02 8.211908e+01 6.550182e+03
3.173828e-02 8.221444e+01 6.494885e+03
3.189087e-02 8.231420e+01 6.440687e+03
3.204346e-02 8.241832e+01 6.387562e+03
3.219604e-02 8.252675e+01 6.335485e+03
3.234863e-02 8.263947e+01 6.284428e+03
3.250122e-02 8.275642e+01 6.234368e+03
3.265381e-02 8.287756e+01 6.185280e+03
3.280640e-02 8.300285e+01 6.137141e+03
3.295898e-02 8.313224e+01 6.089925e+03
3.311157e-02 8.326569e+01 6.043612e+03
3.326416e-02 8.340314e+01 5.998179e+03
3.341675e-02 8.354456e+01 5.953604e+03
3.356934e-02 8.368989e+01 5.909866e+03
3.387451e-02 8.399207e+01 5.824817e+03
3.417969e-02 8.430927e+01 5.742874e+03
3.448486e-02 8.464106e+01 5.663883e+03
3.479004e-02 8.498701e+01 5.587697e+03
3.509521e-02 8.534667e+01 5.514179e+03
3.540039e-02 8.571956e+01 5.443196e+03
3.570557e-02 8.610524e+01 5.374621e+03
3.601074e-02 8.650321e+01 5.308334e+03
3.631592e-02 8.691300e+01 5.244219e+03
3.662109e-02 8.733412e+01 5.182168e+03
3.723145e-02 8.820840e+01 5.063843e+03
3.784180e-02 8.912207e+01 4.952584e+03
3.845215e-02 9.007114e+01 4.847687e+03
3.906250e-02 9.105163e+01 4.748515e+03
3.967285e-02 9.205955e+01 4.654490e+03
4.028320e-02 9.309097e+01 4.565094e+03
4.089355e-02 9.414201e+01 4.479854e+03
4.150391e-02 9.520887e+01 4.398348e+03
4.211426e-02 9.628783e+01 4.320194e+03
4.272461e-02 9.737527e+01 4.245048e+03
4.333496e-02 9.846767e+01 4.172602e+03
4.394531e-02 9.956165e+01 4.102580e+03
4.455566e-02 1.006539e+02 4.034736e+03
4.516602e-02 1.017414e+02 3.968847e+03
4.577637e-02 1.028211e+02 3.904718e+03
4.638672e-02 1.038901e+02 3.842173e+03
4.699707e-02 1.049457e+02 3.781058e+03
4.760742e-02 1.059855e+02 3.721235e+03
4.821777e-02 1.070069e+02 3.662583e+03
4.882812e-02 1.080077e+02 3.604996e+03
4.943848e-02 1.089859e+02 3.548381e+03
5.004883e-02 1.099395e+02 3.492657e+03
5.065918e-02 1.108666e+02 3.437752e+03
5.126953e-02 1.117657e+02 3.383606e+03
5.187988e-02 1.126351e+02 3.330167e+03
5.249023e-02 1.134737e+02 3.277390e+03
5.310059e-02 1.142800e+02 3.225238e+03
5.371094e-02 1.150531e+02 3.173679e+03
5.432129e-02 1.157919e+02 3.122686e+03
5.493164e-02 1.164957e+02 3.072240e+03
5.554199e-02 1.171638e+02 3.022321e+03
5.615234e-02 1.177955e+02 2.972919e+03
5.676270e-02 1.183904e+02 2.924021e+03
5.737305e-02 1.189481e+02 2.875623e+03
5.798340e-02 1.194684e+02 2.827717e+03
5.859375e-02 1.199512e+02 2.780303e+03
5.920410e-02 1.203964e+02 2.733380e+03
5.981445e-02 1.208040e+02 2.686947e+03
6.042480e-02 1.211742e+02 2.641008e+03
6.103516e-02 1.215072e+02 2.595566e+03
6.134033e-02 1.216598e+02 2.573032e+03
6.164551e-02 1.218033e+02 2.550623e+03
6.195068e-02 1.219376e+02 2.528341e+03
6.225586e-02 1.220629e+02 2.506186e+03
6.256104e-02 1.221791e+02 2.484159e+03
6.286621e-02 1.222864e+02 2.462259e+03
6.317139e-02 1.223848e+02 2.440489e+03
6.347656e-02 1.224744e+02 2.418848e+03
6.378174e-02 1.225552e+02 2.397338e+03
6.408691e-02 1.226274e+02 2.375958e+03
6.423950e-02 1.226602e+02 2.365318e+03
6.439209e-02 1.226909e+02 2.354711e+03
6.454468e-02 1.227195e+02 2.344137e+03
6.469727e-02 1.227460e+02 2.333596e+03
6.484985e-02 1.227704e+02 2.323088e+03
6.500244e-02 1.227926e+02 2.312614e+03
6.515503e-02 1.228128e+02 2.302173e+03
6.530762e-02 1.228310e+02 2.291766e+03
6.546021e-02 1.228470e+02 2.281393e+03
6.561279e-02 1.228610e+02 2.271053e+03
6.576538e-02 1.228730e+02 2.260747e+03
6.591797e-02 1.228830e+02 2.250475e+03
6.607056e-02 1.228909e+02 2.240238e+03
6.622314e-02 1.228969e+02 2.230034e+03
6.637573e-02 1.229009e+02 2.219864e+03
6.652832e-02 1.229029e+02 2.209729e+03
6.668091e-02 1.229029e+02 2.199628e+03
6.683350e-02 1.229010e+02 2.189562e+03
6.698608e-02 1.228972e+02 2.179530e+03
6.713867e-02 1.228914e+02 2.169533e+03
6.774902e-02 1.228495e+02 2.129892e+03
6.835938e-02 1.227781e+02 2.090811e+03
6.896973e-02 1.226780e+02 2.052295e+03
6.958008e-02 1.225502e+02 2.014347e+03
7.019043e-02 1.223957e+02 1.976971e+03
7.080078e-02 1.222154e+02 1.940171e+03
7.141113e-02 1.220105e+02 1.903950e+03
7.202148e-02 1.217819e+02 1.868309e+03
7.263184e-02 1.215307e+02 1.833251e+03
7.324219e-02 1.212578e+02 1.798777e+03
7.385254e-02 1.209645e+02 1.764888e+03
7.446289e-02 1.206517e+02 1.731584e+03
7.507324e-02 1.203204e+02 1.698866e+03
7.568359e-02 1.199719e+02 1.666733e+03
7.629395e-02 1.196070e+02 1.635184e+03
7.690430e-02 1.192269e+02 1.604218e+03
7.751465e-02 1.188327e+02 1.573832e+03
7.812500e-02 1.184253e+02 1.544025e+03
7.873535e-02 1.180058e+02 1.514795e+03
7.934570e-02 1.175752e+02 1.486137e+03
7.995605e-02 1.171345e+02 1.458049e+03
8.056641e-02 1.166847e+02 1.430527e+03
8.117676e-02 1.162268e+02 1.403567e+03
8.178711e-02 1.157618e+02 1.377164e+03
8.239746e-02 1.152906e+02 1.351314e+03
8.300781e-02 1.148140e+02 1.326011e+03
8.361816e-02 1.143331e+02 1.301251e+03
8.422852e-02 1.138487e+02 1.277027e+03
8.483887e-02 1.133617e+02 1.253334e+03
8.544922e-02 1.128728e+02 1.230165e+03
8.666992e-02 1.118930e+02 1.185377e+03
8.789062e-02 1.109156e+02 1.142609e+03
8.911133e-02 1.099463e+02 1.101806e+03
9.033203e-02 1.089907e+02 1.062909e+03
9.155273e-02 1.080539e+02 1.025860e+03
9.277344e-02 1.071405e+02 9.905962e+02
9.399414e-02 1.062549e+02 9.570561e+02
9.521484e-02 1.054008e+02 9.251766e+02
9.643555e-02 1.045817e+02 8.948942e+02
9.765625e-02 1.038008e+02 8.661455e+02
9.887695e-02 1.030607e+02 8.388672e+02
1.000977e-01 1.023638e+02 8.129964e+02
1.013184e-01 1.017119e+02 7.884710e+02
1.025391e-01 1.011068e+02 7.652296e+02
1.037598e-01 1.005496e+02 7.432118e+02
1.049805e-01 1.000414e+02 7.223587e+02
1.062012e-01 9.958279e+01 7.026124e+02
1.074219e-01 9.917412e+01 6.839165e+02
1.086426e-01 9.881550e+01 6.662160e+02
1.098633e-01 9.850675e+01 6.494579e+02
1.110840e-01 9.824747e+01 6.335904e+02
1.123047e-01 9.803701e+01 6.185637e+02
1.135254e-01 9.787454e+01 6.043296e+02
1.147461e-01 9.775903e+01 5.908418e+02
1.159668e-01 9.768926e+01 5.780556e+02
1.171875e-01 9.766387e+01 5.659284e+02
1.184082e-01 9.768134e+01 5.544191e+02
1.196289e-01 9.774003e+01 5.434885e+02
1.208496e-01 9.783817e+01 5.330991e+02
1.220703e-01 9.797391e+01 5.232153e+02
1.226807e-01 9.805527e+01 5.184523e+02
1.232910e-01 9.814529e+01 5.138031e+02
1.239014e-01 9.824371e+01 5.092637e+02
1.245117e-01 9.835028e+01 5.048301e+02
1.251221e-01 9.846473e+01 5.004987e+02
1.257324e-01 9.858680e+01 4.962658e+02
1.263428e-01 9.871621e+01 4.921277e+02
1.269531e-01 9.885269e+01 4.880809e+02
1.275635e-01 9.899598e+01 4.841222e+02
1.281738e-01 9.914578e+01 4.802481e+02
1.283264e-01 9.918422e+01 4.792925e+02
1.284790e-01 9.922304e+01 4.783418e+02
1.286316e-01 9.926225e+01 4.773962e+02
1.287842e-01 9.930183e+01 4.764555e+02
1.289368e-01 9.934179e+01 4.755198e+02
1.290894e-01 9.938211e+01 4.745888e+02
1.292419e-01 9.942280e+01 4.736627e+02
1.293945e-01 9.946385e+01 4.727413e+02
1.295471e-01 9.950526e+01 4.718247e+02
1.296997e-01 9.954701e+01 4.709127e+02
1.297379e-01 9.955750e+01 4.706854e+02
1.297760e-01 9.956802e+01 4.704584e+02
1.298141e-01 9.957855e+01 4.702317e+02
1.298523e-01 9.958911e+01 4.700053e+02
1.298904e-01 9.959969e+01 4.697792e+02
1.299286e-01 9.961029e+01 4.695533e+02
1.299667e-01 9.962091e+01 4.693277e+02
1.300049e-01 9.963156e+01 4.691025e+02
1.300430e-01 9.964222e+01 4.688775e+02
1.300812e-01 9.965291e+01 4.686528e+02
1.301193e-01 9.966361e+01 4.684283e+02
1.301575e-01 9.967434e+01 4.682042e+02
1.301956e-01 9.968509e+01 4.679803e+02
1.302338e-01 9.969586e+01 4.677567e+02
1.302719e-01 9.970665e+01 4.675334e+02
1.303101e-01 9.971746e+01 4.673104e+02
1.303482e-01 9.972829e+01 4.670877e+02
1.303864e-01 9.973914e+01 4.668652e+02
1.304245e-01 9.975002e+01 4.666430e+02
1.304626e-01 9.976091e+01 4.664211e+02
1.305389e-01 9.978276e+01 4.659781e+02
1.306152e-01 9.980469e+01 4.655361e+02
1.306915e-01 9.982669e+01 4.650953e+02
1.307678e-01 9.984878e+01 4.646556e+02
1.308441e-01 9.987095e+01 4.642169e+02
1.309204e-01 9.989320e+01 4.637793e+02
1.309967e-01 9.991552e+01 4.633427e+02
1.310730e-01 9.993792e+01 4.629073e+02
1.311493e-01 9.996040e+01 4.624728e+02
1.312256e-01 9.998296e+01 4.620395e+02
1.315308e-01 1.000739e+02 4.603164e+02
1.318359e-01 1.001661e+02 4.586097e+02
1.321411e-01 1.002594e+02 4.569190e+02
1.324463e-01 1.003538e+02 4.552441e+02
1.327515e-01 1.004493e+02 4.535846e+02
1.330566e-01 1.005458e+02 4.519401e+02
1.333618e-01 1.006433e+02 4.503105e+02
1.336670e-01 1.007418e+02 4.486953e+02
1.339722e-01 1.008412e+02 4.470943e+02
1.342773e-01 1.009416e+02 4.455071e+02
1.354980e-01 1.013512e+02 4.392917e+02
1.367188e-01 1.017725e+02 4.332759e+02
1.379395e-01 1.022034e+02 4.274431e+02
1.391602e-01 1.026416e+02 4.217778e+02
1.403809e-01 1.030852e+02 4.162656e+02
1.416016e-01 1.035320e+02 4.108930e+02
1.428223e-01 1.039802e+02 4.056475e+02
1.440430e-01 1.044277e+02 4.005177e+02
1.452637e-01 1.048728e+02 3.954930e+02
1.464844e-01 1.053135e+02 3.905635e+02
1.477051e-01 1.057483e+02 3.857203e+02
1.489258e-01 1.061753e+02 3.809551e+02
1.501465e-01 1.065930e+02 3.762605e+02
1.513672e-01 1.070000e+02 3.716296e+02
1.525879e-01 1.073946e+02 3.670561e+02
1.538086e-01 1.077756e+02 3.625345e+02
1.550293e-01 1.081416e+02 3.580597e+02
1.562500e-01 1.084915e+02 3.536272e+02
1.574707e-01 1.088240e+02 3.492330e+02
1.586914e-01 1.091381e+02 3.448734e+02
1.599121e-01 1.094328e+02 3.405453e+02
1.611328e-01 1.097072e+02 3.362460e+02
1.623535e-01 1.099604e+02 3.319731e+02
1.635742e-01 1.101916e+02 3.277245e+02
1.647949e-01 1.104002e+02 3.234985e+02
1.660156e-01 1.105855e+02 3.192937e+02
1.672363e-01 1.107470e+02 3.151089e+02
1.684570e-01 1.108841e+02 3.109432e+02
1.696777e-01 1.109965e+02 3.067959e+02
1.708984e-01 1.110838e+02 3.026666e+02
1.721191e-01 1.111456e+02 2.985549e+02
1.733398e-01 1.111819e+02 2.944608e+02
1.745605e-01 1.111924e+02 2.903842e+02
1.757812e-01 1.111769e+02 2.863253e+02
1.770020e-01 1.111356e+02 2.822845e+02
1.782227e-01 1.110682e+02 2.782622e+02
1.794434e-01 1.109750e+02 2.742587e+02
1.806641e-01 1.108560e+02 2.702748e+02
1.818848e-01 1.107113e+02 2.663112e+02
1.831055e-01 1.105412e+02 2.623684e+02
1.843262e-01 1.103459e+02 2.584474e+02
1.855469e-01 1.101256e+02 2.545489e+02
1.867676e-01 1.098808e+02 2.506739e+02
1.879883e-01 1.096118e+02 2.468231e+02
1.892090e-01 1.093189e+02 2.429975e+02
1.904297e-01 1.090026e+02 2.391981e+02
1.916504e-01 1.086634e+02 2.354258e+02
1.928711e-01 1.083017e+02 2.316815e+02
1.940918e-01 1.079182e+02 2.279661e+02
1.953125e-01 1.075132e+02 2.242806e+02
1.965332e-01 1.070874e+02 2.206260e+02
1.977539e-01 1.066414e+02 2.170030e+02
1.989746e-01 1.061757e+02 2.134126e+02
2.001953e-01 1.056911e+02 2.098557e+02
2.014160e-01 1.051881e+02 2.063330e+02
2.026367e-01 1.046674e+02 2.028455e+02
2.038574e-01 1.041297e+02 1.993938e+02
2.050781e-01 1.035756e+02 1.959788e+02
2.062988e-01 1.030059e+02 1.926011e+02
2.075195e-01 1.024212e+02 1.892614e+02
2.087402e-01 1.018223e+02 1.859605e+02
2.099609e-01 1.012098e+02 1.826988e+02
2.111816e-01 1.005845e+02 1.794769e+02
2.124023e-01 9.994699e+01 1.762955e+02
2.136230e-01 9.929813e+01 1.731550e+02
2.148438e-01 9.863857e+01 1.700558e+02
2.160645e-01 9.796904e+01 1.669984e+02
2.172852e-01 9.729024e+01 1.639832e+02
2.185059e-01 9.660289e+01 1.610105e+02
2.197266e-01 9.590769e+01 1.580806e+02
2.221680e-01 9.449653e+01 1.523502e+02
2.246094e-01 9.306228e+01 1.467939e+02
2.270508e-01 9.161033e+01 1.414128e+02
2.294922e-01 9.014594e+01 1.362073e+02
2.319336e-01 8.867419e+01 1.311777e+02
2.343750e-01 8.719996e+01 1.263234e+02
2.368164e-01 8.572796e+01 1.216435e+02
2.392578e-01 8.426266e+01 1.171367e+02
2.416992e-01 8.280832e+01 1.128012e+02
2.441406e-01 8.136897e+01 1.086348e+02
2.453613e-01 8.065610e+01 1.066142e+02
2.465820e-01 7.994838e+01 1.046350e+02
2.478027e-01 7.924623e+01 1.026967e+02
2.490234e-01 7.855009e+01 1.007990e+02
2.502441e-01 7.786036e+01 9.894154e+01
2.514648e-01 7.717741e+01 9.712383e+01
2.526855e-01 7.650164e+01 9.534547e+01
2.539062e-01 7.583338e+01 9.360602e+01
2.551270e-01 7.517300e+01 9.190504e+01
2.563477e-01 7.452081e+01 9.024206e+01
2.566528e-01 7.435908e+01 8.983220e+01
2.569580e-01 7.419789e+01 8.942468e+01
2.572632e-01 7.403724e+01 8.901948e+01
2.575684e-01 7.387713e+01 8.861661e+01
2.578735e-01 7.371758e+01 8.821606e+01
2.581787e-01 7.355858e+01 8.781781e+01
2.584839e-01 7.340014e+01 8.742186e+01
2.587891e-01 7.324226e+01 8.702820e+01
2.590942e-01 7.308495e+01 8.663683e+01
2.593994e-01 7.292821e+01 8.624774e+01
2.594757e-01 7.288912e+01 8.615082e+01
2.595520e-01 7.285006e+01 8.605404e+01
2.596283e-01 7.281104e+01 8.595741e+01
2.597046e-01 7.277205e+01 8.586091e+01
2.597809e-01 7.273310e+01 8.576456e+01
2.598572e-01 7.269419e+01 8.566835e+01
2.599335e-01 7.265531e+01 8.557228e+01
2.600098e-01 7.261647e+01 8.547635e+01
2.600861e-01 7.257767e+01 8.538056e+01
2.601624e-01 7.253890e+01 8.528491e+01
2.602386e-01 7.250017e+01 8.518940e+01
2.603149e-01 7.246148e+01 8.509404e+01
2.603912e-01 7.242282e+01 8.499881e+01
2.604675e-01 7.238420e+01 8.490372e+01
2.605438e-01 7.234562e+01 8.480878e+01
2.606201e-01 7.230707e+01 8.471397e+01
2.606964e-01 7.226857e+01 8.461931e+01
2.607727e-01 7.223009e+01 8.452478e+01
2.608490e-01 7.219166e+01 8.443040e+01
2.609253e-01 7.215326e+01 8.433615e+01
2.610779e-01 7.207658e+01 8.414807e+01
2.612305e-01 7.200005e+01 8.396055e+01
2.613831e-01 7.192367e+01 8.377359e+01
2.615356e-01 7.184744e+01 8.358718e+01
2.616882e-01 7.177136e+01 8.340132e+01
2.618408e-01 7.169543e+01 8.321601e+01
2.619934e-01 7.161965e+01 8.303126e+01
2.621460e-01 7.154403e+01 8.284705e+01
2.622986e-01 7.146856e+01 8.266340e+01
2.624512e-01 7.139324e+01 8.248029e+01
2.630615e-01 7.109351e+01 8.175333e+01
2.636719e-01 7.079627e+01 8.103505e+01
2.642822e-01 7.050154e+01 8.032539e+01
2.648926e-01 7.020936e+01 7.962429e+01
2.655029e-01 6.991975e+01 7.893168e+01
2.661133e-01 6.963273e+01 7.824750e+01
2.667236e-01 6.934833e+01 7.757167e+01
2.673340e-01 6.906657e+01 7.690414e+01
2.679443e-01 6.878748e+01 7.624482e+01
2.685547e-01 6.851107e+01 7.559367e+01
2.709961e-01 6.743269e+01 7.306923e+01
2.734375e-01 6.639876e+01 7.066982e+01
2.758789e-01 6.541028e+01 6.839103e+01
2.783203e-01 6.446802e+01 6.622846e+01
2.807617e-01 6.357257e+01 6.417769e+01
2.832031e-01 6.272432e+01 6.223433e+01
2.856445e-01 6.192351e+01 6.039401e+01
2.880859e-01 6.117021e+01 5.865243e+01
2.905273e-01 6.046432e+01 5.700531e+01
2.929688e-01 5.980562e+01 5.544846e+01
2.941895e-01 5.949385e+01 5.470260e+01
2.954102e-01 5.919372e+01 5.397777e+01
2.966309e-01 5.890518e+01 5.327346e+01
2.978516e-01 5.862813e+01 5.258919e+01
2.990723e-01 5.836252e+01 5.192445e+01
3.002930e-01 5.810824e+01 5.127876e+01
3.015137e-01 5.786520e+01 5.065164e+01
3.027344e-01 5.763330e+01 5.004263e+01
3.039551e-01 5.741243e+01 4.945125e+01
3.051758e-01 5.720249e+01 4.887704e+01
3.063965e-01 5.700335e+01 4.831956e+01
3.076172e-01 5.681488e+01 4.777834e+01
3.088379e-01 5.663697e+01 4.725296e+01
3.100586e-01 5.646947e+01 4.674297e+01
3.112793e-01 5.631226e+01 4.624796e+01
3.125000e-01 5.616517e+01 4.576750e+01
3.137207e-01 5.602808e+01 4.530118e+01
3.149414e-01 5.590083e+01 4.484860e+01
3.161621e-01 5.578327e+01 4.440935e+01
3.173828e-01 5.567523e+01 4.398305e+01
3.186035e-01 5.557656e+01 4.356931e+01
3.198242e-01 5.548710e+01 4.316775e+01
3.210449e-01 5.540667e+01 4.277801e+01
3.222656e-01 5.533512e+01 4.239972e+01
3.234863e-01 5.527226e+01 4.203253e+01
3.247070e-01 5.521793e+01 4.167608e+01
3.259277e-01 5.517195e+01 4.133004e+01
3.271484e-01 5.513415e+01 4.099408e+01
3.283691e-01 5.510434e+01 4.066786e+01
3.295898e-01 5.508235e+01 4.035106e+01
3.308105e-01 5.506800e+01 4.004338e+01
3.320312e-01 5.506109e+01 3.974450e+01
3.332520e-01 5.506146e+01 3.945413e+01
3.344727e-01 5.506892e+01 3.917197e+01
3.356934e-01 5.508328e+01 3.889774e+01
3.369141e-01 5.510436e+01 3.863116e+01
3.381348e-01 5.513197e+01 3.837196e+01
3.393555e-01 5.516593e+01 3.811986e+01
3.405762e-01 5.520605e+01 3.787462e+01
3.417969e-01 5.525216e+01 3.763598e+01
3.442383e-01 5.536157e+01 3.717750e+01
3.466797e-01 5.549269e+01 3.674253e+01
3.491211e-01 5.564406e+01 3.632928e+01
3.515625e-01 5.581424e+01 3.593603e+01
3.540039e-01 5.600180e+01 3.556117e+01
3.564453e-01 5.620532e+01 3.520317e+01
3.588867e-01 5.642343e+01 3.486060e+01
3.613281e-01 5.665477e+01 3.453210e+01
3.637695e-01 5.689799e+01 3.421641e+01
3.662109e-01 5.715180e+01 3.391231e+01
3.686523e-01 5.741492e+01 3.361870e+01
3.710938e-01 5.768612e+01 3.333452e+01
3.735352e-01 5.796419e+01 3.305879e+01
3.759766e-01 5.824796e+01 3.279059e+01
3.784180e-01 5.853629e+01 3.252909e+01
3.808594e-01 5.882810e+01 3.227347e+01
3.833008e-01 5.912231e+01 3.202301e+01
3.857422e-01 5.941792e+01 3.177703e+01
3.881836e-01 5.971394e+01 3.153490e+01
3.906250e-01 6.000943e+01 3.129605e+01
3.930664e-01 6.030350e+01 3.105995e+01
3.955078e-01 6.059527e+01 3.082611e+01
3.979492e-01 6.088394e+01 3.059409e+01
4.003906e-01 6.116872e+01 3.036349e+01
4.028320e-01 6.144886e+01 3.013394e+01
4.052734e-01 6.172367e+01 2.990512e+01
4.077148e-01 6.199247e+01 2.967673e+01
4.101562e-01 6.225465e+01 2.944851e+01
4.125977e-01 6.250961e+01 2.922021e+01
4.150391e-01 6.275680e+01 2.899165e+01
4.174805e-01 6.299570e+01 2.876264e+01
4.199219e-01 6.322584e+01 2.853302e+01
4.223633e-01 6.344677e+01 2.830267e+01
4.248047e-01 6.365808e+01 2.807146e+01
4.272461e-01 6.385938e+01 2.783932e+01
4.296875e-01 6.405034e+01 2.760617e+01
4.321289e-01 6.423063e+01 2.737195e+01
4.345703e-01 6.439998e+01 2.713662e+01
4.370117e-01 6.455813e+01 2.690016e+01
4.394531e-01 6.470485e+01 2.666256e+01
4.418945e-01 6.483995e+01 2.642382e+01
4.443359e-01 6.496325e+01 2.618394e+01
4.467773e-01 6.507461e+01 2.594296e+01
4.492188e-01 6.517391e+01 2.570089e+01
4.516602e-01 6.526106e+01 2.545779e+01
4.541016e-01 6.533597e+01 2.521369e+01
4.565430e-01 6.539860e+01 2.496866e+01
4.589844e-01 6.544891e+01 2.472275e+01
4.614258e-01 6.548690e+01 2.447602e+01
4.638672e-01 6.551258e+01 2.422856e+01
4.663086e-01 6.552597e+01 2.398042e+01
4.687500e-01 6.552712e+01 2.373169e+01
4.711914e-01 6.551609e+01 2.348245e+01
4.736328e-01 6.549295e+01 2.323278e+01
4.760742e-01 6.545780e+01 2.298276e+01
4.785156e-01 6.541074e+01 2.273249e+01
4.809570e-01 6.535190e+01 2.248204e+01
4.833984e-01 6.528140e+01 2.223152e+01
4.858398e-01 6.519939e+01 2.198100e+01
4.882812e-01 6.510601e+01 2.173057e+01
4.907227e-01 6.500144e+01 2.148033e+01
4.931641e-01 6.488584e+01 2.123035e+01
4.956055e-01 6.475940e+01 2.098074e+01
4.980469e-01 6.462232e+01 2.073157e+01
5.004883e-01 6.447477e+01 2.048293e+01
5.029297e-01 6.431698e+01 2.023491e+01
5.053711e-01 6.414914e+01 1.998758e+01
5.078125e-01 6.397149e+01 1.974103e+01
5.102539e-01 6.378423e+01 1.949534e+01
5.126953e-01 6.358759e+01 1.925058e+01
5.133057e-01 6.353699e+01 1.918954e+01
5.139160e-01 6.348583e+01 1.912857e+01
5.145264e-01 6.343410e+01 1.906767e+01
5.151367e-01 6.338180e+01 1.900683e+01
5.157471e-01 6.332896e+01 1.894606e+01
5.163574e-01 6.327556e+01 1.888536e+01
5.169678e-01 6.322161e+01 1.882473e+01
5.175781e-01 6.316711e+01 1.876417e+01
5.181885e-01 6.311207e+01 1.870368e+01
5.187988e-01 6.305649e+01 1.864326e+01
5.194092e-01 6.300038e+01 1.858292e+01
5.200195e-01 6.294374e+01 1.852266e+01
5.206299e-01 6.288657e+01 1.846247e+01
5.212402e-01 6.282887e+01 1.840236e+01
5.218506e-01 6.277066e+01 1.834233e+01
5.224609e-01 6.271193e+01 1.828238e+01
5.230713e-01 6.265268e+01 1.822250e+01
5.236816e-01 6.259293e+01 1.816271e+01
5.242920e-01 6.253267e+01 1.810301e+01
5.249023e-01 6.247192e+01 1.804338e+01
5.261230e-01 6.234891e+01 1.792439e+01
5.273438e-01 6.222395e+01 1.780574e+01
5.285645e-01 6.209705e+01 1.768745e+01
5.297852e-01 6.196826e+01 1.756952e+01
5.310059e-01 6.183761e+01 1.745196e+01
5.322266e-01 6.170511e+01 1.733477e+01
5.334473e-01 6.157081e+01 1.721797e+01
5.346680e-01 6.143473e+01 1.710156e+01
5.358887e-01 6.129691e+01 1.698555e+01
5.371094e-01 6.115738e+01 1.686994e+01
5.419922e-01 6.058271e+01 1.641167e+01
5.468750e-01 5.998307e+01 1.596036e+01
5.517578e-01 5.936038e+01 1.551636e+01
5.566406e-01 5.871656e+01 1.507999e+01
5.615234e-01 5.805350e+01 1.465152e+01
5.664062e-01 5.737302e+01 1.423121e+01
5.712891e-01 5.667694e+01 1.381926e+01
5.761719e-01 5.596701e+01 1.341585e+01
5.810547e-01 5.524492e+01 1.302112e+01
5.859375e-01 5.451231e+01 1.263520e+01
5.908203e-01 5.377078e+01 1.225817e+01
5.957031e-01 5.302185e+01 1.189009e+01
6.005859e-01 5.226698e+01 1.153101e+01
6.054688e-01 5.150756e+01 1.118092e+01
6.103516e-01 5.074495e+01 1.083984e+01
6.152344e-01 4.998040e+01 1.050772e+01
6.201172e-01 4.921511e+01 1.018453e+01
6.250000e-01 4.845025e+01 9.870203e+00
6.298828e-01 4.768687e+01 9.564658e+00
6.347656e-01 4.692600e+01 9.267804e+00
6.359863e-01 4.673628e+01 9.194937e+00
6.372070e-01 4.654680e+01 9.122605e+00
6.384277e-01 4.635756e+01 9.050806e+00
6.396484e-01 4.616858e+01 8.979538e+00
6.408691e-01 4.597988e+01 8.908800e+00
6.420898e-01 4.579145e+01 8.838590e+00
6.433105e-01 4.560333e+01 8.768905e+00
6.445312e-01 4.541552e+01 8.699744e+00
6.457520e-01 4.522803e+01 8.631105e+00
6.469727e-01 4.504088e+01 8.562985e+00
6.481934e-01 4.485408e+01 8.495383e+00
6.494141e-01 4.466764e+01 8.428296e+00
6.506348e-01 4.448158e+01 8.361723e+00
6.518555e-01 4.429589e+01 8.295661e+00
6.530762e-01 4.411061e+01 8.230107e+00
6.542969e-01 4.392572e+01 8.165060e+00
6.555176e-01 4.374126e+01 8.100517e+00
6.567383e-01 4.355723e+01 8.036477e+00
6.579590e-01 4.337363e+01 7.972936e+00
6.591797e-01 4.319048e+01 7.909892e+00
6.616211e-01 4.282557e+01 7.785287e+00
6.640625e-01 4.246258e+01 7.662643e+00
6.665039e-01 4.210157e+01 7.541939e+00
6.689453e-01 4.174262e+01 7.423157e+00
6.713867e-01 4.138580e+01 7.306275e+00
6.738281e-01 4.103117e+01 7.191274e+00
6.762695e-01 4.067880e+01 7.078132e+00
6.787109e-01 4.032875e+01 6.966829e+00
6.811523e-01 3.998106e+01 6.857343e+00
6.835938e-01 3.963579e+01 6.749654e+00
6.884766e-01 3.895274e+01 6.539579e+00
6.933594e-01 3.827995e+01 6.336431e+00
6.982422e-01 3.761776e+01 6.140036e+00
7.031250e-01 3.696646e+01 5.950218e+00
7.080078e-01 3.632630e+01 5.766804e+00
7.128906e-01 3.569750e+01 5.589618e+00
7.177734e-01 3.508024e+01 5.418486e+00
7.226562e-01 3.447467e+01 5.253234e+00
7.275391e-01 3.388092e+01 5.093692e+00
7.324219e-01 3.329907e+01 4.939689e+00
7.373047e-01 3.272918e+01 4.791056e+00
7.421875e-01 3.217130e+01 4.647629e+00
7.470703e-01 3.162544e+01 4.509244e+00
7.519531e-01 3.109159e+01 4.375740e+00
7.568359e-01 3.056972e+01 4.246959e+00
7.617188e-01 3.005978e+01 4.122747e+00
7.666016e-01 2.956172e+01 4.002952e+00
7.714844e-01 2.907543e+01 3.887426e+00
7.763672e-01 2.860084e+01 3.776023e+00
7.812500e-01 2.813783e+01 3.668602e+00
7.861328e-01 2.768625e+01 3.565024e+00
7.910156e-01 2.724599e+01 3.465155e+00
7.958984e-01 2.681690e+01 3.368863e+00
8.007812e-01 2.639881e+01 3.276021e+00
8.056641e-01 2.599156e+01 3.186504e+00
8.105469e-01 2.559498e+01 3.100192e+00
8.154297e-01 2.520887e+01 3.016967e+00
8.203125e-01 2.483306e+01 2.936714e+00
8.251953e-01 2.446735e+01 2.859325e+00
8.300781e-01 2.411154e+01 2.784692e+00
8.349609e-01 2.376544e+01 2.712712e+00
8.398438e-01 2.342883e+01 2.643283e+00
8.447266e-01 2.310150e+01 2.576310e+00
8.496094e-01 2.278326e+01 2.511698e+00
8.544922e-01 2.247388e+01 2.449356e+00
8.593750e-01 2.217316e+01 2.389198e+00
8.642578e-01 2.188087e+01 2.331139e+00
8.691406e-01 2.159681e+01 2.275096e+00
8.740234e-01 2.132077e+01 2.220991e+00
8.789062e-01 2.105253e+01 2.168749e+00
8.886719e-01 2.053861e+01 2.069561e+00
8.984375e-01 2.005337e+01 1.976978e+00
9.082031e-01 1.959517e+01 1.890485e+00
9.179688e-01 1.916241e+01 1.809608e+00
9.277344e-01 1.875351e+01 1.733906e+00
9.375000e-01 1.836697e+01 1.662973e+00
9.472656e-01 1.800132e+01 1.596434e+00
9.570312e-01 1.765516e+01 1.533944e+00
9.667969e-01 1.732714e+01 1.475185e+00
9.765625e-01 1.701598e+01 1.419864e+00
9.814453e-01 1.686633e+01 1.393409e+00
9.863281e-01 1.672044e+01 1.367713e+00
9.912109e-01 1.657817e+01 1.342748e+00
9.960938e-01 1.643937e+01 1.318484e+00
1.000977e+00 1.630392e+01 1.294894e+00
1.005859e+00 1.617167e+01 1.271951e+00
1.010742e+00 1.604250e+01 1.249630e+00
1.015625e+00 1.591629e+01 1.227906e+00
1.020508e+00 1.579291e+01 1.206757e+00
1.025391e+00 1.567225e+01 1.186159e+00
1.026611e+00 1.564250e+01 1.181093e+00
1.027832e+00 1.561290e+01 1.176060e+00
1.029053e+00 1.558347e+01 1.171060e+00
1.030273e+00 1.555419e+01 1.166091e+00
1.031494e+00 1.552507e+01 1.161155e+00
1.032715e+00 1.549610e+01 1.156250e+00
1.033936e+00 1.546729e+01 1.151377e+00
1.035156e+00 1.543863e+01 1.146534e+00
1.036377e+00 1.541011e+01 1.141722e+00
1.037598e+00 1.538174e+01 1.136940e+00
1.038818e+00 1.535352e+01 1.132189e+00
1.040039e+00 1.532544e+01 1.127467e+00
1.041260e+00 1.529751e+01 1.122775e+00
1.042480e+00 1.526972e+01 1.118112e+00
1.043701e+00 1.524206e+01 1.113478e+00
1.044922e+00 1.521455e+01 1.108872e+00
1.046143e+00 1.518717e+01 1.104295e+00
1.047363e+00 1.515992e+01 1.099746e+00
1.048584e+00 1.513281e+01 1.095225e+00
1.049805e+00 1.510583e+01 1.090731e+00
1.052246e+00 1.505226e+01 1.081826e+00
1.054688e+00 1.499920e+01 1.073027e+00
1.057129e+00 1.494664e+01 1.064334e+00
1.059570e+00 1.489457e+01 1.055744e+00
1.062012e+00 1.484297e+01 1.047255e+00
1.064453e+00 1.479184e+01 1.038866e+00
1.066895e+00 1.474117e+01 1.030574e+00
1.069336e+00 1.469093e+01 1.022377e+00
1.071777e+00 1.464113e+01 1.014275e+00
1.074219e+00 1.459176e+01 1.006265e+00
1.083984e+00 1.439829e+01 9.751131e-01
1.093750e+00 1.421083e+01 9.453083e-01
1.103516e+00 1.402882e+01 9.167569e-01
1.113281e+00 1.385173e+01 8.893737e-01
1.123047e+00 1.367908e+01 8.630806e-01
1.132812e+00 1.351044e+01 8.378065e-01
1.142578e+00 1.334541e+01 8.134863e-01
1.152344e+00 1.318361e+01 7.900605e-01
1.162109e+00 1.302471e+01 7.674748e-01
1.171875e+00 1.286840e+01 7.456795e-01
1.181641e+00 1.271442e+01 7.246291e-01
1.191406e+00 1.256250e+01 7.042820e-01
1.201172e+00 1.241244e+01 6.846001e-01
1.210938e+00 1.226402e+01 6.655484e-01
1.220703e+00 1.211708e+01 6.470949e-01
1.230469e+00 1.197145e+01 6.292101e-01
1.240234e+00 1.182699e+01 6.118669e-01
1.250000e+00 1.168359e+01 5.950405e-01
1.259766e+00 1.154114e+01 5.787079e-01
1.269531e+00 1.139955e+01 5.628480e-01
1.271973e+00 1.136428e+01 5.589545e-01
1.274414e+00 1.132905e+01 5.550891e-01
1.276855e+00 1.129388e+01 5.512513e-01
1.279297e+00 1.125874e+01 5.474411e-01
1.281738e+00 1.122366e+01 5.436580e-01
1.284180e+00 1.118861e+01 5.399018e-01
1.286621e+00 1.115361e+01 5.361723e-01
1.289062e+00 1.111865e+01 5.324691e-01
1.291504e+00 1.108374e+01 5.287921e-01
1.293945e+00 1.104886e+01 5.251409e-01
1.296387e+00 1.101403e+01 5.215154e-01
1.298828e+00 1.097923e+01 5.179152e-01
1.301270e+00 1.094447e+01 5.143403e-01
1.303711e+00 1.090976e+01 5.107902e-01
1.306152e+00 1.087507e+01 5.072648e-01
1.308594e+00 1.084043e+01 5.037639e-01
1.311035e+00 1.080583e+01 5.002872e-01
1.313477e+00 1.077126e+01 4.968346e-01
1.315918e+00 1.073672e+01 4.934057e-01
1.318359e+00 1.070222e+01 4.900005e-01
1.323242e+00 1.063333e+01 4.832600e-01
1.328125e+00 1.056458e+01 4.766115e-01
1.333008e+00 1.049597e+01 4.700534e-01
1.337891e+00 1.042749e+01 4.635842e-01
1.342773e+00 1.035914e+01 4.572024e-01
1.347656e+00 1.029093e+01 4.509067e-01
1.352539e+00 1.022286e+01 4.446957e-01
1.357422e+00 1.015492e+01 4.385679e-01
1.362305e+00 1.008711e+01 4.325222e-01
1.367188e+00 1.001944e+01 4.265573e-01
1.386719e+00 9.750127e+00 4.034815e-01
1.406250e+00 9.483100e+00 3.816062e-01
1.425781e+00 9.218513e+00 3.608654e-01
1.445312e+00 8.956559e+00 3.411991e-01
1.464844e+00 8.697458e+00 3.225521e-01
1.484375e+00 8.441443e+00 3.048734e-01
1.503906e+00 8.188757e+00 2.881155e-01
1.523438e+00 7.939642e+00 2.722336e-01
1.542969e+00 7.694335e+00 2.571858e-01
1.562500e+00 7.453062e+00 2.429321e-01
1.582031e+00 7.216045e+00 2.294348e-01
1.601562e+00 6.983482e+00 2.166578e-01
1.621094e+00 6.755557e+00 2.045668e-01
1.640625e+00 6.532437e+00 1.931286e-01
1.660156e+00 6.314266e+00 1.823119e-01
1.679688e+00 6.101173e+00 1.720864e-01
1.699219e+00 5.893264e+00 1.624230e-01
1.718750e+00 5.690628e+00 1.532939e-01
1.738281e+00 5.493333e+00 1.446725e-01
1.757812e+00 5.301430e+00 1.365331e-01
1.777344e+00 5.114953e+00 1.288513e-01
1.796875e+00 4.933918e+00 1.216036e-01
1.816406e+00 4.758328e+00 1.147674e-01
1.835938e+00 4.588169e+00 1.083213e-01
1.855469e+00 4.423414e+00 1.022446e-01
1.875000e+00 4.264025e+00 9.651777e-02
1.894531e+00 4.109949e+00 9.112196e-02
1.914062e+00 3.961128e+00 8.603928e-02
1.933594e+00 3.817489e+00 8.125264e-02
1.953125e+00 3.678955e+00 7.674579e-02
1.962891e+00 3.611575e+00 7.459240e-02
1.972656e+00 3.545439e+00 7.250322e-02
1.982422e+00 3.480533e+00 7.047641e-02
1.992188e+00 3.416847e+00 6.851020e-02
2.001953e+00 3.354367e+00 6.660287e-02
2.011719e+00 3.293081e+00 6.475272e-02
2.021484e+00 3.232976e+00 6.295813e-02
2.031250e+00 3.174037e+00 6.121748e-02
2.041016e+00 3.116253e+00 5.952922e-02
2.050781e+00 3.059608e+00 5.789182e-02
2.060547e+00 3.004089e+00 5.630382e-02
2.070312e+00 2.949681e+00 5.476377e-02
2.080078e+00 2.896370e+00 5.327026e-02
2.089844e+00 2.844141e+00 5.182194e-02
2.099609e+00 2.792981e+00 5.041747e-02
2.109375e+00 2.742873e+00 4.905556e-02
2.119141e+00 2.693804e+00 4.773495e-02
2.128906e+00 2.645757e+00 4.645442e-02
2.138672e+00 2.598719e+00 4.521278e-02
2.148438e+00 2.552674e+00 4.400886e-02
2.167969e+00 2.463504e+00 4.170973e-02
2.187500e+00 2.378125e+00 3.954838e-02
2.207031e+00 2.296417e+00 3.751665e-02
2.226562e+00 2.218261e+00 3.560680e-02
2.246094e+00 2.143536e+00 3.381156e-02
2.265625e+00 2.072125e+00 3.212404e-02
2.285156e+00 2.003911e+00 3.053774e-02
2.304688e+00 1.938779e+00 2.904654e-02
2.324219e+00 1.876615e+00 2.764466e-02
2.343750e+00 1.817307e+00 2.632667e-02
2.363281e+00 1.760747e+00 2.508744e-02
2.382812e+00 1.706827e+00 2.392213e-02
2.402344e+00 1.655442e+00 2.282621e-02
2.421875e+00 1.606490e+00 2.179540e-02
2.441406e+00 1.559872e+00 2.082567e-02
2.460938e+00 1.515490e+00 1.991325e-02
2.480469e+00 1.473250e+00 1.905457e-02
2.500000e+00 1.433060e+00 1.824628e-02
2.519531e+00 1.394830e+00 1.748526e-02
2.539062e+00 1.358476e+00 1.676854e-02
2.558594e+00 1.323911e+00 1.609335e-02
2.578125e+00 1.291057e+00 1.545709e-02
2.597656e+00 1.259834e+00 1.485731e-02
2.617188e+00 1.230167e+00 1.429172e-02
2.636719e+00 1.201982e+00 1.375816e-02
2.656250e+00 1.175210e+00 1.325463e-02
2.675781e+00 1.149782e+00 1.277922e-02
2.695312e+00 1.125633e+00 1.233016e-02
2.714844e+00 1.102700e+00 1.190578e-02
2.734375e+00 1.080922e+00 1.150452e-02
2.773438e+00 1.040603e+00 1.076561e-02
2.812500e+00 1.004238e+00 1.010280e-02
2.851562e+00 9.714229e-01 9.506764e-03
2.890625e+00 9.417883e-01 8.969328e-03
2.929688e+00 9.149950e-01 8.483328e-03
2.968750e+00 8.907332e-01 8.042489e-03
3.007812e+00 8.687204e-01 7.641325e-03
3.046875e+00 8.486998e-01 7.275033e-03
3.085938e+00 8.304380e-01 6.939419e-03
3.125000e+00 8.137238e-01 6.630818e-03
3.203125e+00 7.841914e-01 6.082253e-03
3.281250e+00 7.587900e-01 5.608324e-03
3.359375e+00 7.364609e-01 5.193054e-03
3.437500e+00 7.163599e-01 4.824318e-03
3.515625e+00 6.978215e-01 4.492927e-03
3.593750e+00 6.803286e-01 4.191921e-03
3.671875e+00 6.634861e-01 3.916032e-03
3.750000e+00 6.469991e-01 3.661266e-03
3.828125e+00 6.306537e-01 3.424592e-03
3.906250e+00 6.143015e-01 3.203699e-03
3.925781e+00 6.102002e-01 3.150723e-03
3.945312e+00 6.060911e-01 3.098598e-03
3.964844e+00 6.019734e-01 3.047301e-03
3.984375e+00 5.978463e-01 2.996811e-03
4.003906e+00 5.937092e-01 2.947108e-03
4.023438e+00 5.895615e-01 2.898176e-03
4.042969e+00 5.854028e-01 2.849996e-03
4.062500e+00 5.812329e-01 2.802551e-03
4.082031e+00 5.770514e-01 2.755827e-03
4.101562e+00 5.728584e-01 2.709810e-03
4.121094e+00 5.686538e-01 2.664484e-03
4.140625e+00 5.644377e-01 2.619838e-03
4.160156e+00 5.602102e-01 2.575858e-03
4.179688e+00 5.559716e-01 2.532533e-03
4.199219e+00 5.517220e-01 2.489852e-03
4.218750e+00 5.474620e-01 2.447803e-03
4.238281e+00 5.431917e-01 2.406377e-03
4.257812e+00 5.389117e-01 2.365564e-03
4.277344e+00 5.346224e-01 2.325354e-03
4.296875e+00 5.303245e-01 2.285738e-03
4.335938e+00 5.217048e-01 2.208254e-03
4.375000e+00 5.130576e-01 2.133046e-03
4.414062e+00 5.043883e-01 2.060052e-03
4.453125e+00 4.957026e-01 1.989214e-03
4.492188e+00 4.870065e-01 1.920477e-03
4.531250e+00 4.783064e-01 1.853789e-03
4.570312e+00 4.696084e-01 1.789098e-03
4.609375e+00 4.609189e-01 1.726357e-03
4.648438e+00 4.522445e-01 1.665518e-03
4.687500e+00 4.435914e-01 1.606537e-03
4.765625e+00 4.263741e-01 1.493968e-03
4.843750e+00 4.093160e-01 1.388307e-03
4.921875e+00 3.924633e-01 1.289223e-03
5.000000e+00 3.758589e-01 1.196396e-03
5.078125e+00 3.595421e-01 1.109515e-03
5.156250e+00 3.435483e-01 1.028277e-03
5.234375e+00 3.279088e-01 9.523872e-04
5.312500e+00 3.126510e-01 8.815604e-04
5.390625e+00 2.977982e-01 8.155187e-04
5.468750e+00 2.833697e-01 7.539931e-04
5.546875e+00 2.693813e-01 6.967241e-04
5.625000e+00 2.558453e-01 6.434615e-04
5.703125e+00 2.427707e-01 5.939646e-04
5.781250e+00 2.301633e-01 5.480028e-04
5.859375e+00 2.180265e-01 5.053554e-04
5.937500e+00 2.063610e-01 4.658118e-04
6.015625e+00 1.951651e-01 4.291714e-04
6.093750e+00 1.844352e-01 3.952436e-04
6.171875e+00 1.741661e-01 3.638475e-04
6.250000e+00 1.643506e-01 3.348122e-04
6.406250e+00 1.460459e-01 2.831860e-04
6.562500e+00 1.294414e-01 2.391799e-04
6.718750e+00 1.144436e-01 2.017459e-04
6.875000e+00 1.009506e-01 1.699627e-04
7.031250e+00 8.885578e-02 1.430246e-04
7.187500e+00 7.805085e-02 1.202298e-04
7.343750e+00 6.842850e-02 1.009698e-04
7.500000e+00 5.988423e-02 8.471885e-05
7.656250e+00 5.231779e-02 7.102436e-05
7.812500e+00 4.563421e-02 5.949776e-05
7.890625e+00 4.259541e-02 5.444150e-05
7.968750e+00 3.974439e-02 4.980645e-05
8.046875e+00 3.707101e-02 4.555857e-05
8.125000e+00 3.456551e-02 4.166644e-05
8.203125e+00 3.221853e-02 3.810107e-05
8.281250e+00 3.002111e-02 3.483575e-05
8.359375e+00 2.796471e-02 3.184585e-05
8.437500e+00 2.604116e-02 2.910871e-05
8.515625e+00 2.424268e-02 2.660343e-05
8.593750e+00 2.256185e-02 2.431081e-05
8.671875e+00 2.099164e-02 2.221317e-05
8.750000e+00 1.952536e-02 2.029425e-05
8.828125e+00 1.815666e-02 1.853912e-05
8.906250e+00 1.687953e-02 1.693405e-05
8.984375e+00 1.568830e-02 1.546644e-05
9.062500e+00 1.457757e-02 1.412470e-05
9.140625e+00 1.354227e-02 1.289823e-05
9.218750e+00 1.257760e-02 1.177725e-05
9.296875e+00 1.167903e-02 1.075284e-05
9.375000e+00 1.084230e-02 9.816776e-06
9.687500e+00 8.036850e-03 6.814792e-06
1.000000e+01 5.939337e-03 4.726375e-06
1.031250e+01 4.377437e-03 3.275534e-06
1.062500e+01 3.218534e-03 2.268769e-06
1.093750e+01 2.361375e-03 1.570793e-06
1.125000e+01 1.729184e-03 1.087242e-06
1.156250e+01 1.264089e-03 7.524270e-07
1.187500e+01 9.226856e-04 5.206869e-07
1.218750e+01 6.725755e-04 3.603312e-07
1.250000e+01 4.896714e-04 2.493876e-07
1.281250e+01 3.561240e-04 1.726329e-07
1.312500e+01 2.587503e-04 1.195288e-07
1.343750e+01 1.878413e-04 8.278360e-08
1.375000e+01 1.362613e-04 5.735313e-08
1.406250e+01 9.877803e-05 3.974893e-08
1.437500e+01 7.156255e-05 2.755880e-08
1.468750e+01 5.181754e-05 1.911486e-08
1.500000e+01 3.750258e-05 1.326382e-08
1.531250e+01 2.713086e-05 9.207920e-09
1.562500e+01 1.962020e-05 6.395192e-09
1.593750e+01 1.418397e-05 4.443727e-09
1.625000e+01 1.025081e-05 3.089167e-09
1.656250e+01 7.406347e-06 2.148535e-09
1.687500e+01 5.349961e-06 1.495041e-09
1.718750e+01 3.863735e-06 1.040812e-09
1.750000e+01 2.789855e-06 7.249293e-10
1.781250e+01 2.014119e-06 5.051559e-10
1.812500e+01 1.453900e-06 3.521833e-10
1.843750e+01 1.049360e-06 2.456464e-10
1.875000e+01 7.572808e-07 1.714133e-10
1.937500e+01 3.942736e-07 8.358040e-11
2.000000e+01 2.052595e-07 4.083508e-11
2.062500e+01 1.068407e-07 1.998659e-11
2.125000e+01 5.559635e-08 9.797574e-12
2.187500e+01 2.896490e-08 4.816882e-12
2.250000e+01 1.511384e-08 2.375745e-12
2.312500e+01 7.881248e-09 1.172794e-12
2.375000e+01 4.140365e-09 5.841193e-13
2.437500e+01 2.207715e-09 2.956950e-13
2.500000e+01 1.183370e-09 1.506713e-13
2.750000e+01 1.542626e-10 1.623250e-14
3.000000e+01 1.124920e-10 9.946481e-15
3.250000e+01 1.035891e-10 7.804363e-15
3.500000e+01 9.850519e-11 6.399015e-15
3.750000e+01 1.202390e-10 6.804136e-15
4.000000e+01 1.240619e-10 6.170331e-15
4.250000e+01 9.235583e-11 4.068896e-15
4.500000e+01 5.814943e-11 2.285128e-15
4.750000e+01 2.450719e-11 8.643635e-16
5.000000e+01 0.000000e+00 0.000000e+00
