# 
# Output from RAtom program.
# 
# Total radial electron density.
# The first column contains radius $r$ in bohr units.
# The second column holds $\rho(r)$.
# The third column holds $\tilde{\rho}(r) = \rho(r) / (\pi * r * r)$
# 
# Use this file with gnuplot to create the plot.
# 
# R     Rho     RhoTilde
#
0.000000e+00 0.000000e+00 5.251013e+05
5.340576e-05 1.864036e-02 5.200777e+05
1.068115e-04 7.384813e-02 5.151022e+05
1.602173e-04 1.645687e-01 5.101744e+05
2.136230e-04 2.897677e-01 5.052938e+05
2.670288e-04 4.484308e-01 5.004599e+05
3.204346e-04 6.395630e-01 4.956724e+05
3.738403e-04 8.621889e-01 4.909308e+05
4.272461e-04 1.115352e+00 4.862346e+05
4.806519e-04 1.398114e+00 4.815835e+05
5.340576e-04 1.709556e+00 4.769769e+05
5.874634e-04 2.048777e+00 4.724146e+05
6.408691e-04 2.414893e+00 4.678960e+05
6.942749e-04 2.807038e+00 4.634207e+05
7.476807e-04 3.224363e+00 4.589884e+05
8.010864e-04 3.666036e+00 4.545987e+05
8.544922e-04 4.131244e+00 4.502511e+05
9.078979e-04 4.619186e+00 4.459452e+05
9.613037e-04 5.129080e+00 4.416807e+05
1.014709e-03 5.660161e+00 4.374571e+05
1.068115e-03 6.211676e+00 4.332741e+05
1.174927e-03 7.373085e+00 4.250283e+05
1.281738e-03 8.607604e+00 4.169402e+05
1.388550e-03 9.909764e+00 4.090068e+05
1.495361e-03 1.127432e+01 4.012253e+05
1.602173e-03 1.269626e+01 3.935928e+05
1.708984e-03 1.417076e+01 3.861065e+05
1.815796e-03 1.569322e+01 3.787636e+05
1.922607e-03 1.725924e+01 3.715614e+05
2.029419e-03 1.886460e+01 3.644973e+05
2.136230e-03 2.050528e+01 3.575687e+05
2.349854e-03 2.387734e+01 3.441078e+05
2.563477e-03 2.734669e+01 3.311587e+05
2.777100e-03 3.088717e+01 3.187024e+05
2.990723e-03 3.447504e+01 3.067204e+05
3.204346e-03 3.808882e+01 2.951950e+05
3.417969e-03 4.170912e+01 2.841090e+05
3.631592e-03 4.531851e+01 2.734461e+05
3.845215e-03 4.890137e+01 2.631903e+05
4.058838e-03 5.244376e+01 2.533265e+05
4.272461e-03 5.593333e+01 2.438398e+05
4.379272e-03 5.765483e+01 2.392335e+05
4.486084e-03 5.935915e+01 2.347162e+05
4.592896e-03 6.104512e+01 2.302862e+05
4.699707e-03 6.271167e+01 2.259420e+05
4.806519e-03 6.435779e+01 2.216818e+05
4.913330e-03 6.598255e+01 2.175040e+05
5.020142e-03 6.758509e+01 2.134072e+05
5.126953e-03 6.916462e+01 2.093898e+05
5.233765e-03 7.072040e+01 2.054502e+05
5.340576e-03 7.225177e+01 2.015869e+05
5.447388e-03 7.375810e+01 1.977986e+05
5.554199e-03 7.523885e+01 1.940839e+05
5.661011e-03 7.669352e+01 1.904412e+05
5.767822e-03 7.812165e+01 1.868692e+05
5.874634e-03 7.952283e+01 1.833667e+05
5.981445e-03 8.089673e+01 1.799322e+05
6.088257e-03 8.224303e+01 1.765645e+05
6.195068e-03 8.356146e+01 1.732622e+05
6.301880e-03 8.485180e+01 1.700243e+05
6.408691e-03 8.611387e+01 1.668494e+05
6.622314e-03 8.855264e+01 1.606838e+05
6.835938e-03 9.087703e+01 1.547562e+05
7.049561e-03 9.308682e+01 1.490576e+05
7.263184e-03 9.518225e+01 1.435794e+05
7.476807e-03 9.716403e+01 1.383131e+05
7.690430e-03 9.903322e+01 1.332508e+05
7.904053e-03 1.007912e+02 1.283847e+05
8.117676e-03 1.024399e+02 1.237074e+05
8.331299e-03 1.039810e+02 1.192117e+05
8.544922e-03 1.054171e+02 1.148907e+05
8.651733e-03 1.060964e+02 1.127936e+05
8.758545e-03 1.067504e+02 1.107378e+05
8.865356e-03 1.073794e+02 1.087223e+05
8.972168e-03 1.079838e+02 1.067465e+05
9.078979e-03 1.085638e+02 1.048096e+05
9.185791e-03 1.091199e+02 1.029108e+05
9.292603e-03 1.096524e+02 1.010494e+05
9.399414e-03 1.101618e+02 9.922462e+04
9.506226e-03 1.106483e+02 9.743584e+04
9.613037e-03 1.111125e+02 9.568233e+04
9.719849e-03 1.115546e+02 9.396341e+04
9.826660e-03 1.119752e+02 9.227842e+04
9.933472e-03 1.123746e+02 9.062669e+04
1.004028e-02 1.127532e+02 8.900759e+04
1.014709e-02 1.131114e+02 8.742049e+04
1.025391e-02 1.134497e+02 8.586477e+04
1.036072e-02 1.137685e+02 8.433981e+04
1.046753e-02 1.140682e+02 8.284503e+04
1.057434e-02 1.143492e+02 8.137984e+04
1.068115e-02 1.146120e+02 7.994367e+04
1.089478e-02 1.150845e+02 7.715613e+04
1.110840e-02 1.154891e+02 7.447806e+04
1.132202e-02 1.158293e+02 7.190523e+04
1.153564e-02 1.161083e+02 6.943360e+04
1.174927e-02 1.163296e+02 6.705926e+04
1.196289e-02 1.164965e+02 6.477847e+04
1.217651e-02 1.166122e+02 6.258760e+04
1.239014e-02 1.166801e+02 6.048317e+04
1.260376e-02 1.167032e+02 5.846185e+04
1.281738e-02 1.166847e+02 5.652041e+04
1.324463e-02 1.165351e+02 5.286488e+04
1.367188e-02 1.162548e+02 4.949314e+04
1.409912e-02 1.158663e+02 4.638349e+04
1.452637e-02 1.153908e+02 4.351582e+04
1.495361e-02 1.148479e+02 4.087154e+04
1.538086e-02 1.142562e+02 3.843340e+04
1.580811e-02 1.136327e+02 3.618545e+04
1.623535e-02 1.129932e+02 3.411293e+04
1.666260e-02 1.123520e+02 3.220219e+04
1.708984e-02 1.117220e+02 3.044056e+04
1.730347e-02 1.114150e+02 2.961198e+04
1.751709e-02 1.111151e+02 2.881637e+04
1.773071e-02 1.108236e+02 2.805239e+04
1.794434e-02 1.105417e+02 2.731878e+04
1.815796e-02 1.102704e+02 2.661431e+04
1.837158e-02 1.100110e+02 2.593780e+04
1.858521e-02 1.097643e+02 2.528811e+04
1.879883e-02 1.095312e+02 2.466416e+04
1.901245e-02 1.093126e+02 2.406490e+04
1.922607e-02 1.091093e+02 2.348932e+04
1.943970e-02 1.089219e+02 2.293646e+04
1.965332e-02 1.087512e+02 2.240538e+04
1.986694e-02 1.085977e+02 2.189519e+04
2.008057e-02 1.084620e+02 2.140502e+04
2.029419e-02 1.083445e+02 2.093406e+04
2.050781e-02 1.082456e+02 2.048151e+04
2.072144e-02 1.081659e+02 2.004660e+04
2.093506e-02 1.081054e+02 1.962860e+04
2.114868e-02 1.080646e+02 1.922681e+04
2.136230e-02 1.080437e+02 1.884055e+04
2.146912e-02 1.080408e+02 1.865303e+04
2.157593e-02 1.080429e+02 1.846916e+04
2.168274e-02 1.080500e+02 1.828886e+04
2.178955e-02 1.080622e+02 1.811204e+04
2.189636e-02 1.080794e+02 1.793863e+04
2.200317e-02 1.081018e+02 1.776856e+04
2.210999e-02 1.081292e+02 1.760176e+04
2.221680e-02 1.081617e+02 1.743817e+04
2.232361e-02 1.081993e+02 1.727770e+04
2.243042e-02 1.082420e+02 1.712030e+04
2.253723e-02 1.082898e+02 1.696589e+04
2.264404e-02 1.083427e+02 1.681442e+04
2.275085e-02 1.084007e+02 1.666582e+04
2.285767e-02 1.084637e+02 1.652003e+04
2.296448e-02 1.085318e+02 1.637698e+04
2.307129e-02 1.086049e+02 1.623663e+04
2.317810e-02 1.086830e+02 1.609890e+04
2.328491e-02 1.087662e+02 1.596375e+04
2.339172e-02 1.088543e+02 1.583111e+04
2.349854e-02 1.089475e+02 1.570094e+04
2.371216e-02 1.091485e+02 1.544777e+04
2.392578e-02 1.093692e+02 1.520383e+04
2.413940e-02 1.096092e+02 1.496870e+04
2.435303e-02 1.098684e+02 1.474202e+04
2.456665e-02 1.101464e+02 1.452340e+04
2.478027e-02 1.104429e+02 1.431251e+04
2.499390e-02 1.107577e+02 1.410900e+04
2.520752e-02 1.110904e+02 1.391254e+04
2.542114e-02 1.114407e+02 1.372283e+04
2.563477e-02 1.118082e+02 1.353957e+04
2.584839e-02 1.121925e+02 1.336247e+04
2.606201e-02 1.125932e+02 1.319126e+04
2.627563e-02 1.130099e+02 1.302567e+04
2.648926e-02 1.134422e+02 1.286546e+04
2.670288e-02 1.138898e+02 1.271038e+04
2.691650e-02 1.143520e+02 1.256020e+04
2.713013e-02 1.148285e+02 1.241470e+04
2.734375e-02 1.153189e+02 1.227367e+04
2.755737e-02 1.158226e+02 1.213690e+04
2.777100e-02 1.163392e+02 1.200420e+04
2.798462e-02 1.168682e+02 1.187538e+04
2.819824e-02 1.174091e+02 1.175027e+04
2.841187e-02 1.179615e+02 1.162870e+04
2.862549e-02 1.185249e+02 1.151049e+04
2.883911e-02 1.190988e+02 1.139551e+04
2.905273e-02 1.196826e+02 1.128359e+04
2.926636e-02 1.202759e+02 1.117459e+04
2.947998e-02 1.208783e+02 1.106838e+04
2.969360e-02 1.214891e+02 1.096482e+04
2.990723e-02 1.221080e+02 1.086380e+04
3.033447e-02 1.233678e+02 1.066889e+04
3.076172e-02 1.246539e+02 1.048274e+04
3.118896e-02 1.259623e+02 1.030454e+04
3.161621e-02 1.272893e+02 1.013357e+04
3.204346e-02 1.286311e+02 9.969133e+03
3.247070e-02 1.299841e+02 9.810635e+03
3.289795e-02 1.313448e+02 9.657516e+03
3.332520e-02 1.327097e+02 9.509275e+03
3.375244e-02 1.340754e+02 9.365458e+03
3.417969e-02 1.354388e+02 9.225652e+03
3.460693e-02 1.367967e+02 9.089489e+03
3.503418e-02 1.381461e+02 8.956634e+03
3.546143e-02 1.394842e+02 8.826787e+03
3.588867e-02 1.408082e+02 8.699680e+03
3.631592e-02 1.421156e+02 8.575072e+03
3.674316e-02 1.434039e+02 8.452748e+03
3.717041e-02 1.446708e+02 8.332517e+03
3.759766e-02 1.459141e+02 8.214209e+03
3.802490e-02 1.471317e+02 8.097674e+03
3.845215e-02 1.483219e+02 7.982779e+03
3.887939e-02 1.494827e+02 7.869409e+03
3.930664e-02 1.506126e+02 7.757462e+03
3.973389e-02 1.517101e+02 7.646849e+03
4.016113e-02 1.527738e+02 7.537495e+03
4.058838e-02 1.538024e+02 7.429334e+03
4.101562e-02 1.547949e+02 7.322310e+03
4.144287e-02 1.557502e+02 7.216376e+03
4.187012e-02 1.566675e+02 7.111493e+03
4.229736e-02 1.575461e+02 7.007630e+03
4.272461e-02 1.583852e+02 6.904760e+03
4.293823e-02 1.587898e+02 6.853691e+03
4.315186e-02 1.591844e+02 6.802863e+03
4.336548e-02 1.595689e+02 6.752275e+03
4.357910e-02 1.599433e+02 6.701924e+03
4.379272e-02 1.603074e+02 6.651811e+03
4.400635e-02 1.606614e+02 6.601932e+03
4.421997e-02 1.610052e+02 6.552289e+03
4.443359e-02 1.613387e+02 6.502879e+03
4.464722e-02 1.616619e+02 6.453703e+03
4.486084e-02 1.619749e+02 6.404761e+03
4.507446e-02 1.622776e+02 6.356053e+03
4.528809e-02 1.625700e+02 6.307578e+03
4.550171e-02 1.628522e+02 6.259337e+03
4.571533e-02 1.631241e+02 6.211330e+03
4.592896e-02 1.633858e+02 6.163557e+03
4.614258e-02 1.636374e+02 6.116020e+03
4.635620e-02 1.638787e+02 6.068719e+03
4.656982e-02 1.641100e+02 6.021655e+03
4.678345e-02 1.643311e+02 5.974828e+03
4.699707e-02 1.645422e+02 5.928240e+03
4.742432e-02 1.649344e+02 5.835783e+03
4.785156e-02 1.652870e+02 5.744292e+03
4.827881e-02 1.656005e+02 5.653777e+03
4.870605e-02 1.658755e+02 5.564247e+03
4.913330e-02 1.661126e+02 5.475713e+03
4.956055e-02 1.663124e+02 5.388185e+03
4.998779e-02 1.664756e+02 5.301673e+03
5.041504e-02 1.666031e+02 5.216186e+03
5.084229e-02 1.666956e+02 5.131735e+03
5.126953e-02 1.667540e+02 5.048330e+03
5.169678e-02 1.667791e+02 4.965979e+03
5.212402e-02 1.667719e+02 4.884691e+03
5.255127e-02 1.667332e+02 4.804474e+03
5.297852e-02 1.666641e+02 4.725336e+03
5.340576e-02 1.665656e+02 4.647283e+03
5.383301e-02 1.664386e+02 4.570322e+03
5.426025e-02 1.662841e+02 4.494458e+03
5.468750e-02 1.661033e+02 4.419696e+03
5.511475e-02 1.658972e+02 4.346039e+03
5.554199e-02 1.656669e+02 4.273492e+03
5.596924e-02 1.654133e+02 4.202056e+03
5.639648e-02 1.651377e+02 4.131734e+03
5.682373e-02 1.648411e+02 4.062526e+03
5.725098e-02 1.645245e+02 3.994432e+03
5.767822e-02 1.641892e+02 3.927452e+03
5.810547e-02 1.638360e+02 3.861584e+03
5.853271e-02 1.634662e+02 3.796827e+03
5.895996e-02 1.630808e+02 3.733178e+03
5.938721e-02 1.626809e+02 3.670633e+03
5.981445e-02 1.622675e+02 3.609188e+03
6.066895e-02 1.614045e+02 3.489578e+03
6.152344e-02 1.605001e+02 3.374304e+03
6.237793e-02 1.595622e+02 3.263310e+03
6.323242e-02 1.585987e+02 3.156531e+03
6.408691e-02 1.576169e+02 3.053896e+03
6.494141e-02 1.566241e+02 2.955326e+03
6.579590e-02 1.556270e+02 2.860734e+03
6.665039e-02 1.546322e+02 2.770031e+03
6.750488e-02 1.536456e+02 2.683118e+03
6.835938e-02 1.526730e+02 2.599897e+03
6.921387e-02 1.517197e+02 2.520263e+03
7.006836e-02 1.507906e+02 2.444109e+03
7.092285e-02 1.498903e+02 2.371326e+03
7.177734e-02 1.490229e+02 2.301804e+03
7.263184e-02 1.481921e+02 2.235430e+03
7.348633e-02 1.474013e+02 2.172093e+03
7.434082e-02 1.466535e+02 2.111678e+03
7.519531e-02 1.459512e+02 2.054075e+03
7.604980e-02 1.452967e+02 1.999170e+03
7.690430e-02 1.446919e+02 1.946853e+03
7.775879e-02 1.441384e+02 1.897015e+03
7.861328e-02 1.436372e+02 1.849547e+03
7.946777e-02 1.431894e+02 1.804342e+03
8.032227e-02 1.427955e+02 1.761298e+03
8.117676e-02 1.424559e+02 1.720311e+03
8.203125e-02 1.421704e+02 1.681283e+03
8.288574e-02 1.419390e+02 1.644116e+03
8.374023e-02 1.417612e+02 1.608715e+03
8.459473e-02 1.416362e+02 1.574990e+03
8.544922e-02 1.415632e+02 1.542852e+03
8.587646e-02 1.415458e+02 1.527351e+03
8.630371e-02 1.415410e+02 1.512214e+03
8.673096e-02 1.415485e+02 1.497432e+03
8.715820e-02 1.415683e+02 1.482995e+03
8.758545e-02 1.416001e+02 1.468892e+03
8.801270e-02 1.416437e+02 1.455113e+03
8.843994e-02 1.416990e+02 1.441650e+03
8.886719e-02 1.417656e+02 1.428493e+03
8.929443e-02 1.418434e+02 1.415633e+03
8.972168e-02 1.419322e+02 1.403060e+03
8.993530e-02 1.419806e+02 1.396879e+03
9.014893e-02 1.420317e+02 1.390767e+03
9.036255e-02 1.420854e+02 1.384722e+03
9.057617e-02 1.421417e+02 1.378744e+03
9.078979e-02 1.422005e+02 1.372831e+03
9.100342e-02 1.422618e+02 1.366983e+03
9.121704e-02 1.423257e+02 1.361198e+03
9.143066e-02 1.423920e+02 1.355476e+03
9.164429e-02 1.424607e+02 1.349816e+03
9.185791e-02 1.425318e+02 1.344215e+03
9.207153e-02 1.426053e+02 1.338675e+03
9.228516e-02 1.426811e+02 1.333192e+03
9.249878e-02 1.427592e+02 1.327768e+03
9.271240e-02 1.428395e+02 1.322400e+03
9.292603e-02 1.429220e+02 1.317088e+03
9.313965e-02 1.430068e+02 1.311830e+03
9.335327e-02 1.430937e+02 1.306627e+03
9.356689e-02 1.431827e+02 1.301476e+03
9.378052e-02 1.432738e+02 1.296378e+03
9.399414e-02 1.433669e+02 1.291330e+03
9.484863e-02 1.437590e+02 1.271637e+03
9.570312e-02 1.441810e+02 1.252696e+03
9.655762e-02 1.446302e+02 1.234457e+03
9.741211e-02 1.451044e+02 1.216872e+03
9.826660e-02 1.456011e+02 1.199894e+03
9.912109e-02 1.461179e+02 1.183481e+03
9.997559e-02 1.466523e+02 1.167592e+03
1.008301e-01 1.472020e+02 1.152188e+03
1.016846e-01 1.477644e+02 1.137234e+03
1.025391e-01 1.483373e+02 1.122695e+03
1.033936e-01 1.489182e+02 1.108539e+03
1.042480e-01 1.495049e+02 1.094737e+03
1.051025e-01 1.500951e+02 1.081260e+03
1.059570e-01 1.506865e+02 1.068083e+03
1.068115e-01 1.512770e+02 1.055181e+03
1.076660e-01 1.518646e+02 1.042532e+03
1.085205e-01 1.524470e+02 1.030114e+03
1.093750e-01 1.530224e+02 1.017909e+03
1.102295e-01 1.535889e+02 1.005899e+03
1.110840e-01 1.541446e+02 9.940667e+02
1.119385e-01 1.546877e+02 9.823974e+02
1.127930e-01 1.552166e+02 9.708773e+02
1.136475e-01 1.557297e+02 9.594936e+02
1.145020e-01 1.562254e+02 9.482348e+02
1.153564e-01 1.567022e+02 9.370907e+02
1.162109e-01 1.571589e+02 9.260516e+02
1.170654e-01 1.575942e+02 9.151092e+02
1.179199e-01 1.580067e+02 9.042559e+02
1.187744e-01 1.583955e+02 8.934850e+02
1.196289e-01 1.587595e+02 8.827905e+02
1.204834e-01 1.590978e+02 8.721673e+02
1.213379e-01 1.594094e+02 8.616108e+02
1.221924e-01 1.596936e+02 8.511172e+02
1.230469e-01 1.599497e+02 8.406832e+02
1.239014e-01 1.601771e+02 8.303062e+02
1.247559e-01 1.603751e+02 8.199838e+02
1.256104e-01 1.605435e+02 8.097144e+02
1.264648e-01 1.606816e+02 7.994967e+02
1.273193e-01 1.607893e+02 7.893297e+02
1.281738e-01 1.608662e+02 7.792131e+02
1.290283e-01 1.609122e+02 7.691464e+02
1.298828e-01 1.609272e+02 7.591299e+02
1.307373e-01 1.609110e+02 7.491640e+02
1.315918e-01 1.608638e+02 7.392492e+02
1.324463e-01 1.607856e+02 7.293864e+02
1.333008e-01 1.606765e+02 7.195766e+02
1.341553e-01 1.605367e+02 7.098211e+02
1.350098e-01 1.603664e+02 7.001212e+02
1.358643e-01 1.601660e+02 6.904784e+02
1.367188e-01 1.599358e+02 6.808943e+02
1.384277e-01 1.593876e+02 6.619092e+02
1.401367e-01 1.587254e+02 6.431802e+02
1.418457e-01 1.579535e+02 6.247224e+02
1.435547e-01 1.570769e+02 6.065514e+02
1.452637e-01 1.561008e+02 5.886828e+02
1.469727e-01 1.550312e+02 5.711317e+02
1.486816e-01 1.538742e+02 5.539127e+02
1.503906e-01 1.526363e+02 5.370399e+02
1.520996e-01 1.513242e+02 5.205260e+02
1.538086e-01 1.499448e+02 5.043830e+02
1.546631e-01 1.492321e+02 4.964539e+02
1.555176e-01 1.485051e+02 4.886216e+02
1.563721e-01 1.477649e+02 4.808870e+02
1.572266e-01 1.470123e+02 4.732513e+02
1.580811e-01 1.462481e+02 4.657155e+02
1.589355e-01 1.454733e+02 4.582804e+02
1.597900e-01 1.446887e+02 4.509469e+02
1.606445e-01 1.438953e+02 4.437157e+02
1.614990e-01 1.430939e+02 4.365875e+02
1.623535e-01 1.422853e+02 4.295629e+02
1.632080e-01 1.414705e+02 4.226424e+02
1.640625e-01 1.406502e+02 4.158263e+02
1.649170e-01 1.398254e+02 4.091151e+02
1.657715e-01 1.389969e+02 4.025089e+02
1.666260e-01 1.381654e+02 3.960080e+02
1.674805e-01 1.373318e+02 3.896124e+02
1.683350e-01 1.364968e+02 3.833222e+02
1.691895e-01 1.356613e+02 3.771374e+02
1.700439e-01 1.348261e+02 3.710579e+02
1.708984e-01 1.339918e+02 3.650834e+02
1.717529e-01 1.331592e+02 3.592137e+02
1.726074e-01 1.323290e+02 3.534485e+02
1.734619e-01 1.315019e+02 3.477874e+02
1.743164e-01 1.306786e+02 3.422300e+02
1.751709e-01 1.298598e+02 3.367758e+02
1.760254e-01 1.290461e+02 3.314242e+02
1.768799e-01 1.282381e+02 3.261747e+02
1.777344e-01 1.274364e+02 3.210265e+02
1.785889e-01 1.266417e+02 3.159790e+02
1.794434e-01 1.258545e+02 3.110313e+02
1.796570e-01 1.256590e+02 3.098100e+02
1.798706e-01 1.254639e+02 3.085947e+02
1.800842e-01 1.252694e+02 3.073857e+02
1.802979e-01 1.250754e+02 3.061828e+02
1.805115e-01 1.248819e+02 3.049860e+02
1.807251e-01 1.246890e+02 3.037954e+02
1.809387e-01 1.244966e+02 3.026109e+02
1.811523e-01 1.243048e+02 3.014325e+02
1.813660e-01 1.241135e+02 3.002601e+02
1.815796e-01 1.239229e+02 2.990939e+02
1.816864e-01 1.238277e+02 2.985130e+02
1.817932e-01 1.237328e+02 2.979336e+02
1.819000e-01 1.236380e+02 2.973558e+02
1.820068e-01 1.235433e+02 2.967795e+02
1.821136e-01 1.234488e+02 2.962047e+02
1.822205e-01 1.233544e+02 2.956313e+02
1.823273e-01 1.232602e+02 2.950595e+02
1.824341e-01 1.231661e+02 2.944892e+02
1.825409e-01 1.230722e+02 2.939204e+02
1.826477e-01 1.229784e+02 2.933531e+02
1.827545e-01 1.228848e+02 2.927872e+02
1.828613e-01 1.227914e+02 2.922229e+02
1.829681e-01 1.226981e+02 2.916601e+02
1.830750e-01 1.226050e+02 2.910987e+02
1.831818e-01 1.225120e+02 2.905389e+02
1.832886e-01 1.224192e+02 2.899805e+02
1.833954e-01 1.223265e+02 2.894236e+02
1.835022e-01 1.222340e+02 2.888682e+02
1.836090e-01 1.221417e+02 2.883143e+02
1.837158e-01 1.220495e+02 2.877618e+02
1.841431e-01 1.216825e+02 2.855667e+02
1.845703e-01 1.213182e+02 2.833951e+02
1.849976e-01 1.209566e+02 2.812469e+02
1.854248e-01 1.205978e+02 2.791219e+02
1.858521e-01 1.202418e+02 2.770199e+02
1.862793e-01 1.198887e+02 2.749409e+02
1.867065e-01 1.195386e+02 2.728847e+02
1.871338e-01 1.191914e+02 2.708512e+02
1.875610e-01 1.188473e+02 2.688402e+02
1.879883e-01 1.185062e+02 2.668516e+02
1.888428e-01 1.178335e+02 2.629409e+02
1.896973e-01 1.171735e+02 2.591179e+02
1.905518e-01 1.165267e+02 2.553815e+02
1.914062e-01 1.158932e+02 2.517305e+02
1.922607e-01 1.152734e+02 2.481635e+02
1.931152e-01 1.146675e+02 2.446794e+02
1.939697e-01 1.140758e+02 2.412768e+02
1.948242e-01 1.134984e+02 2.379546e+02
1.956787e-01 1.129356e+02 2.347113e+02
1.965332e-01 1.123876e+02 2.315456e+02
1.973877e-01 1.118544e+02 2.284564e+02
1.982422e-01 1.113364e+02 2.254421e+02
1.990967e-01 1.108335e+02 2.225015e+02
1.999512e-01 1.103459e+02 2.196333e+02
2.008057e-01 1.098736e+02 2.168362e+02
2.016602e-01 1.094169e+02 2.141087e+02
2.025146e-01 1.089756e+02 2.114495e+02
2.033691e-01 1.085500e+02 2.088573e+02
2.042236e-01 1.081399e+02 2.063308e+02
2.050781e-01 1.077455e+02 2.038686e+02
2.059326e-01 1.073666e+02 2.014694e+02
2.067871e-01 1.070034e+02 1.991319e+02
2.076416e-01 1.066557e+02 1.968546e+02
2.084961e-01 1.063236e+02 1.946364e+02
2.093506e-01 1.060070e+02 1.924759e+02
2.102051e-01 1.057058e+02 1.903717e+02
2.110596e-01 1.054199e+02 1.883227e+02
2.119141e-01 1.051493e+02 1.863274e+02
2.127686e-01 1.048938e+02 1.843847e+02
2.136230e-01 1.046533e+02 1.824933e+02
2.144775e-01 1.044278e+02 1.806519e+02
2.153320e-01 1.042170e+02 1.788593e+02
2.161865e-01 1.040209e+02 1.771142e+02
2.170410e-01 1.038392e+02 1.754155e+02
2.178955e-01 1.036719e+02 1.737619e+02
2.187500e-01 1.035187e+02 1.721523e+02
2.196045e-01 1.033795e+02 1.705854e+02
2.204590e-01 1.032540e+02 1.690602e+02
2.213135e-01 1.031421e+02 1.675755e+02
2.221680e-01 1.030436e+02 1.661301e+02
2.230225e-01 1.029583e+02 1.647229e+02
2.238770e-01 1.028859e+02 1.633530e+02
2.247314e-01 1.028262e+02 1.620191e+02
2.255859e-01 1.027790e+02 1.607202e+02
2.264404e-01 1.027441e+02 1.594553e+02
2.272949e-01 1.027212e+02 1.582234e+02
2.281494e-01 1.027100e+02 1.570234e+02
2.290039e-01 1.027104e+02 1.558543e+02
2.298584e-01 1.027221e+02 1.547153e+02
2.307129e-01 1.027447e+02 1.536052e+02
2.315674e-01 1.027782e+02 1.525233e+02
2.324219e-01 1.028220e+02 1.514685e+02
2.332764e-01 1.028761e+02 1.504400e+02
2.341309e-01 1.029402e+02 1.494369e+02
2.349854e-01 1.030139e+02 1.484583e+02
2.358398e-01 1.030970e+02 1.475033e+02
2.366943e-01 1.031892e+02 1.465712e+02
2.375488e-01 1.032902e+02 1.456611e+02
2.384033e-01 1.033998e+02 1.447723e+02
2.392578e-01 1.035177e+02 1.439039e+02
2.409668e-01 1.037771e+02 1.422254e+02
2.426758e-01 1.040661e+02 1.406198e+02
2.443848e-01 1.043825e+02 1.390816e+02
2.460938e-01 1.047240e+02 1.376053e+02
2.478027e-01 1.050884e+02 1.361861e+02
2.495117e-01 1.054733e+02 1.348189e+02
2.512207e-01 1.058766e+02 1.334994e+02
2.529297e-01 1.062960e+02 1.322232e+02
2.546387e-01 1.067295e+02 1.309863e+02
2.563477e-01 1.071747e+02 1.297848e+02
2.580566e-01 1.076298e+02 1.286152e+02
2.597656e-01 1.080925e+02 1.274742e+02
2.614746e-01 1.085609e+02 1.263586e+02
2.631836e-01 1.090332e+02 1.252654e+02
2.648926e-01 1.095073e+02 1.241919e+02
2.666016e-01 1.099814e+02 1.231357e+02
2.683105e-01 1.104538e+02 1.220942e+02
2.700195e-01 1.109227e+02 1.210654e+02
2.717285e-01 1.113865e+02 1.200473e+02
2.734375e-01 1.118437e+02 1.190379e+02
2.751465e-01 1.122926e+02 1.180357e+02
2.768555e-01 1.127318e+02 1.170390e+02
2.785645e-01 1.131600e+02 1.160464e+02
2.802734e-01 1.135759e+02 1.150568e+02
2.819824e-01 1.139780e+02 1.140689e+02
2.836914e-01 1.143654e+02 1.130817e+02
2.854004e-01 1.147369e+02 1.120944e+02
2.871094e-01 1.150913e+02 1.111061e+02
2.888184e-01 1.154278e+02 1.101162e+02
2.905273e-01 1.157454e+02 1.091239e+02
2.922363e-01 1.160433e+02 1.081289e+02
2.939453e-01 1.163207e+02 1.071307e+02
2.956543e-01 1.165769e+02 1.061290e+02
2.973633e-01 1.168111e+02 1.051234e+02
2.990723e-01 1.170229e+02 1.041139e+02
3.007812e-01 1.172116e+02 1.031001e+02
3.024902e-01 1.173768e+02 1.020821e+02
3.041992e-01 1.175181e+02 1.010599e+02
3.059082e-01 1.176351e+02 1.000334e+02
3.076172e-01 1.177276e+02 9.900271e+01
3.093262e-01 1.177951e+02 9.796798e+01
3.110352e-01 1.178376e+02 9.692934e+01
3.127441e-01 1.178550e+02 9.588698e+01
3.144531e-01 1.178470e+02 9.484112e+01
3.161621e-01 1.178136e+02 9.379201e+01
3.178711e-01 1.177548e+02 9.273992e+01
3.195801e-01 1.176707e+02 9.168515e+01
3.212891e-01 1.175613e+02 9.062802e+01
3.229980e-01 1.174267e+02 8.956887e+01
3.247070e-01 1.172670e+02 8.850804e+01
3.264160e-01 1.170826e+02 8.744589e+01
3.281250e-01 1.168734e+02 8.638281e+01
3.298340e-01 1.166400e+02 8.531918e+01
3.315430e-01 1.163824e+02 8.425538e+01
3.332520e-01 1.161010e+02 8.319181e+01
3.349609e-01 1.157961e+02 8.212888e+01
3.366699e-01 1.154682e+02 8.106697e+01
3.383789e-01 1.151176e+02 8.000650e+01
3.400879e-01 1.147447e+02 7.894787e+01
3.417969e-01 1.143499e+02 7.789146e+01
3.435059e-01 1.139338e+02 7.683769e+01
3.452148e-01 1.134967e+02 7.578694e+01
3.469238e-01 1.130391e+02 7.473959e+01
3.486328e-01 1.125617e+02 7.369604e+01
3.503418e-01 1.120648e+02 7.265665e+01
3.520508e-01 1.115490e+02 7.162180e+01
3.537598e-01 1.110149e+02 7.059183e+01
3.554688e-01 1.104630e+02 6.956711e+01
3.571777e-01 1.098938e+02 6.854798e+01
3.588867e-01 1.093080e+02 6.753476e+01
3.593140e-01 1.091590e+02 6.728241e+01
3.597412e-01 1.090090e+02 6.703047e+01
3.601685e-01 1.088581e+02 6.677892e+01
3.605957e-01 1.087061e+02 6.652778e+01
3.610229e-01 1.085532e+02 6.627704e+01
3.614502e-01 1.083993e+02 6.602673e+01
3.618774e-01 1.082445e+02 6.577683e+01
3.623047e-01 1.080887e+02 6.552735e+01
3.627319e-01 1.079320e+02 6.527830e+01
3.631592e-01 1.077744e+02 6.502969e+01
3.633728e-01 1.076952e+02 6.490554e+01
3.635864e-01 1.076159e+02 6.478151e+01
3.638000e-01 1.075362e+02 6.465759e+01
3.640137e-01 1.074564e+02 6.453378e+01
3.642273e-01 1.073764e+02 6.441008e+01
3.644409e-01 1.072961e+02 6.428649e+01
3.646545e-01 1.072156e+02 6.416301e+01
3.648682e-01 1.071349e+02 6.403965e+01
3.650818e-01 1.070539e+02 6.391641e+01
3.652954e-01 1.069728e+02 6.379327e+01
3.655090e-01 1.068914e+02 6.367025e+01
3.657227e-01 1.068098e+02 6.354735e+01
3.659363e-01 1.067280e+02 6.342456e+01
3.661499e-01 1.066460e+02 6.330189e+01
3.663635e-01 1.065637e+02 6.317934e+01
3.665771e-01 1.064813e+02 6.305690e+01
3.667908e-01 1.063986e+02 6.293459e+01
3.670044e-01 1.063158e+02 6.281239e+01
3.672180e-01 1.062327e+02 6.269031e+01
3.674316e-01 1.061494e+02 6.256835e+01
3.682861e-01 1.058143e+02 6.208171e+01
3.691406e-01 1.054759e+02 6.159703e+01
3.699951e-01 1.051344e+02 6.111434e+01
3.708496e-01 1.047899e+02 6.063367e+01
3.717041e-01 1.044424e+02 6.015505e+01
3.725586e-01 1.040919e+02 5.967850e+01
3.734131e-01 1.037386e+02 5.920407e+01
3.742676e-01 1.033826e+02 5.873177e+01
3.751221e-01 1.030238e+02 5.826163e+01
3.759766e-01 1.026625e+02 5.779368e+01
3.776855e-01 1.019322e+02 5.686446e+01
3.793945e-01 1.011924e+02 5.594431e+01
3.811035e-01 1.004436e+02 5.503342e+01
3.828125e-01 9.968637e+01 5.413195e+01
3.845215e-01 9.892131e+01 5.324009e+01
3.862305e-01 9.814898e+01 5.235798e+01
3.879395e-01 9.736996e+01 5.148577e+01
3.896484e-01 9.658479e+01 5.062359e+01
3.913574e-01 9.579402e+01 4.977158e+01
3.930664e-01 9.499820e+01 4.892983e+01
3.947754e-01 9.419787e+01 4.809845e+01
3.964844e-01 9.339354e+01 4.727753e+01
3.981934e-01 9.258573e+01 4.646717e+01
3.999023e-01 9.177497e+01 4.566742e+01
4.016113e-01 9.096173e+01 4.487836e+01
4.033203e-01 9.014652e+01 4.410003e+01
4.050293e-01 8.932981e+01 4.333249e+01
4.067383e-01 8.851207e+01 4.257577e+01
4.084473e-01 8.769377e+01 4.182990e+01
4.101562e-01 8.687534e+01 4.109491e+01
4.135742e-01 8.523988e+01 3.965756e+01
4.169922e-01 8.360906e+01 3.826376e+01
4.204102e-01 8.198609e+01 3.691339e+01
4.238281e-01 8.037399e+01 3.560624e+01
4.272461e-01 7.877560e+01 3.434201e+01
4.306641e-01 7.719359e+01 3.312029e+01
4.340820e-01 7.563044e+01 3.194061e+01
4.375000e-01 7.408846e+01 3.080240e+01
4.409180e-01 7.256978e+01 2.970505e+01
4.443359e-01 7.107636e+01 2.864787e+01
4.451904e-01 7.070716e+01 2.838977e+01
4.460449e-01 7.033968e+01 2.813412e+01
4.468994e-01 6.997394e+01 2.788091e+01
4.477539e-01 6.960997e+01 2.763012e+01
4.486084e-01 6.924779e+01 2.738175e+01
4.494629e-01 6.888743e+01 2.713579e+01
4.503174e-01 6.852891e+01 2.689221e+01
4.511719e-01 6.817225e+01 2.665101e+01
4.520264e-01 6.781747e+01 2.641218e+01
4.528809e-01 6.746460e+01 2.617569e+01
4.537354e-01 6.711365e+01 2.594154e+01
4.545898e-01 6.676465e+01 2.570971e+01
4.554443e-01 6.641761e+01 2.548020e+01
4.562988e-01 6.607255e+01 2.525297e+01
4.571533e-01 6.572950e+01 2.502803e+01
4.580078e-01 6.538847e+01 2.480536e+01
4.588623e-01 6.504947e+01 2.458494e+01
4.597168e-01 6.471252e+01 2.436676e+01
4.605713e-01 6.437764e+01 2.415080e+01
4.614258e-01 6.404485e+01 2.393705e+01
4.631348e-01 6.338557e+01 2.351613e+01
4.648438e-01 6.273480e+01 2.310387e+01
4.665527e-01 6.209264e+01 2.270015e+01
4.682617e-01 6.145918e+01 2.230486e+01
4.699707e-01 6.083450e+01 2.191788e+01
4.716797e-01 6.021870e+01 2.153908e+01
4.733887e-01 5.961183e+01 2.116834e+01
4.750977e-01 5.901395e+01 2.080554e+01
4.768066e-01 5.842513e+01 2.045056e+01
4.785156e-01 5.784541e+01 2.010327e+01
4.819336e-01 5.671341e+01 1.943128e+01
4.853516e-01 5.561819e+01 1.878859e+01
4.887695e-01 5.455988e+01 1.817420e+01
4.921875e-01 5.353849e+01 1.758714e+01
4.956055e-01 5.255397e+01 1.702643e+01
4.990234e-01 5.160615e+01 1.649110e+01
5.024414e-01 5.069479e+01 1.598022e+01
5.058594e-01 4.981957e+01 1.549282e+01
5.092773e-01 4.898009e+01 1.502799e+01
5.126953e-01 4.817591e+01 1.458483e+01
5.144043e-01 4.778688e+01 1.437109e+01
5.161133e-01 4.740648e+01 1.416243e+01
5.178223e-01 4.703463e+01 1.395875e+01
5.195312e-01 4.667125e+01 1.375993e+01
5.212402e-01 4.631625e+01 1.356587e+01
5.229492e-01 4.596957e+01 1.337647e+01
5.246582e-01 4.563110e+01 1.319162e+01
5.263672e-01 4.530077e+01 1.301122e+01
5.280762e-01 4.497848e+01 1.283518e+01
5.297852e-01 4.466414e+01 1.266338e+01
5.314941e-01 4.435765e+01 1.249573e+01
5.332031e-01 4.405892e+01 1.233215e+01
5.349121e-01 4.376785e+01 1.217252e+01
5.366211e-01 4.348432e+01 1.201676e+01
5.383301e-01 4.320825e+01 1.186478e+01
5.400391e-01 4.293953e+01 1.171648e+01
5.417480e-01 4.267804e+01 1.157177e+01
5.434570e-01 4.242369e+01 1.143058e+01
5.451660e-01 4.217636e+01 1.129280e+01
5.468750e-01 4.193595e+01 1.115836e+01
5.502930e-01 4.147541e+01 1.089916e+01
5.537109e-01 4.104119e+01 1.065231e+01
5.571289e-01 4.063237e+01 1.041720e+01
5.605469e-01 4.024803e+01 1.019321e+01
5.639648e-01 3.988725e+01 9.979763e+00
5.673828e-01 3.954911e+01 9.776300e+00
5.708008e-01 3.923267e+01 9.582281e+00
5.742188e-01 3.893701e+01 9.397190e+00
5.776367e-01 3.866121e+01 9.220533e+00
5.810547e-01 3.840435e+01 9.051834e+00
5.844727e-01 3.816553e+01 8.890640e+00
5.878906e-01 3.794384e+01 8.736518e+00
5.913086e-01 3.773841e+01 8.589053e+00
5.947266e-01 3.754835e+01 8.447852e+00
5.981445e-01 3.737280e+01 8.312536e+00
6.015625e-01 3.721093e+01 8.182748e+00
6.049805e-01 3.706191e+01 8.058147e+00
6.083984e-01 3.692492e+01 7.938409e+00
6.118164e-01 3.679917e+01 7.823226e+00
6.152344e-01 3.668389e+01 7.712307e+00
6.186523e-01 3.657832e+01 7.605374e+00
6.220703e-01 3.648174e+01 7.502166e+00
6.254883e-01 3.639342e+01 7.402437e+00
6.289062e-01 3.631269e+01 7.305951e+00
6.323242e-01 3.623886e+01 7.212488e+00
6.357422e-01 3.617130e+01 7.121840e+00
6.391602e-01 3.610938e+01 7.033812e+00
6.425781e-01 3.605249e+01 6.948219e+00
6.459961e-01 3.600005e+01 6.864888e+00
6.494141e-01 3.595151e+01 6.783656e+00
6.528320e-01 3.590632e+01 6.704372e+00
6.562500e-01 3.586398e+01 6.626893e+00
6.596680e-01 3.582399e+01 6.551086e+00
6.630859e-01 3.578589e+01 6.476827e+00
6.665039e-01 3.574921e+01 6.403999e+00
6.699219e-01 3.571355e+01 6.332495e+00
6.733398e-01 3.567848e+01 6.262214e+00
6.767578e-01 3.564364e+01 6.193064e+00
6.801758e-01 3.560864e+01 6.124959e+00
6.835938e-01 3.557314e+01 6.057818e+00
6.870117e-01 3.553683e+01 5.991569e+00
6.904297e-01 3.549940e+01 5.926144e+00
6.938477e-01 3.546055e+01 5.861481e+00
6.972656e-01 3.542002e+01 5.797523e+00
7.006836e-01 3.537757e+01 5.734218e+00
7.041016e-01 3.533294e+01 5.671519e+00
7.075195e-01 3.528594e+01 5.609382e+00
7.109375e-01 3.523636e+01 5.547769e+00
7.143555e-01 3.518402e+01 5.486645e+00
7.177734e-01 3.512875e+01 5.425978e+00
7.186279e-01 3.511446e+01 5.410880e+00
7.194824e-01 3.509997e+01 5.395808e+00
7.203369e-01 3.508528e+01 5.380761e+00
7.211914e-01 3.507039e+01 5.365741e+00
7.220459e-01 3.505531e+01 5.350745e+00
7.229004e-01 3.504002e+01 5.335775e+00
7.237549e-01 3.502452e+01 5.320829e+00
7.246094e-01 3.500882e+01 5.305907e+00
7.254639e-01 3.499290e+01 5.291010e+00
7.263184e-01 3.497678e+01 5.276135e+00
7.271729e-01 3.496044e+01 5.261284e+00
7.280273e-01 3.494389e+01 5.246456e+00
7.288818e-01 3.492713e+01 5.231651e+00
7.297363e-01 3.491014e+01 5.216868e+00
7.305908e-01 3.489294e+01 5.202107e+00
7.314453e-01 3.487552e+01 5.187368e+00
7.322998e-01 3.485787e+01 5.172651e+00
7.331543e-01 3.484000e+01 5.157955e+00
7.340088e-01 3.482190e+01 5.143280e+00
7.348633e-01 3.480358e+01 5.128626e+00
7.365723e-01 3.476626e+01 5.099380e+00
7.382812e-01 3.472801e+01 5.070215e+00
7.399902e-01 3.468884e+01 5.041130e+00
7.416992e-01 3.464873e+01 5.012124e+00
7.434082e-01 3.460767e+01 4.983194e+00
7.451172e-01 3.456567e+01 4.954341e+00
7.468262e-01 3.452271e+01 4.925564e+00
7.485352e-01 3.447879e+01 4.896860e+00
7.502441e-01 3.443390e+01 4.868230e+00
7.519531e-01 3.438804e+01 4.839673e+00
7.587891e-01 3.419485e+01 4.726163e+00
7.656250e-01 3.398598e+01 4.613788e+00
7.724609e-01 3.376143e+01 4.502544e+00
7.792969e-01 3.352136e+01 4.392441e+00
7.861328e-01 3.326603e+01 4.283505e+00
7.929688e-01 3.299579e+01 4.175770e+00
7.998047e-01 3.271109e+01 4.069277e+00
8.066406e-01 3.241245e+01 3.964075e+00
8.134766e-01 3.210047e+01 3.860215e+00
8.203125e-01 3.177580e+01 3.757750e+00
8.271484e-01 3.143912e+01 3.656736e+00
8.339844e-01 3.109119e+01 3.557227e+00
8.408203e-01 3.073275e+01 3.459276e+00
8.476562e-01 3.036461e+01 3.362933e+00
8.544922e-01 2.998756e+01 3.268248e+00
8.613281e-01 2.960242e+01 3.175266e+00
8.681641e-01 2.921002e+01 3.084028e+00
8.750000e-01 2.881116e+01 2.994572e+00
8.818359e-01 2.840667e+01 2.906932e+00
8.886719e-01 2.799734e+01 2.821136e+00
8.903809e-01 2.789435e+01 2.799979e+00
8.920898e-01 2.779111e+01 2.778938e+00
8.937988e-01 2.768765e+01 2.758016e+00
8.955078e-01 2.758398e+01 2.737211e+00
8.972168e-01 2.748010e+01 2.716524e+00
8.989258e-01 2.737602e+01 2.695956e+00
9.006348e-01 2.727177e+01 2.675507e+00
9.023438e-01 2.716735e+01 2.655176e+00
9.040527e-01 2.706277e+01 2.634965e+00
9.057617e-01 2.695805e+01 2.614873e+00
9.074707e-01 2.685319e+01 2.594901e+00
9.091797e-01 2.674821e+01 2.575049e+00
9.108887e-01 2.664313e+01 2.555316e+00
9.125977e-01 2.653794e+01 2.535704e+00
9.143066e-01 2.643266e+01 2.516212e+00
9.160156e-01 2.632731e+01 2.496841e+00
9.177246e-01 2.622189e+01 2.477589e+00
9.194336e-01 2.611641e+01 2.458459e+00
9.211426e-01 2.601089e+01 2.439449e+00
9.228516e-01 2.590534e+01 2.420559e+00
9.262695e-01 2.569417e+01 2.383142e+00
9.296875e-01 2.548300e+01 2.346209e+00
9.331055e-01 2.527189e+01 2.309757e+00
9.365234e-01 2.506094e+01 2.273789e+00
9.399414e-01 2.485021e+01 2.238302e+00
9.433594e-01 2.463979e+01 2.203296e+00
9.467773e-01 2.442975e+01 2.168770e+00
9.501953e-01 2.422016e+01 2.134722e+00
9.536133e-01 2.401109e+01 2.101152e+00
9.570312e-01 2.380262e+01 2.068058e+00
9.638672e-01 2.338771e+01 2.003288e+00
9.707031e-01 2.297594e+01 1.940397e+00
9.775391e-01 2.256779e+01 1.879364e+00
9.843750e-01 2.216372e+01 1.820169e+00
9.912109e-01 2.176413e+01 1.762785e+00
9.980469e-01 2.136943e+01 1.707188e+00
1.004883e+00 2.097997e+01 1.653348e+00
1.011719e+00 2.059608e+01 1.601235e+00
1.018555e+00 2.021807e+01 1.550819e+00
1.025391e+00 1.984620e+01 1.502066e+00
1.032227e+00 1.948074e+01 1.454941e+00
1.039062e+00 1.912189e+01 1.409411e+00
1.045898e+00 1.876985e+01 1.365438e+00
1.052734e+00 1.842480e+01 1.322986e+00
1.059570e+00 1.808689e+01 1.282019e+00
1.066406e+00 1.775623e+01 1.242498e+00
1.073242e+00 1.743294e+01 1.204385e+00
1.080078e+00 1.711709e+01 1.167642e+00
1.086914e+00 1.680876e+01 1.132232e+00
1.093750e+00 1.650798e+01 1.098115e+00
1.100586e+00 1.621479e+01 1.065255e+00
1.107422e+00 1.592918e+01 1.033612e+00
1.114258e+00 1.565117e+01 1.003149e+00
1.121094e+00 1.538073e+01 9.738302e-01
1.127930e+00 1.511782e+01 9.456172e-01
1.134766e+00 1.486241e+01 9.184742e-01
1.141602e+00 1.461442e+01 8.923653e-01
1.148438e+00 1.437380e+01 8.672552e-01
1.155273e+00 1.414045e+01 8.431093e-01
1.162109e+00 1.391430e+01 8.198936e-01
1.168945e+00 1.369524e+01 7.975748e-01
1.175781e+00 1.348317e+01 7.761202e-01
1.182617e+00 1.327796e+01 7.554979e-01
1.189453e+00 1.307951e+01 7.356769e-01
1.196289e+00 1.288769e+01 7.166267e-01
1.203125e+00 1.270236e+01 6.983177e-01
1.209961e+00 1.252339e+01 6.807211e-01
1.216797e+00 1.235063e+01 6.638088e-01
1.223633e+00 1.218394e+01 6.475538e-01
1.230469e+00 1.202319e+01 6.319294e-01
1.237305e+00 1.186820e+01 6.169101e-01
1.244141e+00 1.171885e+01 6.024709e-01
1.250977e+00 1.157496e+01 5.885880e-01
1.257812e+00 1.143639e+01 5.752378e-01
1.264648e+00 1.130299e+01 5.623980e-01
1.271484e+00 1.117459e+01 5.500468e-01
1.278320e+00 1.105104e+01 5.381631e-01
1.285156e+00 1.093219e+01 5.267268e-01
1.291992e+00 1.081788e+01 5.157182e-01
1.298828e+00 1.070795e+01 5.051185e-01
1.305664e+00 1.060226e+01 4.949096e-01
1.312500e+00 1.050066e+01 4.850740e-01
1.319336e+00 1.040299e+01 4.755951e-01
1.326172e+00 1.030910e+01 4.664565e-01
1.333008e+00 1.021885e+01 4.576429e-01
1.339844e+00 1.013209e+01 4.491393e-01
1.346680e+00 1.004869e+01 4.409316e-01
1.353516e+00 9.968509e+00 4.330059e-01
1.360352e+00 9.891401e+00 4.253492e-01
1.367188e+00 9.817237e+00 4.179489e-01
1.374023e+00 9.745885e+00 4.107931e-01
1.380859e+00 9.677216e+00 4.038701e-01
1.387695e+00 9.611107e+00 3.971690e-01
1.394531e+00 9.547433e+00 3.906792e-01
1.401367e+00 9.486076e+00 3.843907e-01
1.408203e+00 9.426919e+00 3.782939e-01
1.415039e+00 9.369849e+00 3.723796e-01
1.421875e+00 9.314756e+00 3.666391e-01
1.428711e+00 9.261532e+00 3.610640e-01
1.435547e+00 9.210074e+00 3.556465e-01
1.442383e+00 9.160282e+00 3.503789e-01
1.449219e+00 9.112057e+00 3.452540e-01
1.456055e+00 9.065306e+00 3.402650e-01
1.462891e+00 9.019937e+00 3.354053e-01
1.469727e+00 8.975863e+00 3.306688e-01
1.476562e+00 8.932997e+00 3.260496e-01
1.483398e+00 8.891259e+00 3.215420e-01
1.490234e+00 8.850569e+00 3.171408e-01
1.497070e+00 8.810851e+00 3.128410e-01
1.503906e+00 8.772033e+00 3.086376e-01
1.517578e+00 8.696816e+00 3.005027e-01
1.531250e+00 8.624393e+00 2.927025e-01
1.544922e+00 8.554280e+00 2.852073e-01
1.558594e+00 8.486037e+00 2.779900e-01
1.572266e+00 8.419264e+00 2.710269e-01
1.585938e+00 8.353600e+00 2.642967e-01
1.599609e+00 8.288719e+00 2.577803e-01
1.613281e+00 8.224332e+00 2.514610e-01
1.626953e+00 8.160181e+00 2.453239e-01
1.640625e+00 8.096039e+00 2.393559e-01
1.654297e+00 8.031709e+00 2.335453e-01
1.667969e+00 7.967020e+00 2.278821e-01
1.681641e+00 7.901826e+00 2.223572e-01
1.695312e+00 7.836003e+00 2.169628e-01
1.708984e+00 7.769452e+00 2.116920e-01
1.722656e+00 7.702091e+00 2.065388e-01
1.736328e+00 7.633857e+00 2.014979e-01
1.750000e+00 7.564702e+00 1.965649e-01
1.763672e+00 7.494597e+00 1.917356e-01
1.777344e+00 7.423523e+00 1.870068e-01
1.780762e+00 7.405602e+00 1.858399e-01
1.784180e+00 7.387620e+00 1.846790e-01
1.787598e+00 7.369578e+00 1.835241e-01
1.791016e+00 7.351475e+00 1.823752e-01
1.794434e+00 7.333311e+00 1.812322e-01
1.797852e+00 7.315087e+00 1.800951e-01
1.801270e+00 7.296803e+00 1.789639e-01
1.804688e+00 7.278459e+00 1.778384e-01
1.808105e+00 7.260055e+00 1.767187e-01
1.811523e+00 7.241593e+00 1.756048e-01
1.814941e+00 7.223072e+00 1.744965e-01
1.818359e+00 7.204492e+00 1.733940e-01
1.821777e+00 7.185854e+00 1.722971e-01
1.825195e+00 7.167159e+00 1.712058e-01
1.828613e+00 7.148407e+00 1.701201e-01
1.832031e+00 7.129598e+00 1.690400e-01
1.835449e+00 7.110734e+00 1.679654e-01
1.838867e+00 7.091814e+00 1.668963e-01
1.842285e+00 7.072839e+00 1.658327e-01
1.845703e+00 7.053811e+00 1.647746e-01
1.852539e+00 7.015594e+00 1.626746e-01
1.859375e+00 6.977169e+00 1.605962e-01
1.866211e+00 6.938541e+00 1.585393e-01
1.873047e+00 6.899718e+00 1.565035e-01
1.879883e+00 6.860705e+00 1.544889e-01
1.886719e+00 6.821509e+00 1.524952e-01
1.893555e+00 6.782138e+00 1.505224e-01
1.900391e+00 6.742597e+00 1.485702e-01
1.907227e+00 6.702896e+00 1.466385e-01
1.914062e+00 6.663041e+00 1.447273e-01
1.941406e+00 6.502241e+00 1.372841e-01
1.968750e+00 6.339625e+00 1.301585e-01
1.996094e+00 6.175728e+00 1.233435e-01
2.023438e+00 6.011089e+00 1.168325e-01
2.050781e+00 5.846243e+00 1.106186e-01
2.078125e+00 5.681706e+00 1.046949e-01
2.105469e+00 5.517975e+00 9.905405e-02
2.132812e+00 5.355514e+00 9.368842e-02
2.160156e+00 5.194757e+00 8.859007e-02
2.187500e+00 5.036103e+00 8.375073e-02
2.214844e+00 4.879912e+00 7.916185e-02
2.242188e+00 4.726508e+00 7.481465e-02
2.269531e+00 4.576176e+00 7.070019e-02
2.296875e+00 4.429166e+00 6.680937e-02
2.324219e+00 4.285689e+00 6.313306e-02
2.351562e+00 4.145924e+00 5.966209e-02
2.378906e+00 4.010016e+00 5.638734e-02
2.406250e+00 3.878079e+00 5.329976e-02
2.433594e+00 3.750198e+00 5.039044e-02
2.460938e+00 3.626433e+00 4.765062e-02
2.488281e+00 3.506817e+00 4.507173e-02
2.515625e+00 3.391362e+00 4.264543e-02
2.542969e+00 3.280061e+00 4.036361e-02
2.570312e+00 3.172886e+00 3.821843e-02
2.597656e+00 3.069796e+00 3.620231e-02
2.625000e+00 2.970733e+00 3.430798e-02
2.652344e+00 2.875628e+00 3.252844e-02
2.679688e+00 2.784402e+00 3.085700e-02
2.707031e+00 2.696964e+00 2.928726e-02
2.734375e+00 2.613219e+00 2.781312e-02
2.748047e+00 2.572699e+00 2.711008e-02
2.761719e+00 2.533062e+00 2.642878e-02
2.775391e+00 2.494296e+00 2.576854e-02
2.789062e+00 2.456386e+00 2.512871e-02
2.802734e+00 2.419318e+00 2.450864e-02
2.816406e+00 2.383078e+00 2.390770e-02
2.830078e+00 2.347651e+00 2.332528e-02
2.843750e+00 2.313023e+00 2.276079e-02
2.857422e+00 2.279179e+00 2.221365e-02
2.871094e+00 2.246104e+00 2.168330e-02
2.884766e+00 2.213784e+00 2.116919e-02
2.898438e+00 2.182203e+00 2.067080e-02
2.912109e+00 2.151346e+00 2.018762e-02
2.925781e+00 2.121199e+00 1.971914e-02
2.939453e+00 2.091747e+00 1.926488e-02
2.953125e+00 2.062976e+00 1.882438e-02
2.966797e+00 2.034869e+00 1.839717e-02
2.980469e+00 2.007414e+00 1.798283e-02
2.994141e+00 1.980595e+00 1.758091e-02
3.007812e+00 1.954398e+00 1.719102e-02
3.035156e+00 1.903812e+00 1.644569e-02
3.062500e+00 1.855544e+00 1.574379e-02
3.089844e+00 1.809484e+00 1.508245e-02
3.117188e+00 1.765525e+00 1.445899e-02
3.144531e+00 1.723561e+00 1.387091e-02
3.171875e+00 1.683491e+00 1.331585e-02
3.199219e+00 1.645218e+00 1.279162e-02
3.226562e+00 1.608645e+00 1.229618e-02
3.253906e+00 1.573683e+00 1.182762e-02
3.281250e+00 1.540244e+00 1.138416e-02
3.308594e+00 1.508242e+00 1.096413e-02
3.335938e+00 1.477597e+00 1.056599e-02
3.363281e+00 1.448231e+00 1.018830e-02
3.390625e+00 1.420072e+00 9.829716e-03
3.417969e+00 1.393048e+00 9.488990e-03
3.445312e+00 1.367092e+00 9.164962e-03
3.472656e+00 1.342141e+00 8.856551e-03
3.500000e+00 1.318133e+00 8.562752e-03
3.527344e+00 1.295012e+00 8.282634e-03
3.554688e+00 1.272723e+00 8.015327e-03
3.582031e+00 1.251215e+00 7.760026e-03
3.609375e+00 1.230438e+00 7.515982e-03
3.636719e+00 1.210346e+00 7.282498e-03
3.664062e+00 1.190898e+00 7.058929e-03
3.691406e+00 1.172051e+00 6.844675e-03
3.718750e+00 1.153767e+00 6.639177e-03
3.746094e+00 1.136010e+00 6.441918e-03
3.773438e+00 1.118747e+00 6.252416e-03
3.800781e+00 1.101946e+00 6.070225e-03
3.828125e+00 1.085577e+00 5.894929e-03
3.882812e+00 1.054026e+00 5.563507e-03
3.937500e+00 1.023894e+00 5.255378e-03
3.992188e+00 9.950063e-01 4.968143e-03
4.046875e+00 9.672129e-01 4.699727e-03
4.101562e+00 9.403844e-01 4.448329e-03
4.156250e+00 9.144103e-01 4.212384e-03
4.210938e+00 8.891967e-01 3.990528e-03
4.265625e+00 8.646643e-01 3.781571e-03
4.320312e+00 8.407466e-01 3.584470e-03
4.375000e+00 8.173883e-01 3.398306e-03
4.484375e+00 7.721762e-01 3.055644e-03
4.593750e+00 7.287571e-01 2.748136e-03
4.703125e+00 6.869595e-01 2.471429e-03
4.812500e+00 6.466825e-01 2.221978e-03
4.921875e+00 6.078745e-01 1.996838e-03
5.031250e+00 5.705154e-01 1.793518e-03
5.140625e+00 5.346043e-01 1.609870e-03
5.250000e+00 5.001504e-01 1.444017e-03
5.359375e+00 4.671659e-01 1.294294e-03
5.468750e+00 4.356615e-01 1.159213e-03
5.523438e+00 4.204666e-01 1.096738e-03
5.578125e+00 4.056436e-01 1.037429e-03
5.632812e+00 3.911924e-01 9.811378e-04
5.687500e+00 3.771123e-01 9.277224e-04
5.742188e+00 3.634021e-01 8.770470e-04
5.796875e+00 3.500602e-01 8.289819e-04
5.851562e+00 3.370846e-01 7.834031e-04
5.906250e+00 3.244726e-01 7.401922e-04
5.960938e+00 3.122213e-01 6.992356e-04
6.015625e+00 3.003273e-01 6.604248e-04
6.070312e+00 2.887866e-01 6.236560e-04
6.125000e+00 2.775952e-01 5.888299e-04
6.179688e+00 2.667483e-01 5.558515e-04
6.234375e+00 2.562411e-01 5.246299e-04
6.289062e+00 2.460683e-01 4.950783e-04
6.343750e+00 2.362243e-01 4.671137e-04
6.398438e+00 2.267035e-01 4.406568e-04
6.453125e+00 2.174997e-01 4.156317e-04
6.507812e+00 2.086069e-01 3.919663e-04
6.562500e+00 2.000185e-01 3.695912e-04
6.671875e+00 1.837289e-01 3.284519e-04
6.781250e+00 1.685773e-01 2.917223e-04
6.890625e+00 1.545085e-01 2.589557e-04
7.000000e+00 1.414670e-01 2.297467e-04
7.109375e+00 1.293969e-01 2.037281e-04
7.218750e+00 1.182427e-01 1.805679e-04
7.328125e+00 1.079500e-01 1.599658e-04
7.437500e+00 9.846544e-02 1.416511e-04
7.546875e+00 8.973715e-02 1.253800e-04
7.656250e+00 8.171505e-02 1.109328e-04
7.765625e+00 7.435098e-02 9.811243e-05
7.875000e+00 6.759884e-02 8.674177e-05
7.984375e+00 6.141469e-02 7.666208e-05
8.093750e+00 5.575681e-02 6.773115e-05
8.203125e+00 5.058570e-02 5.982177e-05
8.312500e+00 4.586412e-02 5.282019e-05
8.421875e+00 4.155705e-02 4.662483e-05
8.531250e+00 3.763163e-02 4.114507e-05
8.640625e+00 3.405712e-02 3.630009e-05
8.750000e+00 3.080483e-02 3.201790e-05
8.968750e+00 2.516206e-02 2.489273e-05
9.187500e+00 2.051190e-02 1.933755e-05
9.406250e+00 1.669021e-02 1.501132e-05
9.625000e+00 1.355733e-02 1.164563e-05
9.843750e+00 1.099511e-02 9.029602e-06
1.006250e+01 8.904107e-03 6.997916e-06
1.028125e+01 7.201023e-03 5.421163e-06
1.050000e+01 5.816408e-03 4.198232e-06
1.071875e+01 4.692594e-03 3.250235e-06
1.093750e+01 3.781871e-03 2.515711e-06
1.115625e+01 3.044897e-03 1.946822e-06
1.137500e+01 2.449316e-03 1.506372e-06
1.159375e+01 1.968577e-03 1.165453e-06
1.181250e+01 1.580967e-03 9.016318e-07
1.203125e+01 1.268766e-03 6.975095e-07
1.225000e+01 1.017543e-03 5.395985e-07
1.246875e+01 8.155660e-04 4.174490e-07
1.268750e+01 6.533139e-04 3.229683e-07
1.290625e+01 5.230721e-04 2.498915e-07
1.312500e+01 4.185966e-04 1.933692e-07
1.356250e+01 2.677379e-04 1.158299e-07
1.400000e+01 1.709930e-04 6.942444e-08
1.443750e+01 1.090662e-04 4.163863e-08
1.487500e+01 6.949044e-05 2.499201e-08
1.531250e+01 4.423593e-05 1.501319e-08
1.575000e+01 2.813929e-05 9.026972e-09
1.618750e+01 1.788848e-05 5.432552e-09
1.662500e+01 1.136604e-05 3.272473e-09
1.706250e+01 7.218053e-06 1.972990e-09
1.750000e+01 4.581988e-06 1.190606e-09
1.837500e+01 1.844028e-06 4.346132e-10
1.925000e+01 7.425303e-07 1.594567e-10
2.012500e+01 2.987309e-07 5.869466e-11
2.100000e+01 1.192992e-07 2.152727e-11
2.187500e+01 4.830526e-08 8.033198e-12
2.275000e+01 1.990328e-08 3.060215e-12
2.362500e+01 7.393956e-09 1.054201e-12
2.450000e+01 3.048477e-09 4.041484e-13
2.537500e+01 1.791106e-09 2.213601e-13
2.625000e+01 5.564083e-10 6.425769e-14
2.712500e+01 2.579100e-10 2.789452e-14
2.800000e+01 1.398714e-10 1.419721e-14
2.887500e+01 9.394663e-11 8.966591e-15
2.975000e+01 7.693732e-11 6.917565e-15
3.062500e+01 7.175709e-11 6.088394e-15
3.150000e+01 7.114897e-11 5.706077e-15
3.237500e+01 7.217551e-11 5.479746e-15
3.325000e+01 7.400934e-11 5.327131e-15
3.412500e+01 7.605961e-11 5.197553e-15
3.500000e+01 7.797780e-11 5.065532e-15
3.850000e+01 8.465949e-11 4.545109e-15
4.200000e+01 8.889144e-11 4.010066e-15
4.550000e+01 9.104606e-11 3.499681e-15
4.900000e+01 9.211982e-11 3.053171e-15
5.250000e+01 9.318374e-11 2.690368e-15
5.600000e+01 9.488627e-11 2.407784e-15
5.950000e+01 9.726831e-11 2.186390e-15
6.300000e+01 9.996261e-11 2.004226e-15
6.650000e+01 1.026631e-10 1.847401e-15
7.000000e+01 1.055622e-10 1.714362e-15
7.700000e+01 1.134743e-10 1.523022e-15
8.400000e+01 1.307055e-10 1.474095e-15
9.100000e+01 1.412182e-10 1.357057e-15
9.800000e+01 1.340354e-10 1.110600e-15
1.050000e+02 1.279859e-10 9.237906e-16
1.120000e+02 1.354363e-10 8.591898e-16
1.190000e+02 1.378015e-10 7.743730e-16
1.260000e+02 1.033955e-10 5.182633e-16
1.330000e+02 3.596223e-11 1.617832e-16
1.400000e+02 0.000000e+00 0.000000e+00
