# 
# Output from RAtom program.
# 
# Total radial electron density.
# The first column contains radius $r$ in bohr units.
# The second column holds $\rho(r)$.
# The third column holds $\tilde{\rho}(r) = \rho(r) / (\pi * r * r)$
# 
# Use this file with gnuplot to create the plot.
# 
# R     Rho     RhoTilde
#
0.000000e+00 0.000000e+00 1.691228e+05
1.220703e-04 3.119310e-02 1.665822e+05
2.441406e-04 1.228980e-01 1.640797e+05
3.662109e-04 2.723667e-01 1.616150e+05
4.882812e-04 4.769341e-01 1.591873e+05
6.103516e-04 7.340160e-01 1.567962e+05
7.324219e-04 1.041107e+00 1.544411e+05
8.544922e-04 1.395779e+00 1.521215e+05
9.765625e-04 1.795678e+00 1.498368e+05
1.098633e-03 2.238525e+00 1.475866e+05
1.220703e-03 2.722109e+00 1.453703e+05
1.342773e-03 3.244293e+00 1.431874e+05
1.464844e-03 3.803004e+00 1.410374e+05
1.586914e-03 4.396237e+00 1.389199e+05
1.708984e-03 5.022049e+00 1.368343e+05
1.831055e-03 5.678564e+00 1.347802e+05
1.953125e-03 6.363963e+00 1.327571e+05
2.075195e-03 7.076487e+00 1.307645e+05
2.197266e-03 7.814439e+00 1.288021e+05
2.319336e-03 8.576173e+00 1.268692e+05
2.441406e-03 9.360101e+00 1.249656e+05
2.685547e-03 1.098845e+01 1.212443e+05
2.929688e-03 1.268784e+01 1.176346e+05
3.173828e-03 1.444738e+01 1.141333e+05
3.417969e-03 1.625697e+01 1.107372e+05
3.662109e-03 1.810720e+01 1.074432e+05
3.906250e-03 1.998934e+01 1.042482e+05
4.150391e-03 2.189529e+01 1.011493e+05
4.394531e-03 2.381757e+01 9.814370e+04
4.638672e-03 2.574924e+01 9.522857e+04
4.882812e-03 2.768394e+01 9.240127e+04
5.126953e-03 2.961579e+01 8.965918e+04
5.371094e-03 3.153940e+01 8.699977e+04
5.615234e-03 3.344984e+01 8.442060e+04
5.859375e-03 3.534260e+01 8.191927e+04
6.103516e-03 3.721358e+01 7.949348e+04
6.347656e-03 3.905906e+01 7.714098e+04
6.591797e-03 4.087568e+01 7.485959e+04
6.835938e-03 4.266040e+01 7.264721e+04
7.080078e-03 4.441053e+01 7.050177e+04
7.324219e-03 4.612365e+01 6.842128e+04
7.568359e-03 4.779763e+01 6.640381e+04
7.812500e-03 4.943061e+01 6.444749e+04
8.056641e-03 5.102095e+01 6.255049e+04
8.300781e-03 5.256728e+01 6.071104e+04
8.544922e-03 5.406841e+01 5.892743e+04
8.789062e-03 5.552336e+01 5.719799e+04
9.033203e-03 5.693136e+01 5.552111e+04
9.277344e-03 5.829179e+01 5.389521e+04
9.521484e-03 5.960419e+01 5.231878e+04
9.765625e-03 6.086828e+01 5.079033e+04
1.000977e-02 6.208389e+01 4.930844e+04
1.025391e-02 6.325100e+01 4.787170e+04
1.049805e-02 6.436970e+01 4.647877e+04
1.074219e-02 6.544020e+01 4.512833e+04
1.098633e-02 6.646281e+01 4.381912e+04
1.123047e-02 6.743792e+01 4.254990e+04
1.147461e-02 6.836604e+01 4.131947e+04
1.171875e-02 6.924772e+01 4.012666e+04
1.196289e-02 7.008361e+01 3.897035e+04
1.220703e-02 7.087441e+01 3.784944e+04
1.232910e-02 7.125315e+01 3.730193e+04
1.245117e-02 7.162090e+01 3.676287e+04
1.257324e-02 7.197778e+01 3.623214e+04
1.269531e-02 7.232389e+01 3.570961e+04
1.281738e-02 7.265934e+01 3.519515e+04
1.293945e-02 7.298424e+01 3.468865e+04
1.306152e-02 7.329871e+01 3.418998e+04
1.318359e-02 7.360287e+01 3.369902e+04
1.330566e-02 7.389683e+01 3.321566e+04
1.342773e-02 7.418073e+01 3.273978e+04
1.354980e-02 7.445468e+01 3.227127e+04
1.367188e-02 7.471880e+01 3.181001e+04
1.379395e-02 7.497323e+01 3.135591e+04
1.391602e-02 7.521809e+01 3.090883e+04
1.403809e-02 7.545352e+01 3.046869e+04
1.416016e-02 7.567964e+01 3.003538e+04
1.428223e-02 7.589659e+01 2.960878e+04
1.440430e-02 7.610450e+01 2.918881e+04
1.452637e-02 7.630351e+01 2.877535e+04
1.464844e-02 7.649376e+01 2.836831e+04
1.489258e-02 7.684848e+01 2.757310e+04
1.513672e-02 7.716979e+01 2.680242e+04
1.538086e-02 7.745879e+01 2.605551e+04
1.562500e-02 7.771658e+01 2.533167e+04
1.586914e-02 7.794429e+01 2.463018e+04
1.611328e-02 7.814304e+01 2.395038e+04
1.635742e-02 7.831394e+01 2.329161e+04
1.660156e-02 7.845810e+01 2.265322e+04
1.684570e-02 7.857663e+01 2.203460e+04
1.708984e-02 7.867063e+01 2.143515e+04
1.733398e-02 7.874119e+01 2.085429e+04
1.757812e-02 7.878940e+01 2.029144e+04
1.782227e-02 7.881631e+01 1.974606e+04
1.806641e-02 7.882299e+01 1.921761e+04
1.831055e-02 7.881047e+01 1.870559e+04
1.855469e-02 7.877978e+01 1.820948e+04
1.879883e-02 7.873193e+01 1.772881e+04
1.904297e-02 7.866792e+01 1.726309e+04
1.928711e-02 7.858872e+01 1.681187e+04
1.953125e-02 7.849528e+01 1.637471e+04
2.001953e-02 7.826942e+01 1.554084e+04
2.050781e-02 7.799761e+01 1.475818e+04
2.099609e-02 7.768679e+01 1.402362e+04
2.148438e-02 7.734354e+01 1.333425e+04
2.197266e-02 7.697411e+01 1.268731e+04
2.246094e-02 7.658441e+01 1.208022e+04
2.294922e-02 7.618000e+01 1.151053e+04
2.343750e-02 7.576608e+01 1.097596e+04
2.392578e-02 7.534750e+01 1.047434e+04
2.441406e-02 7.492879e+01 1.000366e+04
2.453613e-02 7.482459e+01 9.890591e+03
2.465820e-02 7.472071e+01 9.779311e+03
2.478027e-02 7.461720e+01 9.669787e+03
2.490234e-02 7.451413e+01 9.561991e+03
2.502441e-02 7.441156e+01 9.455897e+03
2.514648e-02 7.430954e+01 9.351476e+03
2.526855e-02 7.420813e+01 9.248703e+03
2.539062e-02 7.410738e+01 9.147551e+03
2.551270e-02 7.400735e+01 9.047994e+03
2.563477e-02 7.390809e+01 8.950007e+03
2.569580e-02 7.385876e+01 8.901595e+03
2.575684e-02 7.380965e+01 8.853566e+03
2.581787e-02 7.376075e+01 8.805917e+03
2.587891e-02 7.371207e+01 8.758645e+03
2.593994e-02 7.366363e+01 8.711747e+03
2.600098e-02 7.361542e+01 8.665220e+03
2.606201e-02 7.356745e+01 8.619061e+03
2.612305e-02 7.351973e+01 8.573268e+03
2.618408e-02 7.347226e+01 8.527836e+03
2.624512e-02 7.342506e+01 8.482764e+03
2.630615e-02 7.337811e+01 8.438049e+03
2.636719e-02 7.333144e+01 8.393686e+03
2.642822e-02 7.328504e+01 8.349675e+03
2.648926e-02 7.323893e+01 8.306011e+03
2.655029e-02 7.319310e+01 8.262693e+03
2.661133e-02 7.314756e+01 8.219717e+03
2.667236e-02 7.310231e+01 8.177080e+03
2.673340e-02 7.305737e+01 8.134781e+03
2.679443e-02 7.301274e+01 8.092815e+03
2.685547e-02 7.296842e+01 8.051181e+03
2.709961e-02 7.279434e+01 7.887906e+03
2.734375e-02 7.262564e+01 7.729724e+03
2.758789e-02 7.246260e+01 7.576472e+03
2.783203e-02 7.230548e+01 7.427994e+03
2.807617e-02 7.215455e+01 7.284136e+03
2.832031e-02 7.201003e+01 7.144750e+03
2.856445e-02 7.187216e+01 7.009693e+03
2.880859e-02 7.174114e+01 6.878826e+03
2.905273e-02 7.161717e+01 6.752013e+03
2.929688e-02 7.150042e+01 6.629123e+03
2.978516e-02 7.128923e+01 6.394613e+03
3.027344e-02 7.110872e+01 6.174326e+03
3.076172e-02 7.095986e+01 5.967352e+03
3.125000e-02 7.084338e+01 5.772838e+03
3.173828e-02 7.075984e+01 5.589979e+03
3.222656e-02 7.070965e+01 5.418023e+03
3.271484e-02 7.069303e+01 5.256262e+03
3.320312e-02 7.071005e+01 5.104031e+03
3.369141e-02 7.076065e+01 4.960708e+03
3.417969e-02 7.084464e+01 4.825707e+03
3.466797e-02 7.096170e+01 4.698480e+03
3.515625e-02 7.111140e+01 4.578511e+03
3.564453e-02 7.129321e+01 4.465319e+03
3.613281e-02 7.150650e+01 4.358451e+03
3.662109e-02 7.175056e+01 4.257482e+03
3.710938e-02 7.202460e+01 4.162016e+03
3.759766e-02 7.232776e+01 4.071680e+03
3.808594e-02 7.265911e+01 3.986125e+03
3.857422e-02 7.301768e+01 3.905025e+03
3.906250e-02 7.340243e+01 3.828075e+03
3.955078e-02 7.381229e+01 3.754989e+03
4.003906e-02 7.424616e+01 3.685499e+03
4.052734e-02 7.470289e+01 3.619355e+03
4.101562e-02 7.518131e+01 3.556324e+03
4.150391e-02 7.568024e+01 3.496187e+03
4.199219e-02 7.619847e+01 3.438741e+03
4.248047e-02 7.673479e+01 3.383793e+03
4.296875e-02 7.728797e+01 3.331168e+03
4.345703e-02 7.785678e+01 3.280699e+03
4.394531e-02 7.843999e+01 3.232232e+03
4.443359e-02 7.903637e+01 3.185622e+03
4.492188e-02 7.964472e+01 3.140735e+03
4.541016e-02 8.026380e+01 3.097447e+03
4.589844e-02 8.089244e+01 3.055641e+03
4.638672e-02 8.152944e+01 3.015208e+03
4.687500e-02 8.217363e+01 2.976049e+03
4.736328e-02 8.282386e+01 2.938069e+03
4.785156e-02 8.347902e+01 2.901184e+03
4.833984e-02 8.413798e+01 2.865311e+03
4.882812e-02 8.479967e+01 2.830377e+03
4.907227e-02 8.513121e+01 2.813240e+03
4.931641e-02 8.546304e+01 2.796312e+03
4.956055e-02 8.579502e+01 2.779586e+03
4.980469e-02 8.612705e+01 2.763053e+03
5.004883e-02 8.645898e+01 2.746707e+03
5.029297e-02 8.679070e+01 2.730541e+03
5.053711e-02 8.712208e+01 2.714548e+03
5.078125e-02 8.745302e+01 2.698722e+03
5.102539e-02 8.778338e+01 2.683056e+03
5.126953e-02 8.811307e+01 2.667545e+03
5.133057e-02 8.819537e+01 2.663691e+03
5.139160e-02 8.827762e+01 2.659846e+03
5.145264e-02 8.835981e+01 2.656010e+03
5.151367e-02 8.844195e+01 2.652183e+03
5.157471e-02 8.852404e+01 2.648365e+03
5.163574e-02 8.860606e+01 2.644556e+03
5.169678e-02 8.868803e+01 2.640756e+03
5.175781e-02 8.876993e+01 2.636964e+03
5.181885e-02 8.885177e+01 2.633181e+03
5.187988e-02 8.893355e+01 2.629407e+03
5.194092e-02 8.901526e+01 2.625641e+03
5.200195e-02 8.909689e+01 2.621884e+03
5.206299e-02 8.917846e+01 2.618134e+03
5.212402e-02 8.925996e+01 2.614394e+03
5.218506e-02 8.934138e+01 2.610661e+03
5.224609e-02 8.942273e+01 2.606936e+03
5.230713e-02 8.950400e+01 2.603220e+03
5.236816e-02 8.958519e+01 2.599511e+03
5.242920e-02 8.966630e+01 2.595810e+03
5.249023e-02 8.974733e+01 2.592117e+03
5.261230e-02 8.990913e+01 2.584755e+03
5.273438e-02 9.007059e+01 2.577422e+03
5.285645e-02 9.023169e+01 2.570120e+03
5.297852e-02 9.039242e+01 2.562846e+03
5.310059e-02 9.055277e+01 2.555602e+03
5.322266e-02 9.071272e+01 2.548386e+03
5.334473e-02 9.087226e+01 2.541198e+03
5.346680e-02 9.103138e+01 2.534037e+03
5.358887e-02 9.119006e+01 2.526903e+03
5.371094e-02 9.134831e+01 2.519795e+03
5.419922e-02 9.197661e+01 2.491618e+03
5.468750e-02 9.259691e+01 2.463829e+03
5.517578e-02 9.320851e+01 2.436401e+03
5.566406e-02 9.381076e+01 2.409312e+03
5.615234e-02 9.440302e+01 2.382540e+03
5.664062e-02 9.498470e+01 2.356068e+03
5.712891e-02 9.555525e+01 2.329876e+03
5.761719e-02 9.611414e+01 2.303951e+03
5.810547e-02 9.666086e+01 2.278278e+03
5.859375e-02 9.719495e+01 2.252845e+03
5.908203e-02 9.771597e+01 2.227639e+03
5.957031e-02 9.822352e+01 2.202652e+03
6.005859e-02 9.871722e+01 2.177874e+03
6.054688e-02 9.919672e+01 2.153297e+03
6.103516e-02 9.966170e+01 2.128915e+03
6.152344e-02 1.001119e+02 2.104721e+03
6.201172e-02 1.005470e+02 2.080711e+03
6.250000e-02 1.009668e+02 2.056879e+03
6.298828e-02 1.013711e+02 2.033222e+03
6.347656e-02 1.017597e+02 2.009737e+03
6.396484e-02 1.021325e+02 1.986421e+03
6.445312e-02 1.024892e+02 1.963272e+03
6.494141e-02 1.028299e+02 1.940288e+03
6.542969e-02 1.031544e+02 1.917468e+03
6.591797e-02 1.034626e+02 1.894811e+03
6.640625e-02 1.037546e+02 1.872317e+03
6.689453e-02 1.040302e+02 1.849986e+03
6.738281e-02 1.042895e+02 1.827816e+03
6.787109e-02 1.045325e+02 1.805810e+03
6.835938e-02 1.047593e+02 1.783966e+03
6.884766e-02 1.049699e+02 1.762286e+03
6.933594e-02 1.051643e+02 1.740771e+03
6.982422e-02 1.053427e+02 1.719421e+03
7.031250e-02 1.055051e+02 1.698238e+03
7.080078e-02 1.056518e+02 1.677223e+03
7.128906e-02 1.057827e+02 1.656377e+03
7.177734e-02 1.058981e+02 1.635700e+03
7.226562e-02 1.059982e+02 1.615196e+03
7.275391e-02 1.060831e+02 1.594864e+03
7.324219e-02 1.061529e+02 1.574706e+03
7.373047e-02 1.062080e+02 1.554724e+03
7.421875e-02 1.062485e+02 1.534919e+03
7.470703e-02 1.062746e+02 1.515293e+03
7.519531e-02 1.062866e+02 1.495846e+03
7.568359e-02 1.062846e+02 1.476580e+03
7.617188e-02 1.062690e+02 1.457497e+03
7.666016e-02 1.062401e+02 1.438597e+03
7.714844e-02 1.061980e+02 1.419881e+03
7.763672e-02 1.061430e+02 1.401352e+03
7.812500e-02 1.060755e+02 1.383009e+03
7.910156e-02 1.059038e+02 1.346888e+03
8.007812e-02 1.056853e+02 1.311526e+03
8.105469e-02 1.054224e+02 1.276929e+03
8.203125e-02 1.051174e+02 1.243101e+03
8.300781e-02 1.047731e+02 1.210046e+03
8.398438e-02 1.043918e+02 1.177767e+03
8.496094e-02 1.039761e+02 1.146265e+03
8.593750e-02 1.035286e+02 1.115540e+03
8.691406e-02 1.030519e+02 1.085590e+03
8.789062e-02 1.025484e+02 1.056414e+03
8.886719e-02 1.020209e+02 1.028007e+03
8.984375e-02 1.014716e+02 1.000366e+03
9.082031e-02 1.009031e+02 9.734840e+02
9.179688e-02 1.003179e+02 9.473550e+02
9.277344e-02 9.971823e+01 9.219713e+02
9.375000e-02 9.910648e+01 8.973247e+02
9.472656e-02 9.848487e+01 8.734059e+02
9.570312e-02 9.785561e+01 8.502050e+02
9.667969e-02 9.722081e+01 8.277113e+02
9.765625e-02 9.658252e+01 8.059138e+02
9.814453e-02 9.626268e+01 7.952724e+02
9.863281e-02 9.594270e+01 7.848005e+02
9.912109e-02 9.562282e+01 7.744966e+02
9.960938e-02 9.530326e+01 7.643591e+02
1.000977e-01 9.498425e+01 7.543865e+02
1.005859e-01 9.466600e+01 7.445770e+02
1.010742e-01 9.434873e+01 7.349290e+02
1.015625e-01 9.403265e+01 7.254409e+02
1.020508e-01 9.371796e+01 7.161109e+02
1.025391e-01 9.340487e+01 7.069374e+02
1.026611e-01 9.332686e+01 7.046682e+02
1.027832e-01 9.324897e+01 7.024087e+02
1.029053e-01 9.317120e+01 7.001588e+02
1.030273e-01 9.309355e+01 6.979185e+02
1.031494e-01 9.301602e+01 6.956878e+02
1.032715e-01 9.293862e+01 6.934666e+02
1.033936e-01 9.286135e+01 6.912548e+02
1.035156e-01 9.278421e+01 6.890526e+02
1.036377e-01 9.270720e+01 6.868598e+02
1.037598e-01 9.263033e+01 6.846765e+02
1.038818e-01 9.255360e+01 6.825025e+02
1.040039e-01 9.247702e+01 6.803379e+02
1.041260e-01 9.240058e+01 6.781826e+02
1.042480e-01 9.232429e+01 6.760366e+02
1.043701e-01 9.224815e+01 6.739000e+02
1.044922e-01 9.217216e+01 6.717726e+02
1.046143e-01 9.209633e+01 6.696544e+02
1.047363e-01 9.202066e+01 6.675454e+02
1.048584e-01 9.194516e+01 6.654456e+02
1.049805e-01 9.186981e+01 6.633549e+02
1.052246e-01 9.171963e+01 6.592009e+02
1.054688e-01 9.157013e+01 6.550831e+02
1.057129e-01 9.142134e+01 6.510013e+02
1.059570e-01 9.127328e+01 6.469553e+02
1.062012e-01 9.112597e+01 6.429448e+02
1.064453e-01 9.097942e+01 6.389696e+02
1.066895e-01 9.083366e+01 6.350296e+02
1.069336e-01 9.068870e+01 6.311244e+02
1.071777e-01 9.054456e+01 6.272539e+02
1.074219e-01 9.040126e+01 6.234178e+02
1.083984e-01 8.983679e+01 6.084128e+02
1.093750e-01 8.928708e+01 5.939401e+02
1.103516e-01 8.875311e+01 5.799850e+02
1.113281e-01 8.823578e+01 5.665328e+02
1.123047e-01 8.773591e+01 5.535690e+02
1.132812e-01 8.725423e+01 5.410788e+02
1.142578e-01 8.679142e+01 5.290480e+02
1.152344e-01 8.634806e+01 5.174622e+02
1.162109e-01 8.592468e+01 5.063072e+02
1.171875e-01 8.552173e+01 4.955689e+02
1.181641e-01 8.513957e+01 4.852335e+02
1.191406e-01 8.477853e+01 4.752874e+02
1.201172e-01 8.443886e+01 4.657171e+02
1.210938e-01 8.412073e+01 4.565094e+02
1.220703e-01 8.382428e+01 4.476513e+02
1.230469e-01 8.354958e+01 4.391301e+02
1.240234e-01 8.329664e+01 4.309333e+02
1.250000e-01 8.306542e+01 4.230487e+02
1.259766e-01 8.285583e+01 4.154643e+02
1.269531e-01 8.266774e+01 4.081684e+02
1.279297e-01 8.250097e+01 4.011497e+02
1.289062e-01 8.235528e+01 3.943970e+02
1.298828e-01 8.223042e+01 3.878995e+02
1.308594e-01 8.212607e+01 3.816467e+02
1.318359e-01 8.204189e+01 3.756282e+02
1.328125e-01 8.197752e+01 3.698341e+02
1.337891e-01 8.193253e+01 3.642548e+02
1.347656e-01 8.190650e+01 3.588808e+02
1.357422e-01 8.189895e+01 3.537030e+02
1.367188e-01 8.190940e+01 3.487127e+02
1.376953e-01 8.193733e+01 3.439012e+02
1.386719e-01 8.198221e+01 3.392603e+02
1.396484e-01 8.204348e+01 3.347819e+02
1.406250e-01 8.212056e+01 3.304585e+02
1.416016e-01 8.221287e+01 3.262825e+02
1.425781e-01 8.231980e+01 3.222468e+02
1.435547e-01 8.244074e+01 3.183444e+02
1.445312e-01 8.257507e+01 3.145687e+02
1.455078e-01 8.272214e+01 3.109133e+02
1.464844e-01 8.288132e+01 3.073719e+02
1.474609e-01 8.305195e+01 3.039387e+02
1.484375e-01 8.323338e+01 3.006079e+02
1.494141e-01 8.342496e+01 2.973741e+02
1.503906e-01 8.362603e+01 2.942321e+02
1.513672e-01 8.383592e+01 2.911768e+02
1.523438e-01 8.405398e+01 2.882034e+02
1.533203e-01 8.427956e+01 2.853074e+02
1.542969e-01 8.451199e+01 2.824842e+02
1.552734e-01 8.475063e+01 2.797298e+02
1.562500e-01 8.499483e+01 2.770401e+02
1.582031e-01 8.549737e+01 2.718396e+02
1.601562e-01 8.601457e+01 2.668544e+02
1.621094e-01 8.654154e+01 2.620587e+02
1.640625e-01 8.707353e+01 2.574291e+02
1.660156e-01 8.760596e+01 2.529449e+02
1.679688e-01 8.813446e+01 2.485873e+02
1.699219e-01 8.865484e+01 2.443397e+02
1.718750e-01 8.916315e+01 2.401873e+02
1.738281e-01 8.965565e+01 2.361173e+02
1.757812e-01 9.012885e+01 2.321180e+02
1.767578e-01 9.035717e+01 2.301418e+02
1.777344e-01 9.057947e+01 2.281797e+02
1.787109e-01 9.079537e+01 2.262307e+02
1.796875e-01 9.100450e+01 2.242938e+02
1.806641e-01 9.120654e+01 2.223682e+02
1.816406e-01 9.140117e+01 2.204529e+02
1.826172e-01 9.158806e+01 2.185474e+02
1.835938e-01 9.176692e+01 2.166509e+02
1.845703e-01 9.193749e+01 2.147628e+02
1.855469e-01 9.209949e+01 2.128826e+02
1.865234e-01 9.225267e+01 2.110096e+02
1.875000e-01 9.239680e+01 2.091436e+02
1.884766e-01 9.253167e+01 2.072840e+02
1.894531e-01 9.265706e+01 2.054306e+02
1.904297e-01 9.277278e+01 2.035829e+02
1.914062e-01 9.287866e+01 2.017408e+02
1.923828e-01 9.297453e+01 1.999040e+02
1.933594e-01 9.306025e+01 1.980724e+02
1.943359e-01 9.313568e+01 1.962456e+02
1.953125e-01 9.320069e+01 1.944237e+02
1.962891e-01 9.325518e+01 1.926065e+02
1.972656e-01 9.329905e+01 1.907939e+02
1.982422e-01 9.333222e+01 1.889860e+02
1.992188e-01 9.335462e+01 1.871826e+02
2.001953e-01 9.336617e+01 1.853838e+02
2.011719e-01 9.336685e+01 1.835897e+02
2.021484e-01 9.335661e+01 1.818002e+02
2.031250e-01 9.333542e+01 1.800155e+02
2.041016e-01 9.330327e+01 1.782356e+02
2.050781e-01 9.326016e+01 1.764605e+02
2.053223e-01 9.324767e+01 1.760176e+02
2.055664e-01 9.323450e+01 1.755749e+02
2.058105e-01 9.322064e+01 1.751326e+02
2.060547e-01 9.320610e+01 1.746906e+02
2.062988e-01 9.319087e+01 1.742489e+02
2.065430e-01 9.317496e+01 1.738075e+02
2.067871e-01 9.315837e+01 1.733665e+02
2.070312e-01 9.314109e+01 1.729257e+02
2.072754e-01 9.312313e+01 1.724854e+02
2.075195e-01 9.310449e+01 1.720453e+02
2.076416e-01 9.309492e+01 1.718254e+02
2.077637e-01 9.308517e+01 1.716056e+02
2.078857e-01 9.307526e+01 1.713859e+02
2.080078e-01 9.306517e+01 1.711662e+02
2.081299e-01 9.305492e+01 1.709466e+02
2.082520e-01 9.304449e+01 1.707272e+02
2.083740e-01 9.303390e+01 1.705078e+02
2.084961e-01 9.302314e+01 1.702885e+02
2.086182e-01 9.301220e+01 1.700693e+02
2.087402e-01 9.300110e+01 1.698501e+02
2.088623e-01 9.298983e+01 1.696311e+02
2.089844e-01 9.297839e+01 1.694121e+02
2.091064e-01 9.296678e+01 1.691933e+02
2.092285e-01 9.295500e+01 1.689745e+02
2.093506e-01 9.294305e+01 1.687558e+02
2.094727e-01 9.293093e+01 1.685372e+02
2.095947e-01 9.291864e+01 1.683187e+02
2.097168e-01 9.290618e+01 1.681002e+02
2.098389e-01 9.289356e+01 1.678819e+02
2.099609e-01 9.288077e+01 1.676637e+02
2.104492e-01 9.282791e+01 1.667916e+02
2.109375e-01 9.277237e+01 1.659209e+02
2.114258e-01 9.271415e+01 1.650518e+02
2.119141e-01 9.265326e+01 1.641842e+02
2.124023e-01 9.258970e+01 1.633181e+02
2.128906e-01 9.252350e+01 1.624535e+02
2.133789e-01 9.245465e+01 1.615905e+02
2.138672e-01 9.238318e+01 1.607292e+02
2.143555e-01 9.230908e+01 1.598694e+02
2.148438e-01 9.223238e+01 1.590113e+02
2.158203e-01 9.207120e+01 1.573002e+02
2.167969e-01 9.189974e+01 1.555960e+02
2.177734e-01 9.171811e+01 1.538989e+02
2.187500e-01 9.152643e+01 1.522091e+02
2.197266e-01 9.132481e+01 1.505268e+02
2.207031e-01 9.111339e+01 1.488522e+02
2.216797e-01 9.089230e+01 1.471856e+02
2.226562e-01 9.066168e+01 1.455272e+02
2.236328e-01 9.042167e+01 1.438771e+02
2.246094e-01 9.017242e+01 1.422355e+02
2.255859e-01 8.991409e+01 1.406028e+02
2.265625e-01 8.964683e+01 1.389789e+02
2.275391e-01 8.937081e+01 1.373643e+02
2.285156e-01 8.908620e+01 1.357590e+02
2.294922e-01 8.879316e+01 1.341633e+02
2.304688e-01 8.849188e+01 1.325774e+02
2.314453e-01 8.818252e+01 1.310014e+02
2.324219e-01 8.786527e+01 1.294355e+02
2.333984e-01 8.754031e+01 1.278799e+02
2.343750e-01 8.720783e+01 1.263348e+02
2.363281e-01 8.652106e+01 1.232767e+02
2.382812e-01 8.580648e+01 1.202626e+02
2.402344e-01 8.506567e+01 1.172936e+02
2.421875e-01 8.430019e+01 1.143708e+02
2.441406e-01 8.351166e+01 1.114955e+02
2.460938e-01 8.270168e+01 1.086684e+02
2.480469e-01 8.187186e+01 1.058906e+02
2.500000e-01 8.102382e+01 1.031627e+02
2.519531e-01 8.015917e+01 1.004856e+02
2.539062e-01 7.927951e+01 9.785980e+01
2.548828e-01 7.883455e+01 9.656631e+01
2.558594e-01 7.838643e+01 9.528584e+01
2.568359e-01 7.793535e+01 9.401844e+01
2.578125e-01 7.748150e+01 9.276416e+01
2.587891e-01 7.702508e+01 9.152304e+01
2.597656e-01 7.656627e+01 9.029512e+01
2.607422e-01 7.610527e+01 8.908042e+01
2.617188e-01 7.564227e+01 8.787898e+01
2.626953e-01 7.517745e+01 8.669081e+01
2.636719e-01 7.471100e+01 8.551593e+01
2.646484e-01 7.424309e+01 8.435436e+01
2.656250e-01 7.377392e+01 8.320609e+01
2.666016e-01 7.330366e+01 8.207113e+01
2.675781e-01 7.283248e+01 8.094948e+01
2.685547e-01 7.236057e+01 7.984112e+01
2.695312e-01 7.188809e+01 7.874606e+01
2.705078e-01 7.141521e+01 7.766426e+01
2.714844e-01 7.094210e+01 7.659572e+01
2.724609e-01 7.046892e+01 7.554040e+01
2.734375e-01 6.999584e+01 7.449828e+01
2.753906e-01 6.905062e+01 7.245350e+01
2.773438e-01 6.810766e+01 7.046109e+01
2.792969e-01 6.716819e+01 6.852067e+01
2.812500e-01 6.623335e+01 6.663184e+01
2.832031e-01 6.530427e+01 6.479413e+01
2.851562e-01 6.438202e+01 6.300702e+01
2.871094e-01 6.346762e+01 6.126996e+01
2.890625e-01 6.256205e+01 5.958235e+01
2.910156e-01 6.166625e+01 5.794355e+01
2.929688e-01 6.078111e+01 5.635288e+01
2.949219e-01 5.990746e+01 5.480965e+01
2.968750e-01 5.904610e+01 5.331312e+01
2.988281e-01 5.819778e+01 5.186252e+01
3.007812e-01 5.736320e+01 5.045707e+01
3.027344e-01 5.654303e+01 4.909596e+01
3.046875e-01 5.573787e+01 4.777836e+01
3.066406e-01 5.494829e+01 4.650343e+01
3.085938e-01 5.417483e+01 4.527030e+01
3.105469e-01 5.341796e+01 4.407812e+01
3.125000e-01 5.267813e+01 4.292600e+01
3.144531e-01 5.195573e+01 4.181304e+01
3.164062e-01 5.125112e+01 4.073834e+01
3.183594e-01 5.056462e+01 3.970101e+01
3.203125e-01 4.989652e+01 3.870015e+01
3.222656e-01 4.924706e+01 3.773483e+01
3.242188e-01 4.861645e+01 3.680418e+01
3.261719e-01 4.800486e+01 3.590727e+01
3.281250e-01 4.741244e+01 3.504320e+01
3.300781e-01 4.683929e+01 3.421109e+01
3.320312e-01 4.628549e+01 3.341004e+01
3.339844e-01 4.575107e+01 3.263917e+01
3.359375e-01 4.523607e+01 3.189760e+01
3.378906e-01 4.474045e+01 3.118446e+01
3.398438e-01 4.426419e+01 3.049889e+01
3.417969e-01 4.380721e+01 2.984005e+01
3.437500e-01 4.336943e+01 2.920710e+01
3.457031e-01 4.295073e+01 2.859921e+01
3.476562e-01 4.255096e+01 2.801557e+01
3.496094e-01 4.216998e+01 2.745538e+01
3.515625e-01 4.180760e+01 2.691784e+01
3.535156e-01 4.146362e+01 2.640220e+01
3.554688e-01 4.113783e+01 2.590769e+01
3.574219e-01 4.082998e+01 2.543356e+01
3.593750e-01 4.053984e+01 2.497908e+01
3.613281e-01 4.026713e+01 2.454355e+01
3.632812e-01 4.001157e+01 2.412625e+01
3.652344e-01 3.977288e+01 2.372651e+01
3.671875e-01 3.955074e+01 2.334366e+01
3.691406e-01 3.934483e+01 2.297704e+01
3.710938e-01 3.915483e+01 2.262602e+01
3.730469e-01 3.898041e+01 2.228998e+01
3.750000e-01 3.882122e+01 2.196831e+01
3.769531e-01 3.867689e+01 2.166043e+01
3.789062e-01 3.854708e+01 2.136575e+01
3.808594e-01 3.843142e+01 2.108372e+01
3.828125e-01 3.832953e+01 2.081380e+01
3.847656e-01 3.824103e+01 2.055546e+01
3.867188e-01 3.816555e+01 2.030819e+01
3.886719e-01 3.810270e+01 2.007149e+01
3.906250e-01 3.805209e+01 1.984488e+01
3.925781e-01 3.801333e+01 1.962790e+01
3.945312e-01 3.798603e+01 1.942009e+01
3.964844e-01 3.796981e+01 1.922102e+01
3.984375e-01 3.796426e+01 1.903026e+01
4.003906e-01 3.796899e+01 1.884740e+01
4.023438e-01 3.798361e+01 1.867205e+01
4.042969e-01 3.800774e+01 1.850382e+01
4.062500e-01 3.804098e+01 1.834235e+01
4.082031e-01 3.808294e+01 1.818729e+01
4.101562e-01 3.813324e+01 1.803828e+01
4.106445e-01 3.814708e+01 1.800194e+01
4.111328e-01 3.816140e+01 1.796595e+01
4.116211e-01 3.817621e+01 1.793031e+01
4.121094e-01 3.819150e+01 1.789501e+01
4.125977e-01 3.820727e+01 1.786005e+01
4.130859e-01 3.822350e+01 1.782542e+01
4.135742e-01 3.824019e+01 1.779112e+01
4.140625e-01 3.825734e+01 1.775714e+01
4.145508e-01 3.827494e+01 1.772349e+01
4.150391e-01 3.829299e+01 1.769015e+01
4.151611e-01 3.829756e+01 1.768186e+01
4.152832e-01 3.830217e+01 1.767359e+01
4.154053e-01 3.830681e+01 1.766534e+01
4.155273e-01 3.831147e+01 1.765711e+01
4.156494e-01 3.831616e+01 1.764890e+01
4.157715e-01 3.832087e+01 1.764071e+01
4.158936e-01 3.832561e+01 1.763254e+01
4.160156e-01 3.833038e+01 1.762439e+01
4.161377e-01 3.833518e+01 1.761625e+01
4.162598e-01 3.834000e+01 1.760814e+01
4.163818e-01 3.834485e+01 1.760004e+01
4.165039e-01 3.834973e+01 1.759196e+01
4.166260e-01 3.835463e+01 1.758390e+01
4.167480e-01 3.835956e+01 1.757586e+01
4.168701e-01 3.836451e+01 1.756784e+01
4.169922e-01 3.836949e+01 1.755983e+01
4.171143e-01 3.837450e+01 1.755184e+01
4.172363e-01 3.837953e+01 1.754388e+01
4.173584e-01 3.838459e+01 1.753593e+01
4.174805e-01 3.838967e+01 1.752799e+01
4.177246e-01 3.839992e+01 1.751218e+01
4.179688e-01 3.841026e+01 1.749644e+01
4.182129e-01 3.842071e+01 1.748077e+01
4.184570e-01 3.843126e+01 1.746518e+01
4.187012e-01 3.844190e+01 1.744965e+01
4.189453e-01 3.845265e+01 1.743419e+01
4.191895e-01 3.846349e+01 1.741880e+01
4.194336e-01 3.847444e+01 1.740347e+01
4.196777e-01 3.848547e+01 1.738822e+01
4.199219e-01 3.849661e+01 1.737303e+01
4.208984e-01 3.854209e+01 1.731294e+01
4.218750e-01 3.858906e+01 1.725388e+01
4.228516e-01 3.863746e+01 1.719582e+01
4.238281e-01 3.868726e+01 1.713873e+01
4.248047e-01 3.873840e+01 1.708257e+01
4.257812e-01 3.879085e+01 1.702732e+01
4.267578e-01 3.884456e+01 1.697295e+01
4.277344e-01 3.889949e+01 1.691943e+01
4.287109e-01 3.895559e+01 1.686673e+01
4.296875e-01 3.901283e+01 1.681482e+01
4.335938e-01 3.925229e+01 1.661457e+01
4.375000e-01 3.950661e+01 1.642494e+01
4.414062e-01 3.977327e+01 1.624443e+01
4.453125e-01 4.004984e+01 1.607168e+01
4.492188e-01 4.033403e+01 1.590545e+01
4.531250e-01 4.062361e+01 1.574464e+01
4.570312e-01 4.091651e+01 1.558823e+01
4.609375e-01 4.121074e+01 1.543535e+01
4.648438e-01 4.150443e+01 1.528518e+01
4.687500e-01 4.179583e+01 1.513702e+01
4.726562e-01 4.208329e+01 1.499025e+01
4.765625e-01 4.236528e+01 1.484433e+01
4.804688e-01 4.264037e+01 1.469876e+01
4.843750e-01 4.290725e+01 1.455316e+01
4.882812e-01 4.316470e+01 1.440717e+01
4.921875e-01 4.341161e+01 1.426051e+01
4.960938e-01 4.364698e+01 1.411292e+01
5.000000e-01 4.386989e+01 1.396422e+01
5.039062e-01 4.407951e+01 1.381425e+01
5.078125e-01 4.427512e+01 1.366291e+01
5.097656e-01 4.436747e+01 1.358669e+01
5.117188e-01 4.445608e+01 1.351010e+01
5.136719e-01 4.454089e+01 1.343314e+01
5.156250e-01 4.462183e+01 1.335579e+01
5.175781e-01 4.469885e+01 1.327806e+01
5.195312e-01 4.477189e+01 1.319995e+01
5.214844e-01 4.484091e+01 1.312145e+01
5.234375e-01 4.490585e+01 1.304258e+01
5.253906e-01 4.496670e+01 1.296333e+01
5.273438e-01 4.502339e+01 1.288370e+01
5.292969e-01 4.507592e+01 1.280372e+01
5.312500e-01 4.512425e+01 1.272337e+01
5.332031e-01 4.516836e+01 1.264268e+01
5.351562e-01 4.520822e+01 1.256164e+01
5.371094e-01 4.524384e+01 1.248027e+01
5.390625e-01 4.527518e+01 1.239858e+01
5.410156e-01 4.530226e+01 1.231659e+01
5.429688e-01 4.532505e+01 1.223429e+01
5.449219e-01 4.534357e+01 1.215171e+01
5.468750e-01 4.535782e+01 1.206886e+01
5.488281e-01 4.536779e+01 1.198574e+01
5.507812e-01 4.537350e+01 1.190239e+01
5.527344e-01 4.537495e+01 1.181880e+01
5.546875e-01 4.537218e+01 1.173500e+01
5.566406e-01 4.536518e+01 1.165099e+01
5.585938e-01 4.535398e+01 1.156680e+01
5.605469e-01 4.533860e+01 1.148244e+01
5.625000e-01 4.531907e+01 1.139793e+01
5.644531e-01 4.529540e+01 1.131328e+01
5.664062e-01 4.526764e+01 1.122851e+01
5.683594e-01 4.523581e+01 1.114362e+01
5.703125e-01 4.519995e+01 1.105865e+01
5.722656e-01 4.516008e+01 1.097361e+01
5.742188e-01 4.511625e+01 1.088851e+01
5.761719e-01 4.506849e+01 1.080337e+01
5.781250e-01 4.501685e+01 1.071820e+01
5.800781e-01 4.496136e+01 1.063302e+01
5.820312e-01 4.490207e+01 1.054785e+01
5.839844e-01 4.483903e+01 1.046270e+01
5.859375e-01 4.477227e+01 1.037759e+01
5.898438e-01 4.462782e+01 1.020756e+01
5.937500e-01 4.446911e+01 1.003786e+01
5.976562e-01 4.429654e+01 9.868634e+00
6.015625e-01 4.411055e+01 9.699986e+00
6.054688e-01 4.391157e+01 9.532036e+00
6.093750e-01 4.370005e+01 9.364892e+00
6.132812e-01 4.347644e+01 9.198664e+00
6.171875e-01 4.324121e+01 9.033452e+00
6.210938e-01 4.299483e+01 8.869355e+00
6.250000e-01 4.273777e+01 8.706467e+00
6.289062e-01 4.247051e+01 8.544877e+00
6.328125e-01 4.219353e+01 8.384669e+00
6.367188e-01 4.190730e+01 8.225921e+00
6.406250e-01 4.161230e+01 8.068710e+00
6.445312e-01 4.130901e+01 7.913105e+00
6.484375e-01 4.099789e+01 7.759172e+00
6.523438e-01 4.067942e+01 7.606973e+00
6.562500e-01 4.035406e+01 7.456564e+00
6.601562e-01 4.002227e+01 7.307997e+00
6.640625e-01 3.968449e+01 7.161319e+00
6.679688e-01 3.934117e+01 7.016575e+00
6.718750e-01 3.899275e+01 6.873802e+00
6.757812e-01 3.863965e+01 6.733037e+00
6.796875e-01 3.828228e+01 6.594310e+00
6.835938e-01 3.792107e+01 6.457650e+00
6.875000e-01 3.755640e+01 6.323080e+00
6.914062e-01 3.718867e+01 6.190620e+00
6.953125e-01 3.681825e+01 6.060288e+00
6.992188e-01 3.644553e+01 5.932097e+00
7.031250e-01 3.607085e+01 5.806058e+00
7.109375e-01 3.531700e+01 5.560465e+00
7.187500e-01 3.455938e+01 5.323538e+00
7.265625e-01 3.380046e+01 5.095265e+00
7.343750e-01 3.304255e+01 4.875598e+00
7.421875e-01 3.228778e+01 4.664456e+00
7.500000e-01 3.153810e+01 4.461729e+00
7.578125e-01 3.079532e+01 4.267282e+00
7.656250e-01 3.006105e+01 4.080958e+00
7.734375e-01 2.933677e+01 3.902582e+00
7.812500e-01 2.862378e+01 3.731961e+00
7.851562e-01 2.827189e+01 3.649496e+00
7.890625e-01 2.792326e+01 3.568892e+00
7.929688e-01 2.757799e+01 3.490122e+00
7.968750e-01 2.723622e+01 3.413160e+00
8.007812e-01 2.689805e+01 3.337975e+00
8.046875e-01 2.656357e+01 3.264541e+00
8.085938e-01 2.623289e+01 3.192827e+00
8.125000e-01 2.590608e+01 3.122806e+00
8.164062e-01 2.558322e+01 3.054448e+00
8.203125e-01 2.526439e+01 2.987723e+00
8.212891e-01 2.518532e+01 2.971293e+00
8.222656e-01 2.510650e+01 2.954963e+00
8.232422e-01 2.502795e+01 2.938733e+00
8.242188e-01 2.494965e+01 2.922601e+00
8.251953e-01 2.487161e+01 2.906568e+00
8.261719e-01 2.479383e+01 2.890633e+00
8.271484e-01 2.471631e+01 2.874795e+00
8.281250e-01 2.463905e+01 2.859054e+00
8.291016e-01 2.456206e+01 2.843410e+00
8.300781e-01 2.448533e+01 2.827861e+00
8.305664e-01 2.444706e+01 2.820123e+00
8.310547e-01 2.440886e+01 2.812409e+00
8.315430e-01 2.437073e+01 2.804718e+00
8.320312e-01 2.433266e+01 2.797051e+00
8.325195e-01 2.429466e+01 2.789408e+00
8.330078e-01 2.425672e+01 2.781788e+00
8.334961e-01 2.421885e+01 2.774192e+00
8.339844e-01 2.418105e+01 2.766620e+00
8.344727e-01 2.414331e+01 2.759070e+00
8.349609e-01 2.410564e+01 2.751545e+00
8.354492e-01 2.406804e+01 2.744042e+00
8.359375e-01 2.403051e+01 2.736563e+00
8.364258e-01 2.399304e+01 2.729107e+00
8.369141e-01 2.395564e+01 2.721674e+00
8.374023e-01 2.391830e+01 2.714264e+00
8.378906e-01 2.388103e+01 2.706877e+00
8.383789e-01 2.384383e+01 2.699514e+00
8.388672e-01 2.380670e+01 2.692173e+00
8.393555e-01 2.376963e+01 2.684855e+00
8.398438e-01 2.373263e+01 2.677559e+00
8.417969e-01 2.358532e+01 2.648605e+00
8.437500e-01 2.343908e+01 2.620011e+00
8.457031e-01 2.329393e+01 2.591773e+00
8.476562e-01 2.314987e+01 2.563889e+00
8.496094e-01 2.300690e+01 2.536353e+00
8.515625e-01 2.286503e+01 2.509163e+00
8.535156e-01 2.272425e+01 2.482314e+00
8.554688e-01 2.258457e+01 2.455804e+00
8.574219e-01 2.244599e+01 2.429628e+00
8.593750e-01 2.230852e+01 2.403784e+00
8.671875e-01 2.176964e+01 2.303644e+00
8.750000e-01 2.124841e+01 2.208515e+00
8.828125e-01 2.074478e+01 2.118176e+00
8.906250e-01 2.025866e+01 2.032409e+00
8.984375e-01 1.978988e+01 1.951001e+00
9.062500e-01 1.933825e+01 1.873748e+00
9.140625e-01 1.890352e+01 1.800450e+00
9.218750e-01 1.848540e+01 1.730912e+00
9.296875e-01 1.808358e+01 1.664948e+00
9.375000e-01 1.769772e+01 1.602378e+00
9.453125e-01 1.732745e+01 1.543028e+00
9.531250e-01 1.697236e+01 1.486732e+00
9.609375e-01 1.663207e+01 1.433330e+00
9.687500e-01 1.630613e+01 1.382667e+00
9.765625e-01 1.599411e+01 1.334597e+00
9.843750e-01 1.569557e+01 1.288980e+00
9.921875e-01 1.541006e+01 1.245681e+00
1.000000e+00 1.513711e+01 1.204573e+00
1.007812e+00 1.487628e+01 1.165534e+00
1.015625e+00 1.462709e+01 1.128447e+00
1.019531e+00 1.450672e+01 1.110602e+00
1.023438e+00 1.438909e+01 1.093203e+00
1.027344e+00 1.427415e+01 1.076239e+00
1.031250e+00 1.416183e+01 1.059697e+00
1.035156e+00 1.405208e+01 1.043564e+00
1.039062e+00 1.394485e+01 1.027829e+00
1.042969e+00 1.384008e+01 1.012479e+00
1.046875e+00 1.373771e+01 9.975043e-01
1.050781e+00 1.363769e+01 9.828930e-01
1.054688e+00 1.353996e+01 9.686345e-01
1.058594e+00 1.344447e+01 9.547185e-01
1.062500e+00 1.335118e+01 9.411347e-01
1.066406e+00 1.326001e+01 9.278733e-01
1.070312e+00 1.317093e+01 9.149248e-01
1.074219e+00 1.308388e+01 9.022798e-01
1.078125e+00 1.299881e+01 8.899293e-01
1.082031e+00 1.291567e+01 8.778644e-01
1.085938e+00 1.283441e+01 8.660765e-01
1.089844e+00 1.275498e+01 8.545575e-01
1.093750e+00 1.267733e+01 8.432992e-01
1.101562e+00 1.252719e+01 8.215336e-01
1.109375e+00 1.238361e+01 8.007198e-01
1.117188e+00 1.224623e+01 7.808013e-01
1.125000e+00 1.211471e+01 7.617248e-01
1.132812e+00 1.198870e+01 7.434404e-01
1.140625e+00 1.186787e+01 7.259008e-01
1.148438e+00 1.175192e+01 7.090620e-01
1.156250e+00 1.164053e+01 6.928822e-01
1.164062e+00 1.153342e+01 6.773225e-01
1.171875e+00 1.143030e+01 6.623463e-01
1.179688e+00 1.133091e+01 6.479193e-01
1.187500e+00 1.123499e+01 6.340091e-01
1.195312e+00 1.114229e+01 6.205858e-01
1.203125e+00 1.105259e+01 6.076210e-01
1.210938e+00 1.096566e+01 5.950883e-01
1.218750e+00 1.088128e+01 5.829629e-01
1.226562e+00 1.079926e+01 5.712218e-01
1.234375e+00 1.071940e+01 5.598432e-01
1.242188e+00 1.064153e+01 5.488071e-01
1.250000e+00 1.056546e+01 5.380944e-01
1.265625e+00 1.041812e+01 5.175703e-01
1.281250e+00 1.027619e+01 4.981437e-01
1.296875e+00 1.013863e+01 4.797036e-01
1.312500e+00 1.000450e+01 4.621540e-01
1.328125e+00 9.872994e+00 4.454112e-01
1.343750e+00 9.743424e+00 4.294027e-01
1.359375e+00 9.615188e+00 4.140658e-01
1.375000e+00 9.487780e+00 3.993460e-01
1.390625e+00 9.360778e+00 3.851962e-01
1.406250e+00 9.233832e+00 3.715755e-01
1.421875e+00 9.106664e+00 3.584484e-01
1.437500e+00 8.979054e+00 3.457841e-01
1.453125e+00 8.850837e+00 3.335558e-01
1.468750e+00 8.721895e+00 3.217401e-01
1.484375e+00 8.592155e+00 3.103166e-01
1.500000e+00 8.461578e+00 2.992671e-01
1.515625e+00 8.330160e+00 2.885758e-01
1.531250e+00 8.197921e+00 2.782285e-01
1.546875e+00 8.064909e+00 2.682126e-01
1.562500e+00 7.931190e+00 2.585166e-01
1.570312e+00 7.864089e+00 2.537853e-01
1.578125e+00 7.796844e+00 2.491301e-01
1.585938e+00 7.729467e+00 2.445499e-01
1.593750e+00 7.661970e+00 2.400436e-01
1.601562e+00 7.594368e+00 2.356101e-01
1.609375e+00 7.526674e+00 2.312484e-01
1.617188e+00 7.458903e+00 2.269574e-01
1.625000e+00 7.391071e+00 2.227362e-01
1.632812e+00 7.323194e+00 2.185838e-01
1.640625e+00 7.255286e+00 2.144994e-01
1.642578e+00 7.238306e+00 2.134888e-01
1.644531e+00 7.221325e+00 2.124823e-01
1.646484e+00 7.204345e+00 2.114800e-01
1.648438e+00 7.187364e+00 2.104819e-01
1.650391e+00 7.170383e+00 2.094879e-01
1.652344e+00 7.153402e+00 2.084980e-01
1.654297e+00 7.136423e+00 2.075123e-01
1.656250e+00 7.119444e+00 2.065306e-01
1.658203e+00 7.102466e+00 2.055530e-01
1.660156e+00 7.085490e+00 2.045795e-01
1.661133e+00 7.077002e+00 2.040942e-01
1.662109e+00 7.068515e+00 2.036100e-01
1.663086e+00 7.060029e+00 2.031268e-01
1.664062e+00 7.051542e+00 2.026446e-01
1.665039e+00 7.043057e+00 2.021634e-01
1.666016e+00 7.034572e+00 2.016832e-01
1.666992e+00 7.026088e+00 2.012040e-01
1.667969e+00 7.017604e+00 2.007258e-01
1.668945e+00 7.009121e+00 2.002486e-01
1.669922e+00 7.000638e+00 1.997724e-01
1.670898e+00 6.992156e+00 1.992972e-01
1.671875e+00 6.983676e+00 1.988230e-01
1.672852e+00 6.975195e+00 1.983498e-01
1.673828e+00 6.966716e+00 1.978775e-01
1.674805e+00 6.958238e+00 1.974063e-01
1.675781e+00 6.949760e+00 1.969361e-01
1.676758e+00 6.941283e+00 1.964668e-01
1.677734e+00 6.932808e+00 1.959986e-01
1.678711e+00 6.924333e+00 1.955313e-01
1.679688e+00 6.915859e+00 1.950650e-01
1.683594e+00 6.881975e+00 1.932096e-01
1.687500e+00 6.848110e+00 1.913698e-01
1.691406e+00 6.814266e+00 1.895454e-01
1.695312e+00 6.780444e+00 1.877365e-01
1.699219e+00 6.746648e+00 1.859429e-01
1.703125e+00 6.712878e+00 1.841645e-01
1.707031e+00 6.679138e+00 1.824012e-01
1.710938e+00 6.645428e+00 1.806528e-01
1.714844e+00 6.611752e+00 1.789194e-01
1.718750e+00 6.578110e+00 1.772009e-01
1.734375e+00 6.443932e+00 1.704728e-01
1.750000e+00 6.310469e+00 1.639743e-01
1.765625e+00 6.177842e+00 1.576994e-01
1.781250e+00 6.046165e+00 1.516423e-01
1.796875e+00 5.915552e+00 1.457974e-01
1.812500e+00 5.786108e+00 1.401589e-01
1.828125e+00 5.657934e+00 1.347213e-01
1.843750e+00 5.531125e+00 1.294791e-01
1.859375e+00 5.405771e+00 1.244268e-01
1.875000e+00 5.281954e+00 1.195590e-01
1.890625e+00 5.159753e+00 1.148704e-01
1.906250e+00 5.039239e+00 1.103559e-01
1.921875e+00 4.920477e+00 1.060101e-01
1.937500e+00 4.803528e+00 1.018280e-01
1.953125e+00 4.688445e+00 9.780450e-02
1.968750e+00 4.575276e+00 9.393474e-02
1.984375e+00 4.464064e+00 9.021381e-02
2.000000e+00 4.354846e+00 8.663692e-02
2.015625e+00 4.247656e+00 8.319937e-02
2.031250e+00 4.142520e+00 7.989655e-02
2.039062e+00 4.090730e+00 7.829425e-02
2.046875e+00 4.039461e+00 7.672395e-02
2.054688e+00 3.988717e+00 7.518510e-02
2.062500e+00 3.938498e+00 7.367715e-02
2.070312e+00 3.888806e+00 7.219957e-02
2.078125e+00 3.839643e+00 7.075182e-02
2.085938e+00 3.791010e+00 6.933339e-02
2.093750e+00 3.742907e+00 6.794375e-02
2.101562e+00 3.695335e+00 6.658238e-02
2.109375e+00 3.648295e+00 6.524879e-02
2.117188e+00 3.601786e+00 6.394247e-02
2.125000e+00 3.555809e+00 6.266293e-02
2.132812e+00 3.510364e+00 6.140969e-02
2.140625e+00 3.465449e+00 6.018225e-02
2.148438e+00 3.421064e+00 5.898014e-02
2.156250e+00 3.377208e+00 5.780291e-02
2.164062e+00 3.333880e+00 5.665008e-02
2.171875e+00 3.291079e+00 5.552120e-02
2.179688e+00 3.248804e+00 5.441582e-02
2.187500e+00 3.207052e+00 5.333349e-02
2.203125e+00 3.125113e+00 5.123628e-02
2.218750e+00 3.045246e+00 4.922614e-02
2.234375e+00 2.967433e+00 4.729977e-02
2.250000e+00 2.891654e+00 4.545393e-02
2.265625e+00 2.817886e+00 4.368552e-02
2.281250e+00 2.746105e+00 4.199151e-02
2.296875e+00 2.676285e+00 4.036899e-02
2.312500e+00 2.608400e+00 3.881511e-02
2.328125e+00 2.542420e+00 3.732715e-02
2.343750e+00 2.478316e+00 3.590246e-02
2.359375e+00 2.416057e+00 3.453849e-02
2.375000e+00 2.355611e+00 3.323277e-02
2.390625e+00 2.296946e+00 3.198291e-02
2.406250e+00 2.240027e+00 3.078662e-02
2.421875e+00 2.184823e+00 2.964168e-02
2.437500e+00 2.131297e+00 2.854597e-02
2.453125e+00 2.079415e+00 2.749742e-02
2.468750e+00 2.029142e+00 2.649405e-02
2.484375e+00 1.980443e+00 2.553395e-02
2.500000e+00 1.933281e+00 2.461530e-02
2.531250e+00 1.843430e+00 2.289532e-02
2.562500e+00 1.759303e+00 2.132078e-02
2.593750e+00 1.680618e+00 1.987939e-02
2.625000e+00 1.607096e+00 1.855980e-02
2.656250e+00 1.538459e+00 1.735155e-02
2.687500e+00 1.474441e+00 1.624504e-02
2.718750e+00 1.414779e+00 1.523141e-02
2.750000e+00 1.359218e+00 1.430257e-02
2.781250e+00 1.307513e+00 1.345105e-02
2.812500e+00 1.259427e+00 1.267004e-02
2.843750e+00 1.214731e+00 1.195329e-02
2.875000e+00 1.173207e+00 1.129507e-02
2.906250e+00 1.134645e+00 1.069016e-02
2.937500e+00 1.098848e+00 1.013379e-02
2.968750e+00 1.065623e+00 9.621586e-03
3.000000e+00 1.034793e+00 9.149575e-03
3.031250e+00 1.006184e+00 8.714130e-03
3.062500e+00 9.796356e-01 8.311942e-03
3.093750e+00 9.549945e-01 7.940001e-03
3.125000e+00 9.321163e-01 7.595567e-03
3.140625e+00 9.212956e-01 7.432877e-03
3.156250e+00 9.108652e-01 7.276147e-03
3.171875e+00 9.008094e-01 7.125100e-03
3.187500e+00 8.911131e-01 6.979472e-03
3.203125e+00 8.817615e-01 6.839014e-03
3.218750e+00 8.727402e-01 6.703485e-03
3.234375e+00 8.640355e-01 6.572657e-03
3.250000e+00 8.556338e-01 6.446313e-03
3.265625e+00 8.475224e-01 6.324245e-03
3.281250e+00 8.396886e-01 6.206257e-03
3.296875e+00 8.321204e-01 6.092161e-03
3.312500e+00 8.248061e-01 5.981777e-03
3.328125e+00 8.177344e-01 5.874936e-03
3.343750e+00 8.108943e-01 5.771475e-03
3.359375e+00 8.042754e-01 5.671239e-03
3.375000e+00 7.978675e-01 5.574082e-03
3.390625e+00 7.916607e-01 5.479863e-03
3.406250e+00 7.856456e-01 5.388449e-03
3.421875e+00 7.798132e-01 5.299714e-03
3.437500e+00 7.741546e-01 5.213537e-03
3.468750e+00 7.633255e-01 5.048402e-03
3.500000e+00 7.530944e-01 4.892191e-03
3.531250e+00 7.434020e-01 4.744134e-03
3.562500e+00 7.341939e-01 4.603532e-03
3.593750e+00 7.254193e-01 4.469753e-03
3.625000e+00 7.170320e-01 4.342228e-03
3.656250e+00 7.089890e-01 4.220441e-03
3.687500e+00 7.012510e-01 4.103927e-03
3.718750e+00 6.937821e-01 3.992264e-03
3.750000e+00 6.865493e-01 3.885075e-03
3.875000e+00 6.594167e-01 3.494674e-03
4.000000e+00 6.340969e-01 3.153739e-03
4.125000e+00 6.095757e-01 2.850820e-03
4.250000e+00 5.852261e-01 2.578315e-03
4.375000e+00 5.607022e-01 2.331129e-03
4.500000e+00 5.358562e-01 2.105782e-03
4.625000e+00 5.106764e-01 1.899820e-03
4.750000e+00 4.852391e-01 1.711428e-03
4.875000e+00 4.596738e-01 1.539185e-03
5.000000e+00 4.341380e-01 1.381904e-03
5.125000e+00 4.087982e-01 1.238544e-03
5.250000e+00 3.838178e-01 1.108145e-03
5.375000e+00 3.593492e-01 9.898055e-04
5.500000e+00 3.355277e-01 8.826593e-04
5.625000e+00 3.124696e-01 7.858738e-04
5.750000e+00 2.902707e-01 6.986468e-04
5.875000e+00 2.690066e-01 6.202080e-04
6.000000e+00 2.487335e-01 5.498218e-04
6.125000e+00 2.294897e-01 4.867894e-04
6.250000e+00 2.112972e-01 4.304511e-04
6.281250e+00 2.069145e-01 4.173390e-04
6.312500e+00 2.025981e-01 4.045971e-04
6.343750e+00 1.983479e-01 3.922163e-04
6.375000e+00 1.941638e-01 3.801876e-04
6.406250e+00 1.900456e-01 3.685023e-04
6.437500e+00 1.859932e-01 3.571518e-04
6.468750e+00 1.820064e-01 3.461275e-04
6.500000e+00 1.780849e-01 3.354212e-04
6.531250e+00 1.742284e-01 3.250248e-04
6.562500e+00 1.704366e-01 3.149302e-04
6.578125e+00 1.685648e-01 3.099937e-04
6.593750e+00 1.667091e-01 3.051297e-04
6.609375e+00 1.648693e-01 3.003373e-04
6.625000e+00 1.630455e-01 2.956155e-04
6.640625e+00 1.612376e-01 2.909635e-04
6.656250e+00 1.594455e-01 2.863803e-04
6.671875e+00 1.576691e-01 2.818649e-04
6.687500e+00 1.559085e-01 2.774164e-04
6.703125e+00 1.541634e-01 2.730341e-04
6.718750e+00 1.524340e-01 2.687170e-04
6.734375e+00 1.507201e-01 2.644642e-04
6.750000e+00 1.490217e-01 2.602749e-04
6.765625e+00 1.473387e-01 2.561482e-04
6.781250e+00 1.456711e-01 2.520832e-04
6.796875e+00 1.440187e-01 2.480792e-04
6.812500e+00 1.423815e-01 2.441353e-04
6.828125e+00 1.407594e-01 2.402507e-04
6.843750e+00 1.391524e-01 2.364245e-04
6.859375e+00 1.375604e-01 2.326561e-04
6.875000e+00 1.359832e-01 2.289444e-04
6.937500e+00 1.298222e-01 2.146511e-04
7.000000e+00 1.238935e-01 2.012068e-04
7.062500e+00 1.181918e-01 1.885648e-04
7.125000e+00 1.127119e-01 1.766811e-04
7.187500e+00 1.074481e-01 1.655134e-04
7.250000e+00 1.023949e-01 1.550216e-04
7.312500e+00 9.754648e-02 1.451677e-04
7.375000e+00 9.289711e-02 1.359153e-04
7.437500e+00 8.844096e-02 1.272300e-04
7.500000e+00 8.417216e-02 1.190792e-04
7.750000e+00 6.885391e-02 9.122530e-05
8.000000e+00 5.607223e-02 6.972010e-05
8.250000e+00 4.547747e-02 5.317145e-05
8.500000e+00 3.674738e-02 4.047424e-05
8.750000e+00 2.959206e-02 3.075737e-05
9.000000e+00 2.375570e-02 2.333850e-05
9.250000e+00 1.901604e-02 1.768589e-05
9.500000e+00 1.518241e-02 1.338702e-05
9.750000e+00 1.209286e-02 1.012301e-05
1.000000e+01 9.610865e-03 7.648084e-06
1.025000e+01 7.623019e-03 5.773902e-06
1.050000e+01 6.035261e-03 4.356198e-06
1.075000e+01 4.770183e-03 3.284795e-06
1.100000e+01 3.764488e-03 2.475772e-06
1.125000e+01 2.966647e-03 1.865310e-06
1.150000e+01 2.334895e-03 1.404953e-06
1.175000e+01 1.835511e-03 1.057965e-06
1.200000e+01 1.441376e-03 7.965352e-07
1.225000e+01 1.130751e-03 5.996320e-07
1.250000e+01 8.862613e-04 4.513692e-07
1.275000e+01 6.940605e-04 3.397560e-07
1.300000e+01 5.431335e-04 2.557467e-07
1.325000e+01 4.247330e-04 1.925193e-07
1.350000e+01 3.319320e-04 1.449345e-07
1.375000e+01 2.592565e-04 1.091225e-07
1.400000e+01 2.023861e-04 8.217029e-08
1.425000e+01 1.579146e-04 6.188462e-08
1.450000e+01 1.231602e-04 4.661488e-08
1.475000e+01 9.601585e-05 3.511956e-08
1.500000e+01 7.482650e-05 2.646446e-08
1.550000e+01 4.539938e-05 1.503754e-08
1.600000e+01 2.751445e-05 8.552852e-09
1.650000e+01 1.665941e-05 4.869473e-09
1.700000e+01 1.007866e-05 2.775206e-09
1.750000e+01 6.093761e-06 1.583432e-09
1.800000e+01 3.682490e-06 9.044545e-10
1.850000e+01 2.223963e-06 5.170997e-10
1.900000e+01 1.342808e-06 2.960035e-10
1.950000e+01 8.107251e-07 1.696659e-10
2.000000e+01 4.891087e-07 9.730509e-11
2.100000e+01 1.778486e-07 3.209238e-11
2.200000e+01 6.483903e-08 1.066059e-11
2.300000e+01 2.363329e-08 3.555156e-12
2.400000e+01 8.479966e-09 1.171553e-12
2.500000e+01 3.183724e-09 4.053644e-13
2.600000e+01 1.280671e-09 1.507583e-13
2.700000e+01 3.841227e-10 4.193075e-14
2.800000e+01 1.834356e-10 1.861906e-14
2.900000e+01 2.056977e-10 1.946362e-14
3.000000e+01 7.720304e-11 6.826247e-15
3.100000e+01 6.619270e-11 5.481215e-15
3.200000e+01 6.315919e-11 4.908251e-15
3.300000e+01 6.158213e-11 4.500046e-15
3.400000e+01 5.799373e-11 3.992210e-15
3.500000e+01 5.066783e-11 3.291443e-15
3.600000e+01 3.949366e-11 2.425004e-15
3.700000e+01 2.599804e-11 1.511219e-15
3.800000e+01 1.295234e-11 7.137913e-16
3.900000e+01 3.473394e-12 1.817251e-16
4.000000e+01 0.000000e+00 0.000000e+00
