# 
# Output from RAtom program.
# 
# Total radial electron density.
# The first column contains radius $r$ in bohr units.
# The second column holds $\rho(r)$.
# The third column holds $\tilde{\rho}(r) = \rho(r) / (\pi * r * r)$
# 
# Use this file with gnuplot to create the plot.
# 
# R     Rho     RhoTilde
#
0.000000e+00 0.000000e+00 1.454238e+05
1.220703e-04 2.684168e-02 1.433441e+05
2.441406e-04 1.058313e-01 1.412942e+05
3.662109e-04 2.347153e-01 1.392737e+05
4.882812e-04 4.113049e-01 1.372821e+05
6.103516e-04 6.334743e-01 1.353191e+05
7.324219e-04 8.991597e-01 1.333842e+05
8.544922e-04 1.206357e+00 1.314771e+05
9.765625e-04 1.553123e+00 1.295973e+05
1.098633e-03 1.937569e+00 1.277445e+05
1.220703e-03 2.357864e+00 1.259183e+05
1.342773e-03 2.812231e+00 1.241182e+05
1.464844e-03 3.298948e+00 1.223441e+05
1.586914e-03 3.816343e+00 1.205954e+05
1.708984e-03 4.362796e+00 1.188718e+05
1.831055e-03 4.936737e+00 1.171730e+05
1.953125e-03 5.536644e+00 1.154986e+05
2.075195e-03 6.161042e+00 1.138482e+05
2.197266e-03 6.808502e+00 1.122216e+05
2.319336e-03 7.477639e+00 1.106184e+05
2.441406e-03 8.167116e+00 1.090382e+05
2.685547e-03 9.601936e+00 1.059457e+05
2.929688e-03 1.110308e+01 1.029416e+05
3.173828e-03 1.266129e+01 1.000234e+05
3.417969e-03 1.426794e+01 9.718856e+04
3.662109e-03 1.591494e+01 9.443487e+04
3.906250e-03 1.759476e+01 9.176000e+04
4.150391e-03 1.930040e+01 8.916173e+04
4.394531e-03 2.102533e+01 8.663789e+04
4.638672e-03 2.276350e+01 8.418639e+04
4.882812e-03 2.450929e+01 8.180518e+04
5.126953e-03 2.625751e+01 7.949228e+04
5.371094e-03 2.800335e+01 7.724576e+04
5.615234e-03 2.974239e+01 7.506374e+04
5.859375e-03 3.147055e+01 7.294440e+04
6.103516e-03 3.318411e+01 7.088596e+04
6.347656e-03 3.487965e+01 6.888671e+04
6.591797e-03 3.655404e+01 6.694497e+04
6.835938e-03 3.820446e+01 6.505910e+04
7.080078e-03 3.982834e+01 6.322754e+04
7.324219e-03 4.142337e+01 6.144873e+04
7.568359e-03 4.298746e+01 5.972119e+04
7.812500e-03 4.451878e+01 5.804346e+04
8.056641e-03 4.601567e+01 5.641413e+04
8.300781e-03 4.747670e+01 5.483183e+04
8.544922e-03 4.890061e+01 5.329521e+04
8.789062e-03 5.028631e+01 5.180299e+04
9.033203e-03 5.163290e+01 5.035390e+04
9.277344e-03 5.293961e+01 4.894671e+04
9.521484e-03 5.420581e+01 4.758025e+04
9.765625e-03 5.543104e+01 4.625334e+04
1.000977e-02 5.661492e+01 4.496486e+04
1.025391e-02 5.775723e+01 4.371372e+04
1.049805e-02 5.885781e+01 4.249886e+04
1.074219e-02 5.991666e+01 4.131924e+04
1.098633e-02 6.093383e+01 4.017385e+04
1.123047e-02 6.190948e+01 3.906173e+04
1.147461e-02 6.284383e+01 3.798193e+04
1.171875e-02 6.373721e+01 3.693351e+04
1.196289e-02 6.458998e+01 3.591559e+04
1.220703e-02 6.540259e+01 3.492729e+04
1.245117e-02 6.617553e+01 3.396778e+04
1.269531e-02 6.690937e+01 3.303622e+04
1.293945e-02 6.760470e+01 3.213181e+04
1.318359e-02 6.826217e+01 3.125378e+04
1.342773e-02 6.888246e+01 3.040138e+04
1.367188e-02 6.946630e+01 2.957387e+04
1.391602e-02 7.001444e+01 2.877053e+04
1.416016e-02 7.052766e+01 2.799068e+04
1.440430e-02 7.100676e+01 2.723364e+04
1.464844e-02 7.145259e+01 2.649876e+04
1.489258e-02 7.186597e+01 2.578539e+04
1.513672e-02 7.224779e+01 2.509292e+04
1.538086e-02 7.259892e+01 2.442076e+04
1.562500e-02 7.292025e+01 2.376831e+04
1.586914e-02 7.321267e+01 2.313500e+04
1.611328e-02 7.347709e+01 2.252030e+04
1.635742e-02 7.371443e+01 2.192365e+04
1.660156e-02 7.392559e+01 2.134455e+04
1.684570e-02 7.411148e+01 2.078248e+04
1.708984e-02 7.427302e+01 2.023695e+04
1.733398e-02 7.441113e+01 1.970749e+04
1.757812e-02 7.452669e+01 1.919362e+04
1.782227e-02 7.462063e+01 1.869490e+04
1.806641e-02 7.469383e+01 1.821090e+04
1.831055e-02 7.474717e+01 1.774117e+04
1.855469e-02 7.478155e+01 1.728532e+04
1.879883e-02 7.479783e+01 1.684293e+04
1.904297e-02 7.479686e+01 1.641361e+04
1.928711e-02 7.477951e+01 1.599700e+04
1.953125e-02 7.474659e+01 1.559270e+04
2.001953e-02 7.463737e+01 1.481967e+04
2.050781e-02 7.447564e+01 1.409177e+04
2.099609e-02 7.426758e+01 1.340641e+04
2.148438e-02 7.401916e+01 1.276112e+04
2.197266e-02 7.373607e+01 1.215360e+04
2.246094e-02 7.342376e+01 1.158167e+04
2.294922e-02 7.308741e+01 1.104325e+04
2.343750e-02 7.273191e+01 1.053641e+04
2.392578e-02 7.236190e+01 1.005930e+04
2.441406e-02 7.198174e+01 9.610199e+03
2.465820e-02 7.178915e+01 9.395634e+03
2.490234e-02 7.159553e+01 9.187463e+03
2.514648e-02 7.140137e+01 8.985497e+03
2.539062e-02 7.120710e+01 8.789550e+03
2.563477e-02 7.101317e+01 8.599444e+03
2.587891e-02 7.082001e+01 8.415003e+03
2.612305e-02 7.062801e+01 8.236059e+03
2.636719e-02 7.043757e+01 8.062447e+03
2.661133e-02 7.024906e+01 7.894008e+03
2.685547e-02 7.006284e+01 7.730585e+03
2.709961e-02 6.987925e+01 7.572030e+03
2.734375e-02 6.969863e+01 7.418194e+03
2.758789e-02 6.952128e+01 7.268937e+03
2.783203e-02 6.934751e+01 7.124120e+03
2.807617e-02 6.917761e+01 6.983609e+03
2.832031e-02 6.901184e+01 6.847274e+03
2.856445e-02 6.885047e+01 6.714988e+03
2.880859e-02 6.869374e+01 6.586629e+03
2.905273e-02 6.854189e+01 6.462078e+03
2.929688e-02 6.839513e+01 6.341218e+03
2.978516e-02 6.811769e+01 6.110128e+03
3.027344e-02 6.786296e+01 5.892498e+03
3.076172e-02 6.763225e+01 5.687518e+03
3.125000e-02 6.742669e+01 5.494421e+03
3.173828e-02 6.724727e+01 5.312488e+03
3.222656e-02 6.709479e+01 5.141039e+03
3.271484e-02 6.696990e+01 4.979435e+03
3.320312e-02 6.687311e+01 4.827072e+03
3.369141e-02 6.680480e+01 4.683382e+03
3.417969e-02 6.676522e+01 4.547830e+03
3.466797e-02 6.675447e+01 4.419913e+03
3.515625e-02 6.677258e+01 4.299156e+03
3.564453e-02 6.681945e+01 4.185113e+03
3.613281e-02 6.689488e+01 4.077364e+03
3.662109e-02 6.699860e+01 3.975513e+03
3.710938e-02 6.713022e+01 3.879189e+03
3.759766e-02 6.728930e+01 3.788041e+03
3.808594e-02 6.747533e+01 3.701739e+03
3.857422e-02 6.768771e+01 3.619976e+03
3.906250e-02 6.792581e+01 3.542459e+03
3.955078e-02 6.818892e+01 3.468916e+03
4.003906e-02 6.847630e+01 3.399090e+03
4.052734e-02 6.878716e+01 3.332738e+03
4.101562e-02 6.912066e+01 3.269636e+03
4.150391e-02 6.947595e+01 3.209569e+03
4.199219e-02 6.985213e+01 3.152338e+03
4.248047e-02 7.024829e+01 3.097756e+03
4.296875e-02 7.066347e+01 3.045648e+03
4.345703e-02 7.109673e+01 2.995847e+03
4.394531e-02 7.154710e+01 2.948201e+03
4.443359e-02 7.201358e+01 2.902563e+03
4.492188e-02 7.249520e+01 2.858799e+03
4.541016e-02 7.299095e+01 2.816781e+03
4.589844e-02 7.349984e+01 2.776391e+03
4.638672e-02 7.402086e+01 2.737518e+03
4.687500e-02 7.455304e+01 2.700057e+03
4.736328e-02 7.509537e+01 2.663911e+03
4.785156e-02 7.564688e+01 2.628990e+03
4.833984e-02 7.620659e+01 2.595208e+03
4.882812e-02 7.677355e+01 2.562487e+03
4.907227e-02 7.705945e+01 2.546501e+03
4.931641e-02 7.734681e+01 2.530753e+03
4.956055e-02 7.763551e+01 2.515234e+03
4.980469e-02 7.792544e+01 2.499936e+03
5.004883e-02 7.821648e+01 2.484852e+03
5.029297e-02 7.850851e+01 2.469974e+03
5.053711e-02 7.880144e+01 2.455294e+03
5.078125e-02 7.909514e+01 2.440805e+03
5.102539e-02 7.938951e+01 2.426501e+03
5.126953e-02 7.968443e+01 2.412376e+03
5.139160e-02 7.983207e+01 2.405377e+03
5.151367e-02 7.997981e+01 2.398421e+03
5.163574e-02 8.012763e+01 2.391507e+03
5.175781e-02 8.027553e+01 2.384633e+03
5.187988e-02 8.042349e+01 2.377799e+03
5.200195e-02 8.057150e+01 2.371004e+03
5.212402e-02 8.071954e+01 2.364248e+03
5.224609e-02 8.086760e+01 2.357529e+03
5.236816e-02 8.101567e+01 2.350847e+03
5.249023e-02 8.116373e+01 2.344202e+03
5.261230e-02 8.131178e+01 2.337593e+03
5.273438e-02 8.145980e+01 2.331019e+03
5.285645e-02 8.160778e+01 2.324480e+03
5.297852e-02 8.175570e+01 2.317974e+03
5.310059e-02 8.190356e+01 2.311502e+03
5.322266e-02 8.205134e+01 2.305063e+03
5.334473e-02 8.219903e+01 2.298655e+03
5.346680e-02 8.234662e+01 2.292279e+03
5.358887e-02 8.249409e+01 2.285935e+03
5.371094e-02 8.264144e+01 2.279620e+03
5.419922e-02 8.322935e+01 2.254657e+03
5.468750e-02 8.381433e+01 2.230141e+03
5.517578e-02 8.439569e+01 2.206040e+03
5.566406e-02 8.497273e+01 2.182327e+03
5.615234e-02 8.554480e+01 2.158977e+03
5.664062e-02 8.611126e+01 2.135964e+03
5.712891e-02 8.667151e+01 2.113269e+03
5.761719e-02 8.722496e+01 2.090869e+03
5.810547e-02 8.777105e+01 2.068747e+03
5.859375e-02 8.830925e+01 2.046886e+03
5.957031e-02 8.935995e+01 2.003887e+03
6.054688e-02 9.037327e+01 1.961764e+03
6.152344e-02 9.134584e+01 1.920427e+03
6.250000e-02 9.227464e+01 1.879804e+03
6.347656e-02 9.315704e+01 1.839836e+03
6.445312e-02 9.399076e+01 1.800476e+03
6.542969e-02 9.477388e+01 1.761688e+03
6.640625e-02 9.550482e+01 1.723445e+03
6.738281e-02 9.618231e+01 1.685726e+03
6.835938e-02 9.680539e+01 1.648517e+03
6.884766e-02 9.709631e+01 1.630101e+03
6.933594e-02 9.737341e+01 1.611810e+03
6.982422e-02 9.763663e+01 1.593642e+03
7.031250e-02 9.788595e+01 1.575598e+03
7.080078e-02 9.812138e+01 1.557678e+03
7.128906e-02 9.834291e+01 1.539882e+03
7.177734e-02 9.855056e+01 1.522210e+03
7.226562e-02 9.874437e+01 1.504662e+03
7.275391e-02 9.892439e+01 1.487239e+03
7.324219e-02 9.909069e+01 1.469943e+03
7.373047e-02 9.924333e+01 1.452772e+03
7.421875e-02 9.938240e+01 1.435729e+03
7.470703e-02 9.950801e+01 1.418813e+03
7.519531e-02 9.962026e+01 1.402027e+03
7.568359e-02 9.971927e+01 1.385370e+03
7.617188e-02 9.980518e+01 1.368844e+03
7.666016e-02 9.987812e+01 1.352450e+03
7.714844e-02 9.993825e+01 1.336188e+03
7.763672e-02 9.998573e+01 1.320060e+03
7.812500e-02 1.000207e+02 1.304067e+03
7.910156e-02 1.000540e+02 1.272490e+03
8.007812e-02 1.000394e+02 1.241462e+03
8.105469e-02 9.997877e+01 1.210993e+03
8.203125e-02 9.987366e+01 1.181088e+03
8.300781e-02 9.972588e+01 1.151755e+03
8.398438e-02 9.953727e+01 1.122998e+03
8.496094e-02 9.930976e+01 1.094822e+03
8.593750e-02 9.904529e+01 1.067231e+03
8.691406e-02 9.874587e+01 1.040229e+03
8.789062e-02 9.841351e+01 1.013817e+03
8.886719e-02 9.805027e+01 9.879980e+02
8.984375e-02 9.765820e+01 9.627712e+02
9.082031e-02 9.723937e+01 9.381370e+02
9.179688e-02 9.679583e+01 9.140943e+02
9.277344e-02 9.632965e+01 8.906412e+02
9.375000e-02 9.584284e+01 8.677752e+02
9.472656e-02 9.533742e+01 8.454929e+02
9.570312e-02 9.481537e+01 8.237902e+02
9.667969e-02 9.427864e+01 8.026625e+02
9.765625e-02 9.372915e+01 7.821044e+02
9.814453e-02 9.345020e+01 7.720371e+02
9.863281e-02 9.316876e+01 7.621100e+02
9.912109e-02 9.288506e+01 7.523221e+02
9.960938e-02 9.259931e+01 7.426727e+02
1.000977e-01 9.231173e+01 7.331608e+02
1.005859e-01 9.202256e+01 7.237855e+02
1.010742e-01 9.173199e+01 7.145460e+02
1.015625e-01 9.144024e+01 7.054411e+02
1.020508e-01 9.114752e+01 6.964699e+02
1.025391e-01 9.085403e+01 6.876313e+02
1.026611e-01 9.078056e+01 6.854423e+02
1.027832e-01 9.070706e+01 6.832615e+02
1.029053e-01 9.063353e+01 6.810889e+02
1.030273e-01 9.055998e+01 6.789244e+02
1.031494e-01 9.048640e+01 6.767681e+02
1.032715e-01 9.041279e+01 6.746200e+02
1.033936e-01 9.033918e+01 6.724799e+02
1.035156e-01 9.026555e+01 6.703480e+02
1.036377e-01 9.019190e+01 6.682242e+02
1.037598e-01 9.011825e+01 6.661084e+02
1.038818e-01 9.004460e+01 6.640007e+02
1.040039e-01 8.997094e+01 6.619011e+02
1.041260e-01 8.989728e+01 6.598094e+02
1.042480e-01 8.982363e+01 6.577258e+02
1.043701e-01 8.974998e+01 6.556501e+02
1.044922e-01 8.967634e+01 6.535825e+02
1.046143e-01 8.960272e+01 6.515227e+02
1.047363e-01 8.952911e+01 6.494709e+02
1.048584e-01 8.945552e+01 6.474270e+02
1.049805e-01 8.938195e+01 6.453910e+02
1.052246e-01 8.923488e+01 6.413427e+02
1.054688e-01 8.908793e+01 6.373257e+02
1.057129e-01 8.894112e+01 6.333399e+02
1.059570e-01 8.879447e+01 6.293851e+02
1.062012e-01 8.864800e+01 6.254613e+02
1.064453e-01 8.850174e+01 6.215683e+02
1.066895e-01 8.835570e+01 6.177058e+02
1.069336e-01 8.820990e+01 6.138739e+02
1.071777e-01 8.806438e+01 6.100722e+02
1.074219e-01 8.791914e+01 6.063007e+02
1.083984e-01 8.734145e+01 5.915133e+02
1.093750e-01 8.676993e+01 5.771959e+02
1.103516e-01 8.620576e+01 5.633385e+02
1.113281e-01 8.565006e+01 5.499308e+02
1.123047e-01 8.510390e+01 5.369623e+02
1.132812e-01 8.456826e+01 5.244227e+02
1.142578e-01 8.404409e+01 5.123014e+02
1.152344e-01 8.353225e+01 5.005877e+02
1.162109e-01 8.303354e+01 4.892712e+02
1.171875e-01 8.254872e+01 4.783413e+02
1.181641e-01 8.207846e+01 4.677874e+02
1.191406e-01 8.162341e+01 4.575990e+02
1.201172e-01 8.118412e+01 4.477658e+02
1.210938e-01 8.076110e+01 4.382772e+02
1.220703e-01 8.035481e+01 4.291231e+02
1.230469e-01 7.996566e+01 4.202933e+02
1.240234e-01 7.959400e+01 4.117778e+02
1.250000e-01 7.924011e+01 4.035666e+02
1.259766e-01 7.890425e+01 3.956499e+02
1.269531e-01 7.858662e+01 3.880180e+02
1.279297e-01 7.828736e+01 3.806616e+02
1.289062e-01 7.800660e+01 3.735713e+02
1.298828e-01 7.774439e+01 3.667379e+02
1.308594e-01 7.750075e+01 3.601524e+02
1.318359e-01 7.727568e+01 3.538061e+02
1.328125e-01 7.706910e+01 3.476903e+02
1.337891e-01 7.688094e+01 3.417965e+02
1.347656e-01 7.671105e+01 3.361165e+02
1.357422e-01 7.655930e+01 3.306423e+02
1.367188e-01 7.642547e+01 3.253659e+02
1.386719e-01 7.621068e+01 3.153764e+02
1.406250e-01 7.606458e+01 3.060889e+02
1.425781e-01 7.598465e+01 2.974474e+02
1.445312e-01 7.596803e+01 2.893993e+02
1.464844e-01 7.601154e+01 2.818948e+02
1.484375e-01 7.611175e+01 2.748872e+02
1.503906e-01 7.626500e+01 2.683329e+02
1.523438e-01 7.646745e+01 2.621908e+02
1.542969e-01 7.671515e+01 2.564230e+02
1.562500e-01 7.700403e+01 2.509941e+02
1.582031e-01 7.732994e+01 2.458712e+02
1.601562e-01 7.768871e+01 2.410240e+02
1.621094e-01 7.807616e+01 2.364244e+02
1.640625e-01 7.848812e+01 2.320467e+02
1.660156e-01 7.892048e+01 2.278673e+02
1.679688e-01 7.936918e+01 2.238644e+02
1.699219e-01 7.983024e+01 2.200184e+02
1.718750e-01 8.029979e+01 2.163113e+02
1.738281e-01 8.077409e+01 2.127267e+02
1.757812e-01 8.124950e+01 2.092501e+02
1.777344e-01 8.172254e+01 2.058681e+02
1.796875e-01 8.218988e+01 2.025689e+02
1.816406e-01 8.264835e+01 1.993418e+02
1.835938e-01 8.309494e+01 1.961774e+02
1.855469e-01 8.352682e+01 1.930673e+02
1.875000e-01 8.394133e+01 1.900043e+02
1.894531e-01 8.433599e+01 1.869819e+02
1.914062e-01 8.470850e+01 1.839945e+02
1.933594e-01 8.505674e+01 1.810374e+02
1.953125e-01 8.537877e+01 1.781066e+02
1.962891e-01 8.552939e+01 1.766499e+02
1.972656e-01 8.567281e+01 1.751985e+02
1.982422e-01 8.580884e+01 1.737521e+02
1.992188e-01 8.593730e+01 1.723104e+02
2.001953e-01 8.605800e+01 1.708731e+02
2.011719e-01 8.617080e+01 1.694399e+02
2.021484e-01 8.627554e+01 1.680107e+02
2.031250e-01 8.637208e+01 1.665853e+02
2.041016e-01 8.646030e+01 1.651635e+02
2.050781e-01 8.654006e+01 1.637452e+02
2.053223e-01 8.655867e+01 1.633912e+02
2.055664e-01 8.657675e+01 1.630374e+02
2.058105e-01 8.659428e+01 1.626837e+02
2.060547e-01 8.661128e+01 1.623303e+02
2.062988e-01 8.662773e+01 1.619771e+02
2.065430e-01 8.664364e+01 1.616241e+02
2.067871e-01 8.665901e+01 1.612712e+02
2.070312e-01 8.667383e+01 1.609186e+02
2.072754e-01 8.668810e+01 1.605662e+02
2.075195e-01 8.670183e+01 1.602140e+02
2.076416e-01 8.670849e+01 1.600380e+02
2.077637e-01 8.671501e+01 1.598620e+02
2.078857e-01 8.672139e+01 1.596860e+02
2.080078e-01 8.672764e+01 1.595102e+02
2.081299e-01 8.673374e+01 1.593343e+02
2.082520e-01 8.673971e+01 1.591585e+02
2.083740e-01 8.674554e+01 1.589828e+02
2.084961e-01 8.675124e+01 1.588071e+02
2.086182e-01 8.675679e+01 1.586315e+02
2.087402e-01 8.676221e+01 1.584559e+02
2.088623e-01 8.676748e+01 1.582803e+02
2.089844e-01 8.677262e+01 1.581049e+02
2.091064e-01 8.677762e+01 1.579294e+02
2.092285e-01 8.678248e+01 1.577540e+02
2.093506e-01 8.678720e+01 1.575787e+02
2.094727e-01 8.679178e+01 1.574034e+02
2.095947e-01 8.679622e+01 1.572281e+02
2.097168e-01 8.680052e+01 1.570529e+02
2.098389e-01 8.680468e+01 1.568778e+02
2.099609e-01 8.680871e+01 1.567027e+02
2.104492e-01 8.682339e+01 1.560027e+02
2.109375e-01 8.683583e+01 1.553036e+02
2.114258e-01 8.684601e+01 1.546052e+02
2.119141e-01 8.685393e+01 1.539076e+02
2.124023e-01 8.685959e+01 1.532108e+02
2.128906e-01 8.686297e+01 1.525147e+02
2.133789e-01 8.686409e+01 1.518195e+02
2.138672e-01 8.686292e+01 1.511250e+02
2.143555e-01 8.685947e+01 1.504313e+02
2.148438e-01 8.685374e+01 1.497384e+02
2.158203e-01 8.683542e+01 1.483551e+02
2.167969e-01 8.680794e+01 1.469750e+02
2.177734e-01 8.677131e+01 1.455983e+02
2.187500e-01 8.672551e+01 1.442251e+02
2.197266e-01 8.667058e+01 1.428554e+02
2.207031e-01 8.660652e+01 1.414894e+02
2.216797e-01 8.653336e+01 1.401270e+02
2.226562e-01 8.645113e+01 1.387685e+02
2.236328e-01 8.635988e+01 1.374140e+02
2.246094e-01 8.625963e+01 1.360636e+02
2.255859e-01 8.615046e+01 1.347174e+02
2.265625e-01 8.603241e+01 1.333755e+02
2.275391e-01 8.590555e+01 1.320381e+02
2.285156e-01 8.576994e+01 1.307054e+02
2.294922e-01 8.562567e+01 1.293774e+02
2.304688e-01 8.547280e+01 1.280542e+02
2.314453e-01 8.531143e+01 1.267362e+02
2.324219e-01 8.514164e+01 1.254233e+02
2.333984e-01 8.496352e+01 1.241157e+02
2.343750e-01 8.477718e+01 1.228136e+02
2.363281e-01 8.438023e+01 1.202265e+02
2.382812e-01 8.395166e+01 1.176629e+02
2.402344e-01 8.349239e+01 1.151242e+02
2.421875e-01 8.300340e+01 1.126115e+02
2.441406e-01 8.248571e+01 1.101257e+02
2.460938e-01 8.194040e+01 1.076681e+02
2.480469e-01 8.136858e+01 1.052396e+02
2.500000e-01 8.077138e+01 1.028413e+02
2.519531e-01 8.014998e+01 1.004741e+02
2.539062e-01 7.950557e+01 9.813883e+01
2.548828e-01 7.917511e+01 9.698346e+01
2.558594e-01 7.883935e+01 9.583640e+01
2.568359e-01 7.849845e+01 9.469774e+01
2.578125e-01 7.815256e+01 9.356758e+01
2.587891e-01 7.780183e+01 9.244600e+01
2.597656e-01 7.744643e+01 9.133309e+01
2.607422e-01 7.708650e+01 9.022894e+01
2.617188e-01 7.672220e+01 8.913362e+01
2.626953e-01 7.635369e+01 8.804720e+01
2.636719e-01 7.598113e+01 8.696976e+01
2.646484e-01 7.560467e+01 8.590137e+01
2.656250e-01 7.522446e+01 8.484209e+01
2.666016e-01 7.484067e+01 8.379197e+01
2.675781e-01 7.445344e+01 8.275109e+01
2.685547e-01 7.406294e+01 8.171948e+01
2.695312e-01 7.366931e+01 8.069720e+01
2.705078e-01 7.327271e+01 7.968430e+01
2.714844e-01 7.287329e+01 7.868081e+01
2.724609e-01 7.247121e+01 7.768678e+01
2.734375e-01 7.206661e+01 7.670224e+01
2.773438e-01 7.042605e+01 7.285958e+01
2.812500e-01 6.875706e+01 6.917073e+01
2.851562e-01 6.706875e+01 6.563637e+01
2.890625e-01 6.536986e+01 6.225643e+01
2.929688e-01 6.366869e+01 5.903009e+01
2.968750e-01 6.197309e+01 5.595592e+01
3.007812e-01 6.029044e+01 5.303188e+01
3.046875e-01 5.862759e+01 5.025542e+01
3.085938e-01 5.699091e+01 4.762352e+01
3.125000e-01 5.538620e+01 4.513274e+01
3.144531e-01 5.459751e+01 4.393910e+01
3.164062e-01 5.381875e+01 4.277929e+01
3.183594e-01 5.305049e+01 4.165281e+01
3.203125e-01 5.229330e+01 4.055911e+01
3.222656e-01 5.154767e+01 3.949764e+01
3.242188e-01 5.081409e+01 3.846786e+01
3.261719e-01 5.009301e+01 3.746919e+01
3.281250e-01 4.938486e+01 3.650104e+01
3.300781e-01 4.869001e+01 3.556284e+01
3.320312e-01 4.800882e+01 3.465399e+01
3.339844e-01 4.734163e+01 3.377389e+01
3.359375e-01 4.668873e+01 3.292193e+01
3.378906e-01 4.605040e+01 3.209750e+01
3.398438e-01 4.542687e+01 3.130000e+01
3.417969e-01 4.481837e+01 3.052882e+01
3.437500e-01 4.422507e+01 2.978333e+01
3.457031e-01 4.364716e+01 2.906294e+01
3.476562e-01 4.308476e+01 2.836702e+01
3.496094e-01 4.253799e+01 2.769497e+01
3.515625e-01 4.200694e+01 2.704619e+01
3.535156e-01 4.149169e+01 2.642007e+01
3.554688e-01 4.099227e+01 2.581602e+01
3.574219e-01 4.050872e+01 2.523344e+01
3.593750e-01 4.004104e+01 2.467174e+01
3.613281e-01 3.958921e+01 2.413034e+01
3.632812e-01 3.915321e+01 2.360867e+01
3.652344e-01 3.873298e+01 2.310616e+01
3.671875e-01 3.832844e+01 2.262224e+01
3.691406e-01 3.793953e+01 2.215636e+01
3.710938e-01 3.756613e+01 2.170797e+01
3.730469e-01 3.720813e+01 2.127655e+01
3.750000e-01 3.686539e+01 2.086154e+01
3.769531e-01 3.653778e+01 2.046245e+01
3.789062e-01 3.622513e+01 2.007874e+01
3.808594e-01 3.592727e+01 1.970993e+01
3.828125e-01 3.564403e+01 1.935551e+01
3.847656e-01 3.537520e+01 1.901501e+01
3.867188e-01 3.512059e+01 1.868794e+01
3.886719e-01 3.487998e+01 1.837385e+01
3.906250e-01 3.465315e+01 1.807227e+01
3.925781e-01 3.443986e+01 1.778277e+01
3.945312e-01 3.423989e+01 1.750490e+01
3.964844e-01 3.405298e+01 1.723825e+01
3.984375e-01 3.387889e+01 1.698239e+01
4.003906e-01 3.371735e+01 1.673693e+01
4.023438e-01 3.356810e+01 1.650146e+01
4.042969e-01 3.343086e+01 1.627560e+01
4.062500e-01 3.330538e+01 1.605897e+01
4.082031e-01 3.319136e+01 1.585122e+01
4.101562e-01 3.308854e+01 1.565197e+01
4.121094e-01 3.299661e+01 1.546089e+01
4.140625e-01 3.291530e+01 1.527764e+01
4.160156e-01 3.284432e+01 1.510188e+01
4.179688e-01 3.278338e+01 1.493331e+01
4.199219e-01 3.273218e+01 1.477162e+01
4.218750e-01 3.269043e+01 1.461649e+01
4.238281e-01 3.265784e+01 1.446765e+01
4.257812e-01 3.263410e+01 1.432481e+01
4.277344e-01 3.261894e+01 1.418769e+01
4.296875e-01 3.261205e+01 1.405604e+01
4.335938e-01 3.262193e+01 1.380809e+01
4.375000e-01 3.266140e+01 1.357903e+01
4.414062e-01 3.272816e+01 1.336702e+01
4.453125e-01 3.281993e+01 1.317037e+01
4.492188e-01 3.293449e+01 1.298749e+01
4.531250e-01 3.306965e+01 1.281692e+01
4.570312e-01 3.322328e+01 1.265729e+01
4.609375e-01 3.339330e+01 1.250735e+01
4.648438e-01 3.357770e+01 1.236594e+01
4.687500e-01 3.377454e+01 1.223199e+01
4.726562e-01 3.398194e+01 1.210452e+01
4.765625e-01 3.419810e+01 1.198264e+01
4.804688e-01 3.442127e+01 1.186552e+01
4.843750e-01 3.464982e+01 1.175243e+01
4.882812e-01 3.488216e+01 1.164269e+01
4.921875e-01 3.511678e+01 1.153569e+01
4.960938e-01 3.535227e+01 1.143089e+01
5.000000e-01 3.558728e+01 1.132778e+01
5.039062e-01 3.582054e+01 1.122594e+01
5.078125e-01 3.605086e+01 1.112497e+01
5.117188e-01 3.627712e+01 1.102454e+01
5.156250e-01 3.649829e+01 1.092433e+01
5.195312e-01 3.671339e+01 1.082409e+01
5.234375e-01 3.692154e+01 1.072359e+01
5.273438e-01 3.712191e+01 1.062265e+01
5.312500e-01 3.731374e+01 1.052110e+01
5.351562e-01 3.749634e+01 1.041880e+01
5.390625e-01 3.766909e+01 1.031566e+01
5.429688e-01 3.783144e+01 1.021159e+01
5.468750e-01 3.798287e+01 1.010652e+01
5.507812e-01 3.812295e+01 1.000042e+01
5.546875e-01 3.825129e+01 9.893262e+00
5.585938e-01 3.836756e+01 9.785030e+00
5.625000e-01 3.847148e+01 9.675734e+00
5.664062e-01 3.856280e+01 9.565390e+00
5.703125e-01 3.864136e+01 9.454025e+00
5.742188e-01 3.870700e+01 9.341679e+00
5.781250e-01 3.875963e+01 9.228397e+00
5.820312e-01 3.879919e+01 9.114234e+00
5.859375e-01 3.882565e+01 8.999249e+00
5.898438e-01 3.883903e+01 8.883508e+00
5.937500e-01 3.883937e+01 8.767081e+00
5.976562e-01 3.882675e+01 8.650043e+00
6.015625e-01 3.880128e+01 8.532468e+00
6.054688e-01 3.876309e+01 8.414437e+00
6.093750e-01 3.871234e+01 8.296029e+00
6.132812e-01 3.864920e+01 8.177325e+00
6.171875e-01 3.857389e+01 8.058409e+00
6.210938e-01 3.848661e+01 7.939361e+00
6.250000e-01 3.838763e+01 7.820263e+00
6.289062e-01 3.827718e+01 7.701197e+00
6.328125e-01 3.815554e+01 7.582241e+00
6.367188e-01 3.802298e+01 7.463474e+00
6.406250e-01 3.787981e+01 7.344973e+00
6.445312e-01 3.772634e+01 7.226813e+00
6.484375e-01 3.756286e+01 7.109067e+00
6.523438e-01 3.738972e+01 6.991806e+00
6.562500e-01 3.720723e+01 6.875098e+00
6.601562e-01 3.701574e+01 6.759010e+00
6.640625e-01 3.681557e+01 6.643604e+00
6.679688e-01 3.660707e+01 6.528943e+00
6.718750e-01 3.639059e+01 6.415083e+00
6.757812e-01 3.616646e+01 6.302080e+00
6.796875e-01 3.593504e+01 6.189987e+00
6.835938e-01 3.569667e+01 6.078853e+00
6.875000e-01 3.545169e+01 5.968726e+00
6.914062e-01 3.520045e+01 5.859651e+00
6.953125e-01 3.494329e+01 5.751668e+00
6.992188e-01 3.468054e+01 5.644817e+00
7.031250e-01 3.441255e+01 5.539134e+00
7.070312e-01 3.413964e+01 5.434653e+00
7.109375e-01 3.386213e+01 5.331404e+00
7.148438e-01 3.358036e+01 5.229417e+00
7.187500e-01 3.329464e+01 5.128717e+00
7.226562e-01 3.300528e+01 5.029329e+00
7.265625e-01 3.271259e+01 4.931273e+00
7.304688e-01 3.241686e+01 4.834569e+00
7.343750e-01 3.211839e+01 4.739234e+00
7.382812e-01 3.181747e+01 4.645282e+00
7.421875e-01 3.151437e+01 4.552726e+00
7.460938e-01 3.120938e+01 4.461577e+00
7.500000e-01 3.090275e+01 4.371845e+00
7.539062e-01 3.059475e+01 4.283535e+00
7.578125e-01 3.028562e+01 4.196653e+00
7.617188e-01 2.997562e+01 4.111203e+00
7.656250e-01 2.966497e+01 4.027187e+00
7.695312e-01 2.935391e+01 3.944606e+00
7.734375e-01 2.904267e+01 3.863458e+00
7.773438e-01 2.873144e+01 3.783741e+00
7.812500e-01 2.842045e+01 3.705451e+00
7.851562e-01 2.810989e+01 3.628584e+00
7.890625e-01 2.779996e+01 3.553133e+00
7.929688e-01 2.749083e+01 3.479091e+00
7.968750e-01 2.718269e+01 3.406451e+00
8.007812e-01 2.687570e+01 3.335202e+00
8.046875e-01 2.657004e+01 3.265335e+00
8.085938e-01 2.626585e+01 3.196839e+00
8.125000e-01 2.596328e+01 3.129702e+00
8.164062e-01 2.566248e+01 3.063911e+00
8.203125e-01 2.536359e+01 2.999454e+00
8.212891e-01 2.528918e+01 2.983546e+00
8.222656e-01 2.521490e+01 2.967721e+00
8.232422e-01 2.514075e+01 2.951978e+00
8.242188e-01 2.506673e+01 2.936316e+00
8.251953e-01 2.499285e+01 2.920736e+00
8.261719e-01 2.491910e+01 2.905238e+00
8.271484e-01 2.484549e+01 2.889820e+00
8.281250e-01 2.477203e+01 2.874484e+00
8.291016e-01 2.469870e+01 2.859228e+00
8.300781e-01 2.462552e+01 2.844052e+00
8.305664e-01 2.458898e+01 2.836495e+00
8.310547e-01 2.455248e+01 2.828957e+00
8.315430e-01 2.451602e+01 2.821439e+00
8.320312e-01 2.447959e+01 2.813942e+00
8.325195e-01 2.444321e+01 2.806464e+00
8.330078e-01 2.440686e+01 2.799006e+00
8.334961e-01 2.437054e+01 2.791568e+00
8.339844e-01 2.433427e+01 2.784150e+00
8.344727e-01 2.429803e+01 2.776751e+00
8.349609e-01 2.426183e+01 2.769372e+00
8.354492e-01 2.422567e+01 2.762013e+00
8.359375e-01 2.418954e+01 2.754674e+00
8.364258e-01 2.415346e+01 2.747354e+00
8.369141e-01 2.411741e+01 2.740054e+00
8.374023e-01 2.408141e+01 2.732774e+00
8.378906e-01 2.404544e+01 2.725513e+00
8.383789e-01 2.400952e+01 2.718272e+00
8.388672e-01 2.397363e+01 2.711050e+00
8.393555e-01 2.393778e+01 2.703848e+00
8.398438e-01 2.390198e+01 2.696665e+00
8.417969e-01 2.375915e+01 2.668127e+00
8.437500e-01 2.361699e+01 2.639898e+00
8.457031e-01 2.347549e+01 2.611975e+00
8.476562e-01 2.333468e+01 2.584356e+00
8.496094e-01 2.319455e+01 2.557040e+00
8.515625e-01 2.305512e+01 2.530023e+00
8.535156e-01 2.291641e+01 2.503305e+00
8.554688e-01 2.277841e+01 2.476881e+00
8.574219e-01 2.264114e+01 2.450752e+00
8.593750e-01 2.250461e+01 2.424913e+00
8.671875e-01 2.196603e+01 2.324426e+00
8.750000e-01 2.143987e+01 2.228416e+00
8.828125e-01 2.092657e+01 2.136737e+00
8.906250e-01 2.042644e+01 2.049241e+00
8.984375e-01 1.993978e+01 1.965780e+00
9.062500e-01 1.946680e+01 1.886204e+00
9.140625e-01 1.900763e+01 1.810366e+00
9.218750e-01 1.856239e+01 1.738120e+00
9.296875e-01 1.813110e+01 1.669323e+00
9.375000e-01 1.771377e+01 1.603831e+00
9.414062e-01 1.751033e+01 1.572281e+00
9.453125e-01 1.731035e+01 1.541506e+00
9.492188e-01 1.711383e+01 1.511488e+00
9.531250e-01 1.692075e+01 1.482211e+00
9.570312e-01 1.673109e+01 1.453658e+00
9.609375e-01 1.654484e+01 1.425813e+00
9.648438e-01 1.636198e+01 1.398660e+00
9.687500e-01 1.618248e+01 1.372182e+00
9.726562e-01 1.600632e+01 1.346365e+00
9.765625e-01 1.583347e+01 1.321192e+00
9.804688e-01 1.566390e+01 1.296649e+00
9.843750e-01 1.549759e+01 1.272721e+00
9.882812e-01 1.533451e+01 1.249392e+00
9.921875e-01 1.517462e+01 1.226649e+00
9.960938e-01 1.501789e+01 1.204477e+00
1.000000e+00 1.486429e+01 1.182863e+00
1.003906e+00 1.471378e+01 1.161791e+00
1.007812e+00 1.456633e+01 1.141250e+00
1.011719e+00 1.442190e+01 1.121226e+00
1.015625e+00 1.428045e+01 1.101705e+00
1.019531e+00 1.414194e+01 1.082675e+00
1.023438e+00 1.400634e+01 1.064124e+00
1.027344e+00 1.387360e+01 1.046039e+00
1.031250e+00 1.374369e+01 1.028408e+00
1.035156e+00 1.361655e+01 1.011220e+00
1.039062e+00 1.349216e+01 9.944624e-01
1.042969e+00 1.337047e+01 9.781248e-01
1.046875e+00 1.325144e+01 9.621958e-01
1.050781e+00 1.313502e+01 9.466646e-01
1.054688e+00 1.302117e+01 9.315207e-01
1.058594e+00 1.290985e+01 9.167537e-01
1.062500e+00 1.280102e+01 9.023535e-01
1.066406e+00 1.269462e+01 8.883102e-01
1.070312e+00 1.259063e+01 8.746141e-01
1.074219e+00 1.248900e+01 8.612558e-01
1.078125e+00 1.238967e+01 8.482261e-01
1.082031e+00 1.229261e+01 8.355159e-01
1.085938e+00 1.219778e+01 8.231165e-01
1.089844e+00 1.210513e+01 8.110193e-01
1.093750e+00 1.201462e+01 7.992158e-01
1.101562e+00 1.183984e+01 7.764577e-01
1.109375e+00 1.167311e+01 7.547791e-01
1.117188e+00 1.151408e+01 7.341200e-01
1.125000e+00 1.136241e+01 7.144234e-01
1.132812e+00 1.121779e+01 6.956352e-01
1.140625e+00 1.107989e+01 6.777039e-01
1.148438e+00 1.094840e+01 6.605808e-01
1.156250e+00 1.082299e+01 6.442198e-01
1.164062e+00 1.070338e+01 6.285772e-01
1.171875e+00 1.058927e+01 6.136116e-01
1.179688e+00 1.048036e+01 5.992838e-01
1.187500e+00 1.037639e+01 5.855569e-01
1.195312e+00 1.027707e+01 5.723960e-01
1.203125e+00 1.018215e+01 5.597682e-01
1.210938e+00 1.009137e+01 5.476423e-01
1.218750e+00 1.000449e+01 5.359891e-01
1.226562e+00 9.921268e+00 5.247808e-01
1.234375e+00 9.841474e+00 5.139916e-01
1.242188e+00 9.764889e+00 5.035970e-01
1.250000e+00 9.691300e+00 4.935739e-01
1.265625e+00 9.552308e+00 4.745570e-01
1.281250e+00 9.422969e+00 4.567832e-01
1.296875e+00 9.301883e+00 4.401136e-01
1.312500e+00 9.187773e+00 4.244258e-01
1.328125e+00 9.079483e+00 4.096126e-01
1.343750e+00 8.975971e+00 3.955803e-01
1.359375e+00 8.876303e+00 3.822467e-01
1.375000e+00 8.779649e+00 3.695404e-01
1.390625e+00 8.685271e+00 3.573991e-01
1.406250e+00 8.592522e+00 3.457687e-01
1.421875e+00 8.500838e+00 3.346024e-01
1.437500e+00 8.409732e+00 3.238595e-01
1.453125e+00 8.318786e+00 3.135047e-01
1.468750e+00 8.227647e+00 3.035079e-01
1.484375e+00 8.136024e+00 2.938428e-01
1.500000e+00 8.043677e+00 2.844869e-01
1.515625e+00 7.950416e+00 2.754206e-01
1.531250e+00 7.856094e+00 2.666273e-01
1.546875e+00 7.760605e+00 2.580924e-01
1.562500e+00 7.663877e+00 2.498036e-01
1.570312e+00 7.615035e+00 2.457479e-01
1.578125e+00 7.565870e+00 2.417498e-01
1.585938e+00 7.516381e+00 2.378082e-01
1.593750e+00 7.466570e+00 2.339219e-01
1.601562e+00 7.416438e+00 2.300900e-01
1.609375e+00 7.365989e+00 2.263115e-01
1.617188e+00 7.315227e+00 2.225857e-01
1.625000e+00 7.264159e+00 2.189116e-01
1.632812e+00 7.212791e+00 2.152885e-01
1.640625e+00 7.161130e+00 2.117157e-01
1.644531e+00 7.135193e+00 2.099479e-01
1.648438e+00 7.109186e+00 2.081925e-01
1.652344e+00 7.083111e+00 2.064493e-01
1.656250e+00 7.056969e+00 2.047182e-01
1.660156e+00 7.030760e+00 2.029993e-01
1.664062e+00 7.004488e+00 2.012923e-01
1.667969e+00 6.978151e+00 1.995973e-01
1.671875e+00 6.951754e+00 1.979142e-01
1.675781e+00 6.925295e+00 1.962428e-01
1.679688e+00 6.898778e+00 1.945832e-01
1.683594e+00 6.872204e+00 1.929352e-01
1.687500e+00 6.845573e+00 1.912989e-01
1.691406e+00 6.818889e+00 1.896740e-01
1.695312e+00 6.792152e+00 1.880607e-01
1.699219e+00 6.765364e+00 1.864587e-01
1.703125e+00 6.738526e+00 1.848681e-01
1.707031e+00 6.711641e+00 1.832888e-01
1.710938e+00 6.684711e+00 1.817207e-01
1.714844e+00 6.657735e+00 1.801638e-01
1.718750e+00 6.630718e+00 1.786180e-01
1.734375e+00 6.522259e+00 1.725449e-01
1.750000e+00 6.413263e+00 1.666453e-01
1.765625e+00 6.303848e+00 1.609159e-01
1.781250e+00 6.194131e+00 1.553534e-01
1.796875e+00 6.084230e+00 1.499547e-01
1.812500e+00 5.974264e+00 1.447167e-01
1.828125e+00 5.864350e+00 1.396363e-01
1.843750e+00 5.754601e+00 1.347104e-01
1.859375e+00 5.645129e+00 1.299362e-01
1.875000e+00 5.536044e+00 1.253104e-01
1.890625e+00 5.427449e+00 1.208301e-01
1.906250e+00 5.319447e+00 1.164922e-01
1.921875e+00 5.212134e+00 1.122937e-01
1.937500e+00 5.105602e+00 1.082315e-01
1.953125e+00 4.999940e+00 1.043025e-01
1.968750e+00 4.895231e+00 1.005037e-01
1.984375e+00 4.791553e+00 9.683201e-02
2.000000e+00 4.688979e+00 9.328428e-02
2.015625e+00 4.587579e+00 8.985747e-02
2.031250e+00 4.487414e+00 8.654850e-02
2.035156e+00 4.462574e+00 8.573932e-02
2.039062e+00 4.437815e+00 8.493726e-02
2.042969e+00 4.413139e+00 8.414228e-02
2.046875e+00 4.388546e+00 8.335433e-02
2.050781e+00 4.364038e+00 8.257336e-02
2.054688e+00 4.339615e+00 8.179933e-02
2.058594e+00 4.315278e+00 8.103219e-02
2.062500e+00 4.291028e+00 8.027190e-02
2.066406e+00 4.266865e+00 7.951839e-02
2.070312e+00 4.242790e+00 7.877164e-02
2.074219e+00 4.218805e+00 7.803159e-02
2.078125e+00 4.194909e+00 7.729819e-02
2.082031e+00 4.171103e+00 7.657139e-02
2.085938e+00 4.147388e+00 7.585116e-02
2.089844e+00 4.123765e+00 7.513744e-02
2.093750e+00 4.100234e+00 7.443019e-02
2.097656e+00 4.076796e+00 7.372936e-02
2.101562e+00 4.053451e+00 7.303491e-02
2.105469e+00 4.030201e+00 7.234678e-02
2.109375e+00 4.007045e+00 7.166494e-02
2.117188e+00 3.961018e+00 7.031991e-02
2.125000e+00 3.915376e+00 6.899947e-02
2.132812e+00 3.870123e+00 6.770325e-02
2.140625e+00 3.825261e+00 6.643089e-02
2.148438e+00 3.780795e+00 6.518202e-02
2.156250e+00 3.736727e+00 6.395630e-02
2.164062e+00 3.693061e+00 6.275337e-02
2.171875e+00 3.649799e+00 6.157288e-02
2.179688e+00 3.606944e+00 6.041448e-02
2.187500e+00 3.564497e+00 5.927782e-02
2.218750e+00 3.398834e+00 5.494185e-02
2.250000e+00 3.239833e+00 5.092696e-02
2.281250e+00 3.087541e+00 4.721251e-02
2.312500e+00 2.941958e+00 4.377873e-02
2.343750e+00 2.803047e+00 4.060673e-02
2.375000e+00 2.670735e+00 3.767851e-02
2.406250e+00 2.544920e+00 3.497702e-02
2.437500e+00 2.425473e+00 3.248608e-02
2.468750e+00 2.312244e+00 3.019044e-02
2.500000e+00 2.205064e+00 2.807574e-02
2.531250e+00 2.103750e+00 2.612848e-02
2.562500e+00 2.008106e+00 2.433600e-02
2.593750e+00 1.917930e+00 2.268645e-02
2.625000e+00 1.833008e+00 2.116878e-02
2.656250e+00 1.753126e+00 1.977267e-02
2.687500e+00 1.678066e+00 1.848852e-02
2.718750e+00 1.607609e+00 1.730741e-02
2.750000e+00 1.541536e+00 1.622103e-02
2.781250e+00 1.479632e+00 1.522173e-02
2.812500e+00 1.421684e+00 1.430237e-02
2.843750e+00 1.367481e+00 1.345639e-02
2.875000e+00 1.316820e+00 1.267772e-02
2.906250e+00 1.269503e+00 1.196073e-02
2.937500e+00 1.225335e+00 1.130028e-02
2.968750e+00 1.184130e+00 1.069159e-02
3.000000e+00 1.145709e+00 1.013029e-02
3.031250e+00 1.109898e+00 9.612350e-03
3.062500e+00 1.076531e+00 9.134071e-03
3.093750e+00 1.045449e+00 8.692057e-03
3.125000e+00 1.016501e+00 8.283194e-03
3.156250e+00 9.895415e-01 7.904627e-03
3.187500e+00 9.644334e-01 7.553740e-03
3.218750e+00 9.410460e-01 7.228139e-03
3.250000e+00 9.192553e-01 6.925635e-03
3.281250e+00 8.989443e-01 6.644224e-03
3.312500e+00 8.800021e-01 6.382078e-03
3.343750e+00 8.623245e-01 6.137525e-03
3.375000e+00 8.458129e-01 5.909039e-03
3.406250e+00 8.303750e-01 5.695231e-03
3.437500e+00 8.159239e-01 5.494831e-03
3.468750e+00 8.023780e-01 5.306683e-03
3.500000e+00 7.896611e-01 5.129733e-03
3.531250e+00 7.777019e-01 4.963024e-03
3.562500e+00 7.664337e-01 4.805682e-03
3.593750e+00 7.557945e-01 4.656913e-03
3.625000e+00 7.457263e-01 4.515996e-03
3.656250e+00 7.361754e-01 4.382275e-03
3.687500e+00 7.270918e-01 4.255154e-03
3.718750e+00 7.184292e-01 4.134092e-03
3.750000e+00 7.101447e-01 4.018597e-03
3.812500e+00 6.945548e-01 3.802567e-03
3.875000e+00 6.800407e-01 3.603974e-03
3.937500e+00 6.663647e-01 3.420275e-03
4.000000e+00 6.533276e-01 3.249385e-03
4.062500e+00 6.407637e-01 3.089593e-03
4.125000e+00 6.285368e-01 2.939496e-03
4.187500e+00 6.165364e-01 2.797945e-03
4.250000e+00 6.046743e-01 2.663997e-03
4.312500e+00 5.928814e-01 2.536879e-03
4.375000e+00 5.811049e-01 2.415953e-03
4.437500e+00 5.693061e-01 2.300696e-03
4.500000e+00 5.574582e-01 2.190672e-03
4.562500e+00 5.455442e-01 2.085520e-03
4.625000e+00 5.335554e-01 1.984934e-03
4.687500e+00 5.214900e-01 1.888659e-03
4.750000e+00 5.093517e-01 1.796473e-03
4.812500e+00 4.971487e-01 1.708185e-03
4.875000e+00 4.848928e-01 1.623628e-03
4.937500e+00 4.725981e-01 1.542652e-03
5.000000e+00 4.602811e-01 1.465120e-03
5.125000e+00 4.356516e-01 1.319902e-03
5.250000e+00 4.111537e-01 1.187068e-03
5.375000e+00 3.869382e-01 1.065798e-03
5.500000e+00 3.631490e-01 9.553216e-04
5.625000e+00 3.399171e-01 8.549055e-04
5.750000e+00 3.173574e-01 7.638412e-04
5.875000e+00 2.955671e-01 6.814445e-04
6.000000e+00 2.746250e-01 6.070545e-04
6.125000e+00 2.545921e-01 5.400362e-04
6.250000e+00 2.355126e-01 4.797824e-04
6.312500e+00 2.263400e-01 4.520106e-04
6.375000e+00 2.174153e-01 4.257158e-04
6.437500e+00 2.087400e-01 4.008310e-04
6.500000e+00 2.003147e-01 3.772909e-04
6.562500e+00 1.921396e-01 3.550327e-04
6.625000e+00 1.842137e-01 3.339953e-04
6.687500e+00 1.765359e-01 3.141200e-04
6.750000e+00 1.691042e-01 2.953500e-04
6.812500e+00 1.619163e-01 2.776308e-04
6.875000e+00 1.549693e-01 2.609098e-04
6.937500e+00 1.482600e-01 2.451366e-04
7.000000e+00 1.417848e-01 2.302628e-04
7.062500e+00 1.355397e-01 2.162419e-04
7.125000e+00 1.295205e-01 2.030294e-04
7.187500e+00 1.237227e-01 1.905829e-04
7.250000e+00 1.181417e-01 1.788616e-04
7.312500e+00 1.127724e-01 1.678267e-04
7.375000e+00 1.076099e-01 1.574412e-04
7.437500e+00 1.026490e-01 1.476695e-04
7.500000e+00 9.788442e-02 1.384781e-04
7.750000e+00 8.068205e-02 1.068965e-04
8.000000e+00 6.618935e-02 8.229970e-05
8.250000e+00 5.406593e-02 6.321293e-05
8.500000e+00 4.398897e-02 4.845025e-05
8.750000e+00 3.566102e-02 3.706532e-05
9.000000e+00 2.881416e-02 2.830812e-05
9.250000e+00 2.321138e-02 2.158776e-05
9.500000e+00 1.864613e-02 1.644113e-05
9.750000e+00 1.494065e-02 1.250692e-05
1.000000e+01 1.194362e-02 9.504430e-06
1.025000e+01 9.527341e-03 7.216292e-06
1.050000e+01 7.584990e-03 5.474779e-06
1.075000e+01 6.027744e-03 4.150764e-06
1.100000e+01 4.782294e-03 3.145148e-06
1.125000e+01 3.788437e-03 2.382019e-06
1.150000e+01 2.996962e-03 1.803332e-06
1.175000e+01 2.367827e-03 1.364785e-06
1.200000e+01 1.868578e-03 1.032616e-06
1.225000e+01 1.473012e-03 7.811314e-07
1.250000e+01 1.160042e-03 5.908045e-07
1.275000e+01 9.127485e-04 4.468080e-07
1.300000e+01 7.175846e-04 3.378909e-07
1.325000e+01 5.637249e-04 2.555204e-07
1.350000e+01 4.425474e-04 1.932335e-07
1.375000e+01 3.471977e-04 1.461374e-07
1.400000e+01 2.722341e-04 1.105291e-07
1.425000e+01 2.133427e-04 8.360613e-08
1.450000e+01 1.671092e-04 6.324912e-08
1.475000e+01 1.308368e-04 4.785597e-08
1.500000e+01 1.023961e-04 3.621522e-08
1.550000e+01 6.264925e-05 2.075117e-08
1.600000e+01 3.828346e-05 1.190039e-08
1.650000e+01 2.336957e-05 6.830823e-09
1.700000e+01 1.425276e-05 3.924562e-09
1.750000e+01 8.686586e-06 2.257164e-09
1.800000e+01 5.291052e-06 1.299533e-09
1.850000e+01 3.220719e-06 7.488582e-10
1.900000e+01 1.959880e-06 4.320285e-10
1.950000e+01 1.192442e-06 2.495504e-10
2.000000e+01 7.250060e-07 1.442354e-10
2.100000e+01 2.677151e-07 4.830859e-11
2.200000e+01 9.906765e-08 1.628833e-11
2.300000e+01 3.664167e-08 5.512006e-12
2.400000e+01 1.335477e-08 1.845032e-12
2.500000e+01 5.049567e-09 6.429309e-13
2.600000e+01 2.017754e-09 2.375262e-13
2.700000e+01 6.155793e-10 6.719649e-14
2.800000e+01 2.653903e-10 2.693761e-14
2.900000e+01 2.796559e-10 2.646172e-14
3.000000e+01 8.586761e-11 7.592363e-15
3.100000e+01 6.633838e-11 5.493278e-15
3.200000e+01 6.050840e-11 4.702251e-15
3.300000e+01 5.835456e-11 4.264195e-15
3.400000e+01 5.506072e-11 3.790305e-15
3.500000e+01 4.836294e-11 3.141714e-15
3.600000e+01 3.789245e-11 2.326686e-15
3.700000e+01 2.504060e-11 1.455564e-15
3.800000e+01 1.251060e-11 6.894474e-16
3.900000e+01 3.362725e-12 1.759350e-16
4.000000e+01 0.000000e+00 0.000000e+00
