# 
# Output from RAtom program.
# 
# Total radial electron density.
# The first column contains radius $r$ in bohr units.
# The second column holds $\rho(r)$.
# The third column holds $\tilde{\rho}(r) = \rho(r) / (\pi * r * r)$
# 
# Use this file with gnuplot to create the plot.
# 
# R     Rho     RhoTilde
#
0.000000e+00 0.000000e+00 4.105360e+05
8.392334e-05 3.583243e-02 4.048563e+05
1.678467e-04 1.413469e-01 3.992554e+05
2.517700e-04 3.136308e-01 3.937321e+05
3.356934e-04 5.498526e-01 3.882853e+05
4.196167e-04 8.472599e-01 3.829140e+05
5.035400e-04 1.203177e+00 3.776172e+05
5.874634e-04 1.615006e+00 3.723939e+05
6.713867e-04 2.080218e+00 3.672430e+05
7.553101e-04 2.596362e+00 3.621636e+05
8.392334e-04 3.161053e+00 3.571547e+05
9.231567e-04 3.771976e+00 3.522153e+05
1.007080e-03 4.426885e+00 3.473444e+05
1.091003e-03 5.123597e+00 3.425412e+05
1.174927e-03 5.859995e+00 3.378048e+05
1.258850e-03 6.634024e+00 3.331341e+05
1.342773e-03 7.443689e+00 3.285284e+05
1.426697e-03 8.287056e+00 3.239866e+05
1.510620e-03 9.162250e+00 3.195080e+05
1.594543e-03 1.006745e+01 3.150917e+05
1.678467e-03 1.100090e+01 3.107368e+05
1.846313e-03 1.294573e+01 3.022080e+05
2.014160e-03 1.498371e+01 2.939149e+05
2.182007e-03 1.710260e+01 2.858512e+05
2.349854e-03 1.929091e+01 2.780106e+05
2.517700e-03 2.153792e+01 2.703871e+05
2.685547e-03 2.383358e+01 2.629747e+05
2.853394e-03 2.616850e+01 2.557677e+05
3.021240e-03 2.853394e+01 2.487605e+05
3.189087e-03 3.092174e+01 2.419476e+05
3.356934e-03 3.332432e+01 2.353239e+05
3.524780e-03 3.573464e+01 2.288840e+05
3.692627e-03 3.814615e+01 2.226230e+05
3.860474e-03 4.055282e+01 2.165360e+05
4.028320e-03 4.294907e+01 2.106182e+05
4.196167e-03 4.532975e+01 2.048651e+05
4.364014e-03 4.769014e+01 1.992721e+05
4.531860e-03 5.002589e+01 1.938349e+05
4.699707e-03 5.233304e+01 1.885491e+05
4.867554e-03 5.460797e+01 1.834107e+05
5.035400e-03 5.684742e+01 1.784156e+05
5.203247e-03 5.904842e+01 1.735599e+05
5.371094e-03 6.120829e+01 1.688398e+05
5.538940e-03 6.332465e+01 1.642516e+05
5.706787e-03 6.539538e+01 1.597916e+05
5.874634e-03 6.741861e+01 1.554563e+05
6.042480e-03 6.939270e+01 1.512423e+05
6.210327e-03 7.131623e+01 1.471464e+05
6.378174e-03 7.318799e+01 1.431651e+05
6.546021e-03 7.500697e+01 1.392955e+05
6.713867e-03 7.677233e+01 1.355344e+05
6.881714e-03 7.848343e+01 1.318788e+05
7.049561e-03 8.013975e+01 1.283258e+05
7.217407e-03 8.174096e+01 1.248727e+05
7.385254e-03 8.328684e+01 1.215166e+05
7.553101e-03 8.477732e+01 1.182549e+05
7.720947e-03 8.621245e+01 1.150851e+05
7.888794e-03 8.759237e+01 1.120044e+05
8.056641e-03 8.891737e+01 1.090106e+05
8.224487e-03 9.018779e+01 1.061012e+05
8.392334e-03 9.140410e+01 1.032738e+05
8.560181e-03 9.256683e+01 1.005263e+05
8.728027e-03 9.367659e+01 9.785635e+04
8.895874e-03 9.473407e+01 9.526187e+04
9.063721e-03 9.574001e+01 9.274075e+04
9.231567e-03 9.669523e+01 9.029096e+04
9.399414e-03 9.760057e+01 8.791054e+04
9.567261e-03 9.845696e+01 8.559755e+04
9.735107e-03 9.926534e+01 8.335013e+04
9.902954e-03 1.000267e+02 8.116646e+04
1.007080e-02 1.007421e+02 7.904476e+04
1.023865e-02 1.014126e+02 7.698332e+04
1.040649e-02 1.020392e+02 7.498047e+04
1.057434e-02 1.026230e+02 7.303456e+04
1.074219e-02 1.031653e+02 7.114402e+04
1.091003e-02 1.036671e+02 6.930731e+04
1.107788e-02 1.041297e+02 6.752291e+04
1.124573e-02 1.045540e+02 6.578939e+04
1.141357e-02 1.049415e+02 6.410530e+04
1.158142e-02 1.052931e+02 6.246928e+04
1.174927e-02 1.056102e+02 6.087998e+04
1.191711e-02 1.058939e+02 5.933610e+04
1.208496e-02 1.061454e+02 5.783636e+04
1.225281e-02 1.063659e+02 5.637952e+04
1.242065e-02 1.065566e+02 5.496438e+04
1.258850e-02 1.067185e+02 5.358978e+04
1.275635e-02 1.068530e+02 5.225458e+04
1.292419e-02 1.069612e+02 5.095766e+04
1.309204e-02 1.070442e+02 4.969795e+04
1.325989e-02 1.071031e+02 4.847440e+04
1.342773e-02 1.071391e+02 4.728600e+04
1.376343e-02 1.071467e+02 4.501070e+04
1.409912e-02 1.070757e+02 4.286444e+04
1.443481e-02 1.069346e+02 4.084001e+04
1.477051e-02 1.067314e+02 3.893062e+04
1.510620e-02 1.064739e+02 3.712983e+04
1.544189e-02 1.061698e+02 3.543154e+04
1.577759e-02 1.058262e+02 3.382999e+04
1.611328e-02 1.054498e+02 3.231975e+04
1.644897e-02 1.050473e+02 3.089564e+04
1.678467e-02 1.046247e+02 2.955281e+04
1.695251e-02 1.044077e+02 2.891043e+04
1.712036e-02 1.041879e+02 2.828665e+04
1.728821e-02 1.039659e+02 2.768095e+04
1.745605e-02 1.037423e+02 2.709280e+04
1.762390e-02 1.035179e+02 2.652170e+04
1.779175e-02 1.032931e+02 2.596714e+04
1.795959e-02 1.030686e+02 2.542866e+04
1.812744e-02 1.028450e+02 2.490579e+04
1.829529e-02 1.026228e+02 2.439807e+04
1.846313e-02 1.024025e+02 2.390505e+04
1.863098e-02 1.021846e+02 2.342633e+04
1.879883e-02 1.019697e+02 2.296146e+04
1.896667e-02 1.017581e+02 2.251006e+04
1.913452e-02 1.015503e+02 2.207173e+04
1.930237e-02 1.013468e+02 2.164608e+04
1.947021e-02 1.011480e+02 2.123274e+04
1.963806e-02 1.009542e+02 2.083135e+04
1.980591e-02 1.007659e+02 2.044157e+04
1.997375e-02 1.005833e+02 2.006304e+04
2.014160e-02 1.004069e+02 1.969543e+04
2.047729e-02 1.000736e+02 1.899172e+04
2.081299e-02 9.976833e+01 1.832795e+04
2.114868e-02 9.949326e+01 1.770179e+04
2.148438e-02 9.925021e+01 1.711103e+04
2.182007e-02 9.904077e+01 1.655358e+04
2.215576e-02 9.886632e+01 1.602748e+04
2.249146e-02 9.872802e+01 1.553086e+04
2.282715e-02 9.862683e+01 1.506197e+04
2.316284e-02 9.856350e+01 1.461916e+04
2.349854e-02 9.853860e+01 1.420087e+04
2.383423e-02 9.855255e+01 1.380562e+04
2.416992e-02 9.860556e+01 1.343201e+04
2.450562e-02 9.869772e+01 1.307874e+04
2.484131e-02 9.882897e+01 1.274458e+04
2.517700e-02 9.899911e+01 1.242835e+04
2.551270e-02 9.920781e+01 1.212895e+04
2.584839e-02 9.945462e+01 1.184536e+04
2.618408e-02 9.973901e+01 1.157658e+04
2.651978e-02 1.000603e+02 1.132172e+04
2.685547e-02 1.004178e+02 1.107988e+04
2.719116e-02 1.008106e+02 1.085027e+04
2.752686e-02 1.012378e+02 1.063212e+04
2.786255e-02 1.016985e+02 1.042469e+04
2.819824e-02 1.021917e+02 1.022731e+04
2.853394e-02 1.027161e+02 1.003935e+04
2.886963e-02 1.032708e+02 9.860189e+03
2.920532e-02 1.038544e+02 9.689274e+03
2.954102e-02 1.044659e+02 9.526070e+03
2.987671e-02 1.051038e+02 9.370077e+03
3.021240e-02 1.057670e+02 9.220826e+03
3.054810e-02 1.064541e+02 9.077877e+03
3.088379e-02 1.071638e+02 8.940815e+03
3.121948e-02 1.078947e+02 8.809252e+03
3.155518e-02 1.086456e+02 8.682825e+03
3.189087e-02 1.094150e+02 8.561191e+03
3.222656e-02 1.102015e+02 8.444032e+03
3.256226e-02 1.110039e+02 8.331047e+03
3.289795e-02 1.118208e+02 8.221955e+03
3.323364e-02 1.126508e+02 8.116495e+03
3.356934e-02 1.134926e+02 8.014420e+03
3.373718e-02 1.139175e+02 7.964580e+03
3.390503e-02 1.143448e+02 7.915501e+03
3.407288e-02 1.147745e+02 7.867157e+03
3.424072e-02 1.152062e+02 7.819523e+03
3.440857e-02 1.156400e+02 7.772573e+03
3.457642e-02 1.160755e+02 7.726285e+03
3.474426e-02 1.165127e+02 7.680635e+03
3.491211e-02 1.169514e+02 7.635601e+03
3.507996e-02 1.173914e+02 7.591161e+03
3.524780e-02 1.178326e+02 7.547295e+03
3.533173e-02 1.180535e+02 7.525571e+03
3.541565e-02 1.182748e+02 7.503983e+03
3.549957e-02 1.184962e+02 7.482529e+03
3.558350e-02 1.187179e+02 7.461206e+03
3.566742e-02 1.189397e+02 7.440012e+03
3.575134e-02 1.191617e+02 7.418944e+03
3.583527e-02 1.193838e+02 7.398002e+03
3.591919e-02 1.196061e+02 7.377181e+03
3.600311e-02 1.198285e+02 7.356481e+03
3.608704e-02 1.200509e+02 7.335898e+03
3.617096e-02 1.202735e+02 7.315432e+03
3.625488e-02 1.204961e+02 7.295079e+03
3.633881e-02 1.207187e+02 7.274839e+03
3.642273e-02 1.209413e+02 7.254709e+03
3.650665e-02 1.211640e+02 7.234686e+03
3.659058e-02 1.213866e+02 7.214770e+03
3.667450e-02 1.216092e+02 7.194958e+03
3.675842e-02 1.218318e+02 7.175249e+03
3.684235e-02 1.220543e+02 7.155640e+03
3.692627e-02 1.222767e+02 7.136131e+03
3.726196e-02 1.231650e+02 7.059048e+03
3.759766e-02 1.240508e+02 6.983418e+03
3.793335e-02 1.249328e+02 6.909141e+03
3.826904e-02 1.258100e+02 6.836129e+03
3.860474e-02 1.266816e+02 6.764297e+03
3.894043e-02 1.275466e+02 6.693568e+03
3.927612e-02 1.284041e+02 6.623871e+03
3.961182e-02 1.292532e+02 6.555140e+03
3.994751e-02 1.300931e+02 6.487316e+03
4.028320e-02 1.309230e+02 6.420342e+03
4.061890e-02 1.317421e+02 6.354167e+03
4.095459e-02 1.325498e+02 6.288744e+03
4.129028e-02 1.333452e+02 6.224032e+03
4.162598e-02 1.341278e+02 6.159990e+03
4.196167e-02 1.348969e+02 6.096583e+03
4.229736e-02 1.356519e+02 6.033779e+03
4.263306e-02 1.363923e+02 5.971549e+03
4.296875e-02 1.371175e+02 5.909866e+03
4.330444e-02 1.378271e+02 5.848706e+03
4.364014e-02 1.385205e+02 5.788048e+03
4.397583e-02 1.391974e+02 5.727872e+03
4.431152e-02 1.398574e+02 5.668161e+03
4.464722e-02 1.405000e+02 5.608900e+03
4.498291e-02 1.411250e+02 5.550076e+03
4.531860e-02 1.417320e+02 5.491677e+03
4.565430e-02 1.423207e+02 5.433692e+03
4.598999e-02 1.428910e+02 5.376113e+03
4.632568e-02 1.434426e+02 5.318932e+03
4.666138e-02 1.439752e+02 5.262143e+03
4.699707e-02 1.444887e+02 5.205741e+03
4.733276e-02 1.449830e+02 5.149720e+03
4.766846e-02 1.454580e+02 5.094078e+03
4.800415e-02 1.459136e+02 5.038812e+03
4.833984e-02 1.463496e+02 4.983921e+03
4.867554e-02 1.467661e+02 4.929403e+03
4.901123e-02 1.471630e+02 4.875257e+03
4.934692e-02 1.475403e+02 4.821483e+03
4.968262e-02 1.478981e+02 4.768082e+03
5.001831e-02 1.482363e+02 4.715055e+03
5.035400e-02 1.485552e+02 4.662403e+03
5.068970e-02 1.488546e+02 4.610128e+03
5.102539e-02 1.491348e+02 4.558231e+03
5.136108e-02 1.493958e+02 4.506714e+03
5.169678e-02 1.496377e+02 4.455581e+03
5.203247e-02 1.498608e+02 4.404832e+03
5.236816e-02 1.500652e+02 4.354472e+03
5.270386e-02 1.502511e+02 4.304503e+03
5.303955e-02 1.504186e+02 4.254927e+03
5.337524e-02 1.505680e+02 4.205747e+03
5.371094e-02 1.506995e+02 4.156967e+03
5.438232e-02 1.509098e+02 4.060616e+03
5.505371e-02 1.510513e+02 3.965898e+03
5.572510e-02 1.511264e+02 3.872834e+03
5.639648e-02 1.511374e+02 3.781447e+03
5.706787e-02 1.510867e+02 3.691756e+03
5.773926e-02 1.509769e+02 3.603779e+03
5.841064e-02 1.508106e+02 3.517533e+03
5.908203e-02 1.505908e+02 3.433030e+03
5.975342e-02 1.503201e+02 3.350284e+03
6.042480e-02 1.500014e+02 3.269302e+03
6.109619e-02 1.496378e+02 3.190091e+03
6.176758e-02 1.492320e+02 3.112656e+03
6.243896e-02 1.487872e+02 3.036997e+03
6.311035e-02 1.483062e+02 2.963113e+03
6.378174e-02 1.477920e+02 2.891002e+03
6.445312e-02 1.472476e+02 2.820658e+03
6.512451e-02 1.466758e+02 2.752071e+03
6.579590e-02 1.460796e+02 2.685233e+03
6.646729e-02 1.454617e+02 2.620130e+03
6.713867e-02 1.448249e+02 2.556748e+03
6.747437e-02 1.445003e+02 2.525698e+03
6.781006e-02 1.441720e+02 2.495071e+03
6.814575e-02 1.438404e+02 2.464866e+03
6.848145e-02 1.435057e+02 2.435081e+03
6.881714e-02 1.431683e+02 2.405712e+03
6.915283e-02 1.428284e+02 2.376757e+03
6.948853e-02 1.424865e+02 2.348214e+03
6.982422e-02 1.421428e+02 2.320079e+03
7.015991e-02 1.417976e+02 2.292350e+03
7.049561e-02 1.414512e+02 2.265023e+03
7.057953e-02 1.413644e+02 2.258254e+03
7.066345e-02 1.412777e+02 2.251510e+03
7.074738e-02 1.411908e+02 2.244791e+03
7.083130e-02 1.411039e+02 2.238096e+03
7.091522e-02 1.410170e+02 2.231427e+03
7.099915e-02 1.409300e+02 2.224782e+03
7.108307e-02 1.408430e+02 2.218162e+03
7.116699e-02 1.407560e+02 2.211566e+03
7.125092e-02 1.406690e+02 2.204995e+03
7.133484e-02 1.405819e+02 2.198449e+03
7.137680e-02 1.405384e+02 2.195184e+03
7.141876e-02 1.404949e+02 2.191927e+03
7.146072e-02 1.404513e+02 2.188675e+03
7.150269e-02 1.404078e+02 2.185429e+03
7.154465e-02 1.403643e+02 2.182189e+03
7.158661e-02 1.403207e+02 2.178956e+03
7.162857e-02 1.402772e+02 2.175728e+03
7.167053e-02 1.402337e+02 2.172507e+03
7.171249e-02 1.401901e+02 2.169292e+03
7.175446e-02 1.401466e+02 2.166082e+03
7.179642e-02 1.401031e+02 2.162879e+03
7.183838e-02 1.400595e+02 2.159682e+03
7.188034e-02 1.400160e+02 2.156491e+03
7.192230e-02 1.399725e+02 2.153306e+03
7.196426e-02 1.399290e+02 2.150127e+03
7.200623e-02 1.398855e+02 2.146954e+03
7.204819e-02 1.398420e+02 2.143787e+03
7.209015e-02 1.397985e+02 2.140626e+03
7.213211e-02 1.397550e+02 2.137471e+03
7.217407e-02 1.397115e+02 2.134322e+03
7.234192e-02 1.395377e+02 2.121786e+03
7.250977e-02 1.393640e+02 2.109345e+03
7.267761e-02 1.391904e+02 2.096999e+03
7.284546e-02 1.390171e+02 2.084748e+03
7.301331e-02 1.388441e+02 2.072591e+03
7.318115e-02 1.386713e+02 2.060527e+03
7.334900e-02 1.384989e+02 2.048557e+03
7.351685e-02 1.383267e+02 2.036679e+03
7.368469e-02 1.381550e+02 2.024894e+03
7.385254e-02 1.379837e+02 2.013200e+03
7.452393e-02 1.373029e+02 1.967335e+03
7.519531e-02 1.366308e+02 1.922902e+03
7.586670e-02 1.359691e+02 1.879871e+03
7.653809e-02 1.353195e+02 1.838211e+03
7.720947e-02 1.346834e+02 1.797890e+03
7.788086e-02 1.340624e+02 1.758877e+03
7.855225e-02 1.334576e+02 1.721141e+03
7.922363e-02 1.328705e+02 1.684648e+03
7.989502e-02 1.323021e+02 1.649368e+03
8.056641e-02 1.317535e+02 1.615267e+03
8.123779e-02 1.312256e+02 1.582313e+03
8.190918e-02 1.307194e+02 1.550476e+03
8.258057e-02 1.302356e+02 1.519721e+03
8.325195e-02 1.297749e+02 1.490019e+03
8.392334e-02 1.293379e+02 1.461337e+03
8.459473e-02 1.289252e+02 1.433644e+03
8.526611e-02 1.285372e+02 1.406909e+03
8.593750e-02 1.281743e+02 1.381102e+03
8.660889e-02 1.278369e+02 1.356192e+03
8.728027e-02 1.275250e+02 1.332151e+03
8.795166e-02 1.272390e+02 1.308947e+03
8.862305e-02 1.269788e+02 1.286554e+03
8.929443e-02 1.267445e+02 1.264942e+03
8.996582e-02 1.265361e+02 1.244084e+03
9.063721e-02 1.263535e+02 1.223952e+03
9.130859e-02 1.261965e+02 1.204520e+03
9.197998e-02 1.260649e+02 1.185762e+03
9.265137e-02 1.259584e+02 1.167653e+03
9.332275e-02 1.258768e+02 1.150166e+03
9.399414e-02 1.258196e+02 1.133279e+03
9.466553e-02 1.257864e+02 1.116967e+03
9.533691e-02 1.257769e+02 1.101207e+03
9.600830e-02 1.257905e+02 1.085977e+03
9.667969e-02 1.258267e+02 1.071254e+03
9.735107e-02 1.258850e+02 1.057019e+03
9.802246e-02 1.259647e+02 1.043249e+03
9.869385e-02 1.260653e+02 1.029924e+03
9.936523e-02 1.261860e+02 1.017027e+03
1.000366e-01 1.263263e+02 1.004537e+03
1.007080e-01 1.264853e+02 9.924356e+02
1.013794e-01 1.266625e+02 9.807063e+02
1.020508e-01 1.268571e+02 9.693315e+02
1.027222e-01 1.270683e+02 9.582947e+02
1.033936e-01 1.272954e+02 9.475801e+02
1.040649e-01 1.275376e+02 9.371722e+02
1.047363e-01 1.277940e+02 9.270562e+02
1.054077e-01 1.280640e+02 9.172179e+02
1.060791e-01 1.283467e+02 9.076434e+02
1.067505e-01 1.286413e+02 8.983196e+02
1.074219e-01 1.289470e+02 8.892338e+02
1.087646e-01 1.295884e+02 8.717276e+02
1.101074e-01 1.302645e+02 8.550330e+02
1.114502e-01 1.309687e+02 8.390655e+02
1.127930e-01 1.316947e+02 8.237479e+02
1.141357e-01 1.324362e+02 8.090094e+02
1.154785e-01 1.331872e+02 7.947860e+02
1.168213e-01 1.339417e+02 7.810194e+02
1.181641e-01 1.346939e+02 7.676571e+02
1.195068e-01 1.354384e+02 7.546517e+02
1.208496e-01 1.361700e+02 7.419609e+02
1.215210e-01 1.365293e+02 7.357215e+02
1.221924e-01 1.368836e+02 7.295470e+02
1.228638e-01 1.372322e+02 7.234333e+02
1.235352e-01 1.375746e+02 7.173765e+02
1.242065e-01 1.379102e+02 7.113732e+02
1.248779e-01 1.382385e+02 7.054200e+02
1.255493e-01 1.385590e+02 6.995137e+02
1.262207e-01 1.388712e+02 6.936514e+02
1.268921e-01 1.391747e+02 6.878305e+02
1.275635e-01 1.394690e+02 6.820484e+02
1.282349e-01 1.397537e+02 6.763029e+02
1.289062e-01 1.400283e+02 6.705916e+02
1.295776e-01 1.402926e+02 6.649128e+02
1.302490e-01 1.405460e+02 6.592645e+02
1.309204e-01 1.407883e+02 6.536450e+02
1.315918e-01 1.410191e+02 6.480530e+02
1.322632e-01 1.412382e+02 6.424869e+02
1.329346e-01 1.414451e+02 6.369455e+02
1.336060e-01 1.416398e+02 6.314278e+02
1.342773e-01 1.418218e+02 6.259326e+02
1.349487e-01 1.419910e+02 6.204592e+02
1.356201e-01 1.421471e+02 6.150068e+02
1.362915e-01 1.422900e+02 6.095746e+02
1.369629e-01 1.424194e+02 6.041621e+02
1.376343e-01 1.425352e+02 5.987688e+02
1.383057e-01 1.426373e+02 5.933943e+02
1.389771e-01 1.427255e+02 5.880383e+02
1.396484e-01 1.427997e+02 5.827005e+02
1.403198e-01 1.428599e+02 5.773808e+02
1.409912e-01 1.429058e+02 5.720790e+02
1.411591e-01 1.429151e+02 5.707564e+02
1.413269e-01 1.429235e+02 5.694348e+02
1.414948e-01 1.429310e+02 5.681144e+02
1.416626e-01 1.429376e+02 5.667951e+02
1.418304e-01 1.429433e+02 5.654770e+02
1.419983e-01 1.429481e+02 5.641599e+02
1.421661e-01 1.429520e+02 5.628440e+02
1.423340e-01 1.429550e+02 5.615292e+02
1.425018e-01 1.429571e+02 5.602155e+02
1.426697e-01 1.429584e+02 5.589029e+02
1.428375e-01 1.429587e+02 5.575915e+02
1.430054e-01 1.429582e+02 5.562812e+02
1.431732e-01 1.429567e+02 5.549720e+02
1.433411e-01 1.429543e+02 5.536640e+02
1.435089e-01 1.429511e+02 5.523571e+02
1.436768e-01 1.429470e+02 5.510513e+02
1.438446e-01 1.429419e+02 5.497467e+02
1.440125e-01 1.429360e+02 5.484432e+02
1.441803e-01 1.429292e+02 5.471408e+02
1.443481e-01 1.429214e+02 5.458397e+02
1.446838e-01 1.429033e+02 5.432407e+02
1.450195e-01 1.428816e+02 5.406465e+02
1.453552e-01 1.428563e+02 5.380569e+02
1.456909e-01 1.428274e+02 5.354720e+02
1.460266e-01 1.427950e+02 5.328919e+02
1.463623e-01 1.427590e+02 5.303165e+02
1.466980e-01 1.427195e+02 5.277460e+02
1.470337e-01 1.426764e+02 5.251803e+02
1.473694e-01 1.426297e+02 5.226196e+02
1.477051e-01 1.425796e+02 5.200638e+02
1.483765e-01 1.424687e+02 5.149673e+02
1.490479e-01 1.423439e+02 5.098912e+02
1.497192e-01 1.422052e+02 5.048360e+02
1.503906e-01 1.420527e+02 4.998021e+02
1.510620e-01 1.418865e+02 4.947899e+02
1.517334e-01 1.417069e+02 4.897999e+02
1.524048e-01 1.415138e+02 4.848327e+02
1.530762e-01 1.413076e+02 4.798886e+02
1.537476e-01 1.410883e+02 4.749682e+02
1.544189e-01 1.408560e+02 4.700721e+02
1.550903e-01 1.406111e+02 4.652006e+02
1.557617e-01 1.403536e+02 4.603545e+02
1.564331e-01 1.400838e+02 4.555341e+02
1.571045e-01 1.398019e+02 4.507400e+02
1.577759e-01 1.395081e+02 4.459727e+02
1.584473e-01 1.392025e+02 4.412327e+02
1.591187e-01 1.388855e+02 4.365206e+02
1.597900e-01 1.385572e+02 4.318369e+02
1.604614e-01 1.382178e+02 4.271820e+02
1.611328e-01 1.378677e+02 4.225565e+02
1.618042e-01 1.375071e+02 4.179609e+02
1.624756e-01 1.371362e+02 4.133957e+02
1.631470e-01 1.367552e+02 4.088612e+02
1.638184e-01 1.363644e+02 4.043581e+02
1.644897e-01 1.359642e+02 3.998867e+02
1.651611e-01 1.355546e+02 3.954475e+02
1.658325e-01 1.351361e+02 3.910409e+02
1.665039e-01 1.347089e+02 3.866674e+02
1.671753e-01 1.342732e+02 3.823274e+02
1.678467e-01 1.338294e+02 3.780212e+02
1.685181e-01 1.333777e+02 3.737493e+02
1.691895e-01 1.329183e+02 3.695119e+02
1.698608e-01 1.324517e+02 3.653096e+02
1.705322e-01 1.319780e+02 3.611425e+02
1.712036e-01 1.314975e+02 3.570111e+02
1.718750e-01 1.310105e+02 3.529156e+02
1.725464e-01 1.305173e+02 3.488563e+02
1.732178e-01 1.300183e+02 3.448336e+02
1.738892e-01 1.295135e+02 3.408476e+02
1.745605e-01 1.290035e+02 3.368987e+02
1.752319e-01 1.284883e+02 3.329870e+02
1.759033e-01 1.279684e+02 3.291129e+02
1.765747e-01 1.274440e+02 3.252764e+02
1.772461e-01 1.269154e+02 3.214778e+02
1.779175e-01 1.263828e+02 3.177173e+02
1.785889e-01 1.258465e+02 3.139949e+02
1.792603e-01 1.253069e+02 3.103110e+02
1.799316e-01 1.247642e+02 3.066655e+02
1.806030e-01 1.242186e+02 3.030586e+02
1.812744e-01 1.236704e+02 2.994904e+02
1.819458e-01 1.231199e+02 2.959610e+02
1.826172e-01 1.225674e+02 2.924704e+02
1.832886e-01 1.220132e+02 2.890188e+02
1.839600e-01 1.214574e+02 2.856060e+02
1.846313e-01 1.209003e+02 2.822323e+02
1.853027e-01 1.203423e+02 2.788975e+02
1.859741e-01 1.197835e+02 2.756018e+02
1.866455e-01 1.192242e+02 2.723450e+02
1.873169e-01 1.186646e+02 2.691271e+02
1.879883e-01 1.181050e+02 2.659481e+02
1.893311e-01 1.169868e+02 2.597067e+02
1.906738e-01 1.158712e+02 2.536201e+02
1.920166e-01 1.147603e+02 2.476876e+02
1.933594e-01 1.136556e+02 2.419082e+02
1.947021e-01 1.125589e+02 2.362809e+02
1.960449e-01 1.114718e+02 2.308043e+02
1.973877e-01 1.103958e+02 2.254772e+02
1.987305e-01 1.093324e+02 2.202978e+02
2.000732e-01 1.082830e+02 2.152645e+02
2.014160e-01 1.072490e+02 2.103756e+02
2.027588e-01 1.062316e+02 2.056290e+02
2.041016e-01 1.052320e+02 2.010227e+02
2.054443e-01 1.042513e+02 1.965546e+02
2.067871e-01 1.032906e+02 1.922224e+02
2.081299e-01 1.023509e+02 1.880238e+02
2.094727e-01 1.014331e+02 1.839565e+02
2.108154e-01 1.005380e+02 1.800179e+02
2.121582e-01 9.966647e+01 1.762055e+02
2.135010e-01 9.881917e+01 1.725169e+02
2.148438e-01 9.799675e+01 1.689493e+02
2.161865e-01 9.719978e+01 1.655001e+02
2.175293e-01 9.642878e+01 1.621666e+02
2.188721e-01 9.568420e+01 1.589460e+02
2.202148e-01 9.496643e+01 1.558357e+02
2.215576e-01 9.427581e+01 1.528330e+02
2.229004e-01 9.361261e+01 1.499349e+02
2.242432e-01 9.297704e+01 1.471389e+02
2.255859e-01 9.236927e+01 1.444420e+02
2.269287e-01 9.178941e+01 1.418417e+02
2.282715e-01 9.123751e+01 1.393350e+02
2.296143e-01 9.071357e+01 1.369193e+02
2.309570e-01 9.021757e+01 1.345919e+02
2.322998e-01 8.974941e+01 1.323500e+02
2.336426e-01 8.930896e+01 1.301911e+02
2.349854e-01 8.889604e+01 1.281123e+02
2.363281e-01 8.851045e+01 1.261113e+02
2.376709e-01 8.815193e+01 1.241852e+02
2.390137e-01 8.782020e+01 1.223317e+02
2.403564e-01 8.751492e+01 1.205482e+02
2.416992e-01 8.723575e+01 1.188322e+02
2.430420e-01 8.698229e+01 1.171813e+02
2.443848e-01 8.675413e+01 1.155931e+02
2.457275e-01 8.655082e+01 1.140653e+02
2.470703e-01 8.637189e+01 1.125956e+02
2.484131e-01 8.621685e+01 1.111817e+02
2.497559e-01 8.608518e+01 1.098214e+02
2.510986e-01 8.597633e+01 1.085126e+02
2.524414e-01 8.588977e+01 1.072532e+02
2.537842e-01 8.582490e+01 1.060411e+02
2.551270e-01 8.578113e+01 1.048743e+02
2.564697e-01 8.575787e+01 1.037509e+02
2.578125e-01 8.575449e+01 1.026689e+02
2.591553e-01 8.577036e+01 1.016266e+02
2.604980e-01 8.580485e+01 1.006220e+02
2.618408e-01 8.585729e+01 9.965351e+01
2.631836e-01 8.592704e+01 9.871936e+01
2.645264e-01 8.601342e+01 9.781792e+01
2.658691e-01 8.611578e+01 9.694759e+01
2.672119e-01 8.623344e+01 9.610682e+01
2.685547e-01 8.636572e+01 9.529411e+01
2.698975e-01 8.651195e+01 9.450801e+01
2.712402e-01 8.667144e+01 9.374712e+01
2.725830e-01 8.684352e+01 9.301008e+01
2.739258e-01 8.702752e+01 9.229558e+01
2.752686e-01 8.722275e+01 9.160237e+01
2.766113e-01 8.742855e+01 9.092923e+01
2.779541e-01 8.764425e+01 9.027498e+01
2.792969e-01 8.786919e+01 8.963851e+01
2.806396e-01 8.810271e+01 8.901872e+01
2.819824e-01 8.834415e+01 8.841458e+01
2.823181e-01 8.840568e+01 8.826587e+01
2.826538e-01 8.846765e+01 8.811806e+01
2.829895e-01 8.853005e+01 8.797114e+01
2.833252e-01 8.859288e+01 8.782508e+01
2.836609e-01 8.865613e+01 8.767988e+01
2.839966e-01 8.871978e+01 8.753553e+01
2.843323e-01 8.878382e+01 8.739200e+01
2.846680e-01 8.884825e+01 8.724928e+01
2.850037e-01 8.891306e+01 8.710735e+01
2.853394e-01 8.897824e+01 8.696622e+01
2.854233e-01 8.899459e+01 8.693105e+01
2.855072e-01 8.901096e+01 8.689594e+01
2.855911e-01 8.902735e+01 8.686087e+01
2.856750e-01 8.904377e+01 8.682585e+01
2.857590e-01 8.906020e+01 8.679088e+01
2.858429e-01 8.907666e+01 8.675595e+01
2.859268e-01 8.909314e+01 8.672107e+01
2.860107e-01 8.910964e+01 8.668624e+01
2.860947e-01 8.912617e+01 8.665145e+01
2.861786e-01 8.914271e+01 8.661671e+01
2.862625e-01 8.915927e+01 8.658202e+01
2.863464e-01 8.917586e+01 8.654737e+01
2.864304e-01 8.919246e+01 8.651277e+01
2.865143e-01 8.920909e+01 8.647821e+01
2.865982e-01 8.922574e+01 8.644370e+01
2.866821e-01 8.924241e+01 8.640924e+01
2.867661e-01 8.925910e+01 8.637482e+01
2.868500e-01 8.927580e+01 8.634044e+01
2.869339e-01 8.929253e+01 8.630611e+01
2.870178e-01 8.930928e+01 8.627183e+01
2.871857e-01 8.934283e+01 8.620339e+01
2.873535e-01 8.937646e+01 8.613512e+01
2.875214e-01 8.941016e+01 8.606703e+01
2.876892e-01 8.944394e+01 8.599910e+01
2.878571e-01 8.947779e+01 8.593135e+01
2.880249e-01 8.951171e+01 8.586377e+01
2.881927e-01 8.954571e+01 8.579635e+01
2.883606e-01 8.957977e+01 8.572909e+01
2.885284e-01 8.961390e+01 8.566200e+01
2.886963e-01 8.964809e+01 8.559508e+01
2.893677e-01 8.978552e+01 8.532895e+01
2.900391e-01 8.992392e+01 8.506529e+01
2.907104e-01 9.006323e+01 8.480400e+01
2.913818e-01 9.020336e+01 8.454499e+01
2.920532e-01 9.034425e+01 8.428818e+01
2.927246e-01 9.048583e+01 8.403346e+01
2.933960e-01 9.062802e+01 8.378076e+01
2.940674e-01 9.077076e+01 8.352999e+01
2.947388e-01 9.091398e+01 8.328107e+01
2.954102e-01 9.105761e+01 8.303392e+01
2.980957e-01 9.163485e+01 8.206149e+01
3.007812e-01 9.221335e+01 8.111149e+01
3.034668e-01 9.278909e+01 8.017975e+01
3.061523e-01 9.335828e+01 7.926251e+01
3.088379e-01 9.391732e+01 7.835643e+01
3.115234e-01 9.446283e+01 7.745860e+01
3.142090e-01 9.499165e+01 7.656642e+01
3.168945e-01 9.550084e+01 7.567768e+01
3.195801e-01 9.598767e+01 7.479046e+01
3.222656e-01 9.644963e+01 7.390311e+01
3.236084e-01 9.667056e+01 7.345896e+01
3.249512e-01 9.688442e+01 7.301429e+01
3.262939e-01 9.709096e+01 7.256896e+01
3.276367e-01 9.728995e+01 7.212287e+01
3.289795e-01 9.748115e+01 7.167589e+01
3.303223e-01 9.766434e+01 7.122795e+01
3.316650e-01 9.783932e+01 7.077896e+01
3.330078e-01 9.800591e+01 7.032885e+01
3.343506e-01 9.816391e+01 6.987757e+01
3.356934e-01 9.831316e+01 6.942507e+01
3.370361e-01 9.845351e+01 6.897130e+01
3.383789e-01 9.858481e+01 6.851625e+01
3.397217e-01 9.870692e+01 6.805989e+01
3.410645e-01 9.881973e+01 6.760221e+01
3.424072e-01 9.892313e+01 6.714322e+01
3.437500e-01 9.901700e+01 6.668290e+01
3.450928e-01 9.910127e+01 6.622129e+01
3.464355e-01 9.917585e+01 6.575839e+01
3.477783e-01 9.924067e+01 6.529423e+01
3.491211e-01 9.929566e+01 6.482884e+01
3.504639e-01 9.934079e+01 6.436225e+01
3.518066e-01 9.937600e+01 6.389452e+01
3.531494e-01 9.940127e+01 6.342567e+01
3.544922e-01 9.941657e+01 6.295577e+01
3.558350e-01 9.942188e+01 6.248487e+01
3.571777e-01 9.941719e+01 6.201302e+01
3.585205e-01 9.940252e+01 6.154029e+01
3.598633e-01 9.937785e+01 6.106673e+01
3.612061e-01 9.934323e+01 6.059243e+01
3.625488e-01 9.929865e+01 6.011744e+01
3.638916e-01 9.924416e+01 5.964184e+01
3.652344e-01 9.917980e+01 5.916571e+01
3.665771e-01 9.910560e+01 5.868911e+01
3.679199e-01 9.902162e+01 5.821214e+01
3.692627e-01 9.892792e+01 5.773486e+01
3.706055e-01 9.882455e+01 5.725736e+01
3.719482e-01 9.871159e+01 5.677972e+01
3.732910e-01 9.858911e+01 5.630203e+01
3.746338e-01 9.845719e+01 5.582435e+01
3.759766e-01 9.831592e+01 5.534679e+01
3.773193e-01 9.816538e+01 5.486942e+01
3.786621e-01 9.800566e+01 5.439232e+01
3.800049e-01 9.783687e+01 5.391559e+01
3.813477e-01 9.765911e+01 5.343930e+01
3.826904e-01 9.747249e+01 5.296354e+01
3.840332e-01 9.727711e+01 5.248839e+01
3.853760e-01 9.707309e+01 5.201394e+01
3.867188e-01 9.686055e+01 5.154026e+01
3.880615e-01 9.663961e+01 5.106745e+01
3.894043e-01 9.641040e+01 5.059557e+01
3.907471e-01 9.617303e+01 5.012472e+01
3.920898e-01 9.592764e+01 4.965497e+01
3.934326e-01 9.567437e+01 4.918640e+01
3.947754e-01 9.541334e+01 4.871908e+01
3.961182e-01 9.514470e+01 4.825310e+01
3.974609e-01 9.486859e+01 4.778853e+01
3.988037e-01 9.458514e+01 4.732544e+01
4.001465e-01 9.429449e+01 4.686390e+01
4.014893e-01 9.399680e+01 4.640399e+01
4.028320e-01 9.369221e+01 4.594578e+01
4.055176e-01 9.306291e+01 4.503471e+01
4.082031e-01 9.240779e+01 4.413124e+01
4.108887e-01 9.172806e+01 4.323585e+01
4.135742e-01 9.102493e+01 4.234904e+01
4.162598e-01 9.029962e+01 4.147126e+01
4.189453e-01 8.955337e+01 4.060293e+01
4.216309e-01 8.878741e+01 3.974448e+01
4.243164e-01 8.800297e+01 3.889626e+01
4.270020e-01 8.720126e+01 3.805863e+01
4.296875e-01 8.638350e+01 3.723192e+01
4.323730e-01 8.555088e+01 3.641643e+01
4.350586e-01 8.470458e+01 3.561242e+01
4.377441e-01 8.384578e+01 3.482015e+01
4.404297e-01 8.297563e+01 3.403984e+01
4.431152e-01 8.209527e+01 3.327169e+01
4.458008e-01 8.120580e+01 3.251588e+01
4.484863e-01 8.030832e+01 3.177257e+01
4.511719e-01 7.940390e+01 3.104187e+01
4.538574e-01 7.849356e+01 3.032392e+01
4.565430e-01 7.757834e+01 2.961879e+01
4.592285e-01 7.665921e+01 2.892656e+01
4.619141e-01 7.573713e+01 2.824728e+01
4.645996e-01 7.481303e+01 2.758098e+01
4.672852e-01 7.388782e+01 2.692769e+01
4.699707e-01 7.296237e+01 2.628739e+01
4.726562e-01 7.203752e+01 2.566008e+01
4.753418e-01 7.111408e+01 2.504573e+01
4.780273e-01 7.019283e+01 2.444429e+01
4.807129e-01 6.927453e+01 2.385570e+01
4.833984e-01 6.835989e+01 2.327989e+01
4.860840e-01 6.744961e+01 2.271679e+01
4.887695e-01 6.654435e+01 2.216629e+01
4.914551e-01 6.564473e+01 2.162830e+01
4.941406e-01 6.475137e+01 2.110270e+01
4.968262e-01 6.386482e+01 2.058936e+01
4.995117e-01 6.298563e+01 2.008817e+01
5.021973e-01 6.211432e+01 1.959897e+01
5.048828e-01 6.125136e+01 1.912162e+01
5.075684e-01 6.039722e+01 1.865598e+01
5.102539e-01 5.955233e+01 1.820188e+01
5.129395e-01 5.871708e+01 1.775916e+01
5.156250e-01 5.789185e+01 1.732765e+01
5.183105e-01 5.707699e+01 1.690718e+01
5.209961e-01 5.627283e+01 1.649757e+01
5.236816e-01 5.547967e+01 1.609864e+01
5.263672e-01 5.469778e+01 1.571022e+01
5.290527e-01 5.392741e+01 1.533210e+01
5.317383e-01 5.316879e+01 1.496412e+01
5.344238e-01 5.242214e+01 1.460607e+01
5.371094e-01 5.168764e+01 1.425776e+01
5.397949e-01 5.096545e+01 1.391901e+01
5.424805e-01 5.025572e+01 1.358962e+01
5.451660e-01 4.955857e+01 1.326940e+01
5.478516e-01 4.887411e+01 1.295816e+01
5.505371e-01 4.820244e+01 1.265569e+01
5.532227e-01 4.754361e+01 1.236182e+01
5.559082e-01 4.689770e+01 1.207634e+01
5.585938e-01 4.626473e+01 1.179908e+01
5.612793e-01 4.564472e+01 1.152982e+01
5.639648e-01 4.503770e+01 1.126840e+01
5.646362e-01 4.488797e+01 1.120425e+01
5.653076e-01 4.473905e+01 1.114057e+01
5.659790e-01 4.459094e+01 1.107736e+01
5.666504e-01 4.444365e+01 1.101462e+01
5.673218e-01 4.429716e+01 1.095234e+01
5.679932e-01 4.415148e+01 1.089053e+01
5.686646e-01 4.400661e+01 1.082918e+01
5.693359e-01 4.386254e+01 1.076829e+01
5.700073e-01 4.371929e+01 1.070785e+01
5.706787e-01 4.357684e+01 1.064786e+01
5.710144e-01 4.350592e+01 1.061804e+01
5.713501e-01 4.343520e+01 1.058833e+01
5.716858e-01 4.336468e+01 1.055873e+01
5.720215e-01 4.329436e+01 1.052923e+01
5.723572e-01 4.322425e+01 1.049985e+01
5.726929e-01 4.315433e+01 1.047059e+01
5.730286e-01 4.308462e+01 1.044143e+01
5.733643e-01 4.301510e+01 1.041238e+01
5.737000e-01 4.294579e+01 1.038344e+01
5.740356e-01 4.287668e+01 1.035460e+01
5.743713e-01 4.280776e+01 1.032588e+01
5.747070e-01 4.273905e+01 1.029727e+01
5.750427e-01 4.267054e+01 1.026876e+01
5.753784e-01 4.260223e+01 1.024036e+01
5.757141e-01 4.253412e+01 1.021207e+01
5.760498e-01 4.246621e+01 1.018389e+01
5.763855e-01 4.239850e+01 1.015581e+01
5.767212e-01 4.233098e+01 1.012784e+01
5.770569e-01 4.226367e+01 1.009997e+01
5.773926e-01 4.219656e+01 1.007221e+01
5.787354e-01 4.193010e+01 9.962217e+00
5.800781e-01 4.166682e+01 9.853884e+00
5.814209e-01 4.140670e+01 9.747191e+00
5.827637e-01 4.114974e+01 9.642115e+00
5.841064e-01 4.089593e+01 9.538635e+00
5.854492e-01 4.064525e+01 9.436730e+00
5.867920e-01 4.039770e+01 9.336377e+00
5.881348e-01 4.015325e+01 9.237557e+00
5.894775e-01 3.991189e+01 9.140247e+00
5.908203e-01 3.967362e+01 9.044428e+00
5.935059e-01 3.920625e+01 8.857179e+00
5.961914e-01 3.875102e+01 8.675647e+00
5.988770e-01 3.830779e+01 8.499670e+00
6.015625e-01 3.787643e+01 8.329093e+00
6.042480e-01 3.745680e+01 8.163761e+00
6.069336e-01 3.704873e+01 8.003522e+00
6.096191e-01 3.665208e+01 7.848227e+00
6.123047e-01 3.626668e+01 7.697732e+00
6.149902e-01 3.589237e+01 7.551893e+00
6.176758e-01 3.552897e+01 7.410570e+00
6.203613e-01 3.517632e+01 7.273627e+00
6.230469e-01 3.483422e+01 7.140930e+00
6.257324e-01 3.450250e+01 7.012347e+00
6.284180e-01 3.418098e+01 6.887752e+00
6.311035e-01 3.386947e+01 6.767017e+00
6.337891e-01 3.356777e+01 6.650023e+00
6.364746e-01 3.327569e+01 6.536648e+00
6.391602e-01 3.299305e+01 6.426777e+00
6.418457e-01 3.271965e+01 6.320297e+00
6.445312e-01 3.245528e+01 6.217096e+00
6.472168e-01 3.219976e+01 6.117068e+00
6.499023e-01 3.195289e+01 6.020105e+00
6.525879e-01 3.171447e+01 5.926107e+00
6.552734e-01 3.148429e+01 5.834974e+00
6.579590e-01 3.126217e+01 5.746608e+00
6.606445e-01 3.104790e+01 5.660916e+00
6.633301e-01 3.084129e+01 5.577805e+00
6.660156e-01 3.064214e+01 5.497186e+00
6.687012e-01 3.045026e+01 5.418973e+00
6.713867e-01 3.026545e+01 5.343081e+00
6.740723e-01 3.008751e+01 5.269429e+00
6.767578e-01 2.991627e+01 5.197936e+00
6.794434e-01 2.975151e+01 5.128527e+00
6.821289e-01 2.959306e+01 5.061126e+00
6.848145e-01 2.944073e+01 4.995660e+00
6.875000e-01 2.929433e+01 4.932060e+00
6.901855e-01 2.915368e+01 4.870256e+00
6.928711e-01 2.901860e+01 4.810184e+00
6.955566e-01 2.888890e+01 4.751779e+00
6.982422e-01 2.876442e+01 4.694978e+00
7.009277e-01 2.864497e+01 4.639723e+00
7.036133e-01 2.853039e+01 4.585955e+00
7.062988e-01 2.842050e+01 4.533618e+00
7.089844e-01 2.831514e+01 4.482657e+00
7.116699e-01 2.821414e+01 4.433020e+00
7.143555e-01 2.811733e+01 4.384656e+00
7.170410e-01 2.802457e+01 4.337516e+00
7.197266e-01 2.793569e+01 4.291554e+00
7.224121e-01 2.785054e+01 4.246722e+00
7.250977e-01 2.776897e+01 4.202976e+00
7.277832e-01 2.769083e+01 4.160275e+00
7.304688e-01 2.761597e+01 4.118577e+00
7.331543e-01 2.754426e+01 4.077842e+00
7.358398e-01 2.747554e+01 4.038033e+00
7.385254e-01 2.740969e+01 3.999111e+00
7.412109e-01 2.734658e+01 3.961042e+00
7.438965e-01 2.728606e+01 3.923792e+00
7.465820e-01 2.722801e+01 3.887326e+00
7.492676e-01 2.717231e+01 3.851615e+00
7.519531e-01 2.711884e+01 3.816627e+00
7.626953e-01 2.692485e+01 3.683335e+00
7.734375e-01 2.675742e+01 3.559458e+00
7.841797e-01 2.661010e+01 3.443543e+00
7.949219e-01 2.647715e+01 3.334359e+00
8.056641e-01 2.635346e+01 3.230872e+00
8.164062e-01 2.623459e+01 3.132217e+00
8.271484e-01 2.611670e+01 3.037676e+00
8.378906e-01 2.599648e+01 2.946659e+00
8.486328e-01 2.587114e+01 2.858684e+00
8.593750e-01 2.573839e+01 2.773358e+00
8.647461e-01 2.566863e+01 2.731590e+00
8.701172e-01 2.559634e+01 2.690373e+00
8.754883e-01 2.552136e+01 2.649679e+00
8.808594e-01 2.544353e+01 2.609482e+00
8.862305e-01 2.536271e+01 2.569759e+00
8.916016e-01 2.527881e+01 2.530493e+00
8.969727e-01 2.519172e+01 2.491665e+00
9.023438e-01 2.510138e+01 2.453261e+00
9.077148e-01 2.500772e+01 2.415269e+00
9.130859e-01 2.491071e+01 2.377678e+00
9.184570e-01 2.481032e+01 2.340479e+00
9.238281e-01 2.470652e+01 2.303665e+00
9.291992e-01 2.459933e+01 2.267230e+00
9.345703e-01 2.448874e+01 2.231170e+00
9.399414e-01 2.437478e+01 2.195479e+00
9.453125e-01 2.425749e+01 2.160156e+00
9.506836e-01 2.413689e+01 2.125198e+00
9.560547e-01 2.401304e+01 2.090604e+00
9.614258e-01 2.388600e+01 2.056374e+00
9.667969e-01 2.375582e+01 2.022506e+00
9.721680e-01 2.362259e+01 1.989001e+00
9.775391e-01 2.348636e+01 1.955859e+00
9.829102e-01 2.334723e+01 1.923082e+00
9.882812e-01 2.320528e+01 1.890670e+00
9.936523e-01 2.306059e+01 1.858624e+00
9.990234e-01 2.291326e+01 1.826946e+00
1.004395e+00 2.276339e+01 1.795637e+00
1.009766e+00 2.261108e+01 1.764698e+00
1.015137e+00 2.245642e+01 1.734130e+00
1.020508e+00 2.229952e+01 1.703935e+00
1.025879e+00 2.214049e+01 1.674114e+00
1.031250e+00 2.197942e+01 1.644669e+00
1.036621e+00 2.181643e+01 1.615600e+00
1.041992e+00 2.165162e+01 1.586908e+00
1.047363e+00 2.148510e+01 1.558593e+00
1.052734e+00 2.131698e+01 1.530658e+00
1.058105e+00 2.114735e+01 1.503101e+00
1.063477e+00 2.097634e+01 1.475924e+00
1.068848e+00 2.080404e+01 1.449126e+00
1.074219e+00 2.063055e+01 1.422707e+00
1.079590e+00 2.045599e+01 1.396668e+00
1.084961e+00 2.028045e+01 1.371007e+00
1.090332e+00 2.010404e+01 1.345724e+00
1.095703e+00 1.992684e+01 1.320818e+00
1.101074e+00 1.974897e+01 1.296288e+00
1.106445e+00 1.957052e+01 1.272133e+00
1.111816e+00 1.939157e+01 1.248352e+00
1.117188e+00 1.921223e+01 1.224943e+00
1.122559e+00 1.903258e+01 1.201904e+00
1.127930e+00 1.885271e+01 1.179234e+00
1.129272e+00 1.880772e+01 1.173624e+00
1.130615e+00 1.876272e+01 1.168036e+00
1.131958e+00 1.871772e+01 1.162472e+00
1.133301e+00 1.867271e+01 1.156930e+00
1.134644e+00 1.862770e+01 1.151411e+00
1.135986e+00 1.858269e+01 1.145915e+00
1.137329e+00 1.853767e+01 1.140442e+00
1.138672e+00 1.849266e+01 1.134991e+00
1.140015e+00 1.844765e+01 1.129563e+00
1.141357e+00 1.840264e+01 1.124157e+00
1.141693e+00 1.839139e+01 1.122809e+00
1.142029e+00 1.838014e+01 1.121463e+00
1.142365e+00 1.836889e+01 1.120118e+00
1.142700e+00 1.835764e+01 1.118774e+00
1.143036e+00 1.834639e+01 1.117432e+00
1.143372e+00 1.833514e+01 1.116091e+00
1.143707e+00 1.832389e+01 1.114751e+00
1.144043e+00 1.831264e+01 1.113413e+00
1.144379e+00 1.830139e+01 1.112077e+00
1.144714e+00 1.829015e+01 1.110742e+00
1.145050e+00 1.827890e+01 1.109408e+00
1.145386e+00 1.826765e+01 1.108075e+00
1.145721e+00 1.825641e+01 1.106744e+00
1.146057e+00 1.824516e+01 1.105415e+00
1.146393e+00 1.823391e+01 1.104087e+00
1.146729e+00 1.822267e+01 1.102760e+00
1.147064e+00 1.821142e+01 1.101434e+00
1.147400e+00 1.820018e+01 1.100110e+00
1.147736e+00 1.818894e+01 1.098788e+00
1.148071e+00 1.817770e+01 1.097466e+00
1.148743e+00 1.815521e+01 1.094828e+00
1.149414e+00 1.813273e+01 1.092196e+00
1.150085e+00 1.811026e+01 1.089568e+00
1.150757e+00 1.808778e+01 1.086947e+00
1.151428e+00 1.806531e+01 1.084331e+00
1.152100e+00 1.804284e+01 1.081720e+00
1.152771e+00 1.802038e+01 1.079116e+00
1.153442e+00 1.799792e+01 1.076516e+00
1.154114e+00 1.797546e+01 1.073923e+00
1.154785e+00 1.795301e+01 1.071334e+00
1.157471e+00 1.786324e+01 1.061037e+00
1.160156e+00 1.777355e+01 1.050827e+00
1.162842e+00 1.768394e+01 1.040706e+00
1.165527e+00 1.759442e+01 1.030671e+00
1.168213e+00 1.750501e+01 1.020724e+00
1.170898e+00 1.741570e+01 1.010864e+00
1.173584e+00 1.732651e+01 1.001089e+00
1.176270e+00 1.723745e+01 9.914010e-01
1.178955e+00 1.714852e+01 9.817981e-01
1.181641e+00 1.705973e+01 9.722802e-01
1.192383e+00 1.670615e+01 9.350508e-01
1.203125e+00 1.635545e+01 8.991478e-01
1.213867e+00 1.600805e+01 8.645422e-01
1.224609e+00 1.566436e+01 8.312040e-01
1.235352e+00 1.532475e+01 7.991021e-01
1.246094e+00 1.498954e+01 7.682050e-01
1.256836e+00 1.465905e+01 7.384803e-01
1.267578e+00 1.433355e+01 7.098954e-01
1.278320e+00 1.401326e+01 6.824173e-01
1.289062e+00 1.369841e+01 6.560129e-01
1.299805e+00 1.338918e+01 6.306492e-01
1.310547e+00 1.308572e+01 6.062931e-01
1.321289e+00 1.278817e+01 5.829118e-01
1.332031e+00 1.249664e+01 5.604729e-01
1.342773e+00 1.221122e+01 5.389441e-01
1.353516e+00 1.193198e+01 5.182938e-01
1.364258e+00 1.165896e+01 4.984907e-01
1.375000e+00 1.139220e+01 4.795041e-01
1.385742e+00 1.113172e+01 4.613042e-01
1.396484e+00 1.087751e+01 4.438613e-01
1.399170e+00 1.081493e+01 4.396155e-01
1.401855e+00 1.075275e+01 4.354148e-01
1.404541e+00 1.069096e+01 4.312587e-01
1.407227e+00 1.062956e+01 4.271469e-01
1.409912e+00 1.056854e+01 4.230788e-01
1.412598e+00 1.050792e+01 4.190540e-01
1.415283e+00 1.044769e+01 4.150722e-01
1.417969e+00 1.038784e+01 4.111328e-01
1.420654e+00 1.032838e+01 4.072355e-01
1.423340e+00 1.026931e+01 4.033799e-01
1.426025e+00 1.021063e+01 3.995655e-01
1.428711e+00 1.015232e+01 3.957919e-01
1.431396e+00 1.009441e+01 3.920587e-01
1.434082e+00 1.003687e+01 3.883655e-01
1.436768e+00 9.979724e+00 3.847119e-01
1.439453e+00 9.922954e+00 3.810975e-01
1.442139e+00 9.866566e+00 3.775219e-01
1.444824e+00 9.810557e+00 3.739846e-01
1.447510e+00 9.754927e+00 3.704854e-01
1.450195e+00 9.699674e+00 3.670238e-01
1.455566e+00 9.590296e+00 3.602119e-01
1.460938e+00 9.482415e+00 3.535459e-01
1.466309e+00 9.376020e+00 3.470227e-01
1.471680e+00 9.271102e+00 3.406394e-01
1.477051e+00 9.167650e+00 3.343931e-01
1.482422e+00 9.065654e+00 3.282809e-01
1.487793e+00 8.965101e+00 3.223000e-01
1.493164e+00 8.865980e+00 3.164476e-01
1.498535e+00 8.768280e+00 3.107210e-01
1.503906e+00 8.671987e+00 3.051176e-01
1.514648e+00 8.483576e+00 2.942696e-01
1.525391e+00 8.300643e+00 2.838832e-01
1.536133e+00 8.123080e+00 2.739387e-01
1.546875e+00 7.950778e+00 2.644170e-01
1.557617e+00 7.783624e+00 2.552998e-01
1.568359e+00 7.621504e+00 2.465697e-01
1.579102e+00 7.464300e+00 2.382095e-01
1.589844e+00 7.311894e+00 2.302031e-01
1.600586e+00 7.164170e+00 2.225348e-01
1.611328e+00 7.021006e+00 2.151897e-01
1.622070e+00 6.882286e+00 2.081534e-01
1.632812e+00 6.747889e+00 2.014120e-01
1.643555e+00 6.617697e+00 1.949525e-01
1.654297e+00 6.491593e+00 1.887620e-01
1.665039e+00 6.369459e+00 1.828285e-01
1.675781e+00 6.251180e+00 1.771404e-01
1.686523e+00 6.136642e+00 1.716865e-01
1.697266e+00 6.025731e+00 1.664563e-01
1.708008e+00 5.918336e+00 1.614396e-01
1.718750e+00 5.814347e+00 1.566266e-01
1.729492e+00 5.713655e+00 1.520082e-01
1.740234e+00 5.616157e+00 1.475754e-01
1.750977e+00 5.521747e+00 1.433197e-01
1.761719e+00 5.430324e+00 1.392332e-01
1.772461e+00 5.341787e+00 1.353080e-01
1.783203e+00 5.256040e+00 1.315368e-01
1.793945e+00 5.172987e+00 1.279125e-01
1.804688e+00 5.092534e+00 1.244286e-01
1.815430e+00 5.014591e+00 1.210784e-01
1.826172e+00 4.939069e+00 1.178561e-01
1.836914e+00 4.865883e+00 1.147557e-01
1.847656e+00 4.794948e+00 1.117717e-01
1.858398e+00 4.726183e+00 1.088988e-01
1.869141e+00 4.659508e+00 1.061320e-01
1.879883e+00 4.594846e+00 1.034665e-01
1.890625e+00 4.532123e+00 1.008976e-01
1.901367e+00 4.471266e+00 9.842120e-02
1.912109e+00 4.412205e+00 9.603297e-02
1.922852e+00 4.354871e+00 9.372898e-02
1.933594e+00 4.299199e+00 9.150549e-02
1.955078e+00 4.192584e+00 8.728582e-02
1.976562e+00 4.091875e+00 8.334726e-02
1.998047e+00 3.996615e+00 7.966565e-02
2.019531e+00 3.906380e+00 7.621904e-02
2.041016e+00 3.820776e+00 7.298759e-02
2.062500e+00 3.739434e+00 6.995327e-02
2.083984e+00 3.662013e+00 6.709978e-02
2.105469e+00 3.588198e+00 6.441232e-02
2.126953e+00 3.517697e+00 6.187749e-02
2.148438e+00 3.450239e+00 5.948314e-02
2.159180e+00 3.417573e+00 5.833516e-02
2.169922e+00 3.385576e+00 5.721824e-02
2.180664e+00 3.354220e+00 5.613118e-02
2.191406e+00 3.323478e+00 5.507280e-02
2.202148e+00 3.293324e+00 5.404201e-02
2.212891e+00 3.263734e+00 5.303774e-02
2.223633e+00 3.234684e+00 5.205901e-02
2.234375e+00 3.206151e+00 5.110483e-02
2.245117e+00 3.178113e+00 5.017432e-02
2.255859e+00 3.150550e+00 4.926659e-02
2.261230e+00 3.136940e+00 4.882101e-02
2.266602e+00 3.123442e+00 4.838081e-02
2.271973e+00 3.110052e+00 4.794591e-02
2.277344e+00 3.096769e+00 4.751620e-02
2.282715e+00 3.083590e+00 4.709159e-02
2.288086e+00 3.070513e+00 4.667200e-02
2.293457e+00 3.057536e+00 4.625732e-02
2.298828e+00 3.044657e+00 4.584748e-02
2.304199e+00 3.031874e+00 4.544240e-02
2.309570e+00 3.019185e+00 4.504198e-02
2.314941e+00 3.006588e+00 4.464615e-02
2.320312e+00 2.994080e+00 4.425482e-02
2.325684e+00 2.981661e+00 4.386793e-02
2.331055e+00 2.969328e+00 4.348539e-02
2.336426e+00 2.957080e+00 4.310714e-02
2.341797e+00 2.944914e+00 4.273309e-02
2.347168e+00 2.932829e+00 4.236318e-02
2.352539e+00 2.920824e+00 4.199735e-02
2.357910e+00 2.908897e+00 4.163551e-02
2.363281e+00 2.897045e+00 4.127761e-02
2.384766e+00 2.850371e+00 3.988413e-02
2.406250e+00 2.804798e+00 3.854875e-02
2.427734e+00 2.760243e+00 3.726791e-02
2.449219e+00 2.716627e+00 3.603836e-02
2.470703e+00 2.673884e+00 3.485712e-02
2.492188e+00 2.631949e+00 3.372145e-02
2.513672e+00 2.590768e+00 3.262883e-02
2.535156e+00 2.550289e+00 3.157695e-02
2.556641e+00 2.510469e+00 3.056368e-02
2.578125e+00 2.471266e+00 2.958705e-02
2.621094e+00 2.394573e+00 2.773660e-02
2.664062e+00 2.319970e+00 2.601259e-02
2.707031e+00 2.247266e+00 2.440384e-02
2.750000e+00 2.176316e+00 2.290059e-02
2.792969e+00 2.107008e+00 2.149434e-02
2.835938e+00 2.039260e+00 2.017759e-02
2.878906e+00 1.973011e+00 1.894369e-02
2.921875e+00 1.908217e+00 1.778667e-02
2.964844e+00 1.844851e+00 1.670120e-02
3.007812e+00 1.782892e+00 1.568244e-02
3.050781e+00 1.722330e+00 1.472598e-02
3.093750e+00 1.663157e+00 1.382779e-02
3.136719e+00 1.605371e+00 1.298418e-02
3.179688e+00 1.548972e+00 1.219172e-02
3.222656e+00 1.493960e+00 1.144725e-02
3.265625e+00 1.440335e+00 1.074784e-02
3.308594e+00 1.388097e+00 1.009074e-02
3.351562e+00 1.337243e+00 9.473401e-03
3.394531e+00 1.287772e+00 8.893433e-03
3.437500e+00 1.239677e+00 8.348596e-03
3.480469e+00 1.192953e+00 7.836787e-03
3.523438e+00 1.147590e+00 7.356036e-03
3.566406e+00 1.103578e+00 6.904489e-03
3.609375e+00 1.060903e+00 6.480401e-03
3.652344e+00 1.019551e+00 6.082132e-03
3.695312e+00 9.795050e-01 5.708138e-03
3.738281e+00 9.407468e-01 5.356967e-03
3.781250e+00 9.032565e-01 5.027250e-03
3.824219e+00 8.670129e-01 4.717699e-03
3.867188e+00 8.319934e-01 4.427102e-03
3.910156e+00 7.981742e-01 4.154317e-03
3.953125e+00 7.655306e-01 3.898267e-03
3.996094e+00 7.340370e-01 3.657941e-03
4.039062e+00 7.036670e-01 3.432387e-03
4.082031e+00 6.743939e-01 3.220706e-03
4.125000e+00 6.461902e-01 3.022057e-03
4.167969e+00 6.190282e-01 2.835644e-03
4.210938e+00 5.928801e-01 2.660722e-03
4.253906e+00 5.677178e-01 2.496588e-03
4.296875e+00 5.435132e-01 2.342582e-03
4.318359e+00 5.317613e-01 2.269182e-03
4.339844e+00 5.202384e-01 2.198084e-03
4.361328e+00 5.089409e-01 2.129217e-03
4.382812e+00 4.978653e-01 2.062511e-03
4.404297e+00 4.870083e-01 1.997898e-03
4.425781e+00 4.763664e-01 1.935314e-03
4.447266e+00 4.659362e-01 1.874694e-03
4.468750e+00 4.557141e-01 1.815978e-03
4.490234e+00 4.456970e-01 1.759105e-03
4.511719e+00 4.358813e-01 1.704019e-03
4.522461e+00 4.310480e-01 1.677128e-03
4.533203e+00 4.262638e-01 1.650662e-03
4.543945e+00 4.215284e-01 1.624616e-03
4.554688e+00 4.168412e-01 1.598982e-03
4.565430e+00 4.122019e-01 1.573754e-03
4.576172e+00 4.076100e-01 1.548925e-03
4.586914e+00 4.030652e-01 1.524489e-03
4.597656e+00 3.985671e-01 1.500440e-03
4.608398e+00 3.941152e-01 1.476772e-03
4.619141e+00 3.897093e-01 1.453478e-03
4.629883e+00 3.853488e-01 1.430554e-03
4.640625e+00 3.810334e-01 1.407992e-03
4.651367e+00 3.767627e-01 1.385788e-03
4.662109e+00 3.725363e-01 1.363936e-03
4.672852e+00 3.683538e-01 1.342429e-03
4.683594e+00 3.642148e-01 1.321263e-03
4.694336e+00 3.601190e-01 1.300433e-03
4.705078e+00 3.560659e-01 1.279932e-03
4.715820e+00 3.520551e-01 1.259756e-03
4.726562e+00 3.480863e-01 1.239899e-03
4.769531e+00 3.326234e-01 1.163567e-03
4.812500e+00 3.178022e-01 1.091957e-03
4.855469e+00 3.035994e-01 1.024775e-03
4.898438e+00 2.899922e-01 9.617481e-04
4.941406e+00 2.769586e-01 9.026178e-04
4.984375e+00 2.644770e-01 8.471429e-04
5.027344e+00 2.525266e-01 7.950968e-04
5.070312e+00 2.410869e-01 7.462671e-04
5.113281e+00 2.301383e-01 7.004541e-04
5.156250e+00 2.196617e-01 6.574709e-04
5.242188e+00 2.000509e-01 5.793026e-04
5.328125e+00 1.821132e-01 5.104847e-04
5.414062e+00 1.657167e-01 4.498936e-04
5.500000e+00 1.507381e-01 3.965407e-04
5.585938e+00 1.370628e-01 3.495566e-04
5.671875e+00 1.245842e-01 3.081766e-04
5.757812e+00 1.132034e-01 2.717282e-04
5.843750e+00 1.028291e-01 2.396199e-04
5.929688e+00 9.337653e-02 2.113315e-04
6.015625e+00 8.476772e-02 1.864057e-04
6.101562e+00 7.693065e-02 1.644400e-04
6.187500e+00 6.979904e-02 1.450805e-04
6.273438e+00 6.331190e-02 1.280160e-04
6.359375e+00 5.741319e-02 1.129725e-04
6.445312e+00 5.205142e-02 9.970909e-05
6.531250e+00 4.717939e-02 8.801361e-05
6.617188e+00 4.275379e-02 7.769943e-05
6.703125e+00 3.873495e-02 6.860227e-05
6.789062e+00 3.508655e-02 6.057747e-05
6.875000e+00 3.177533e-02 5.349766e-05
7.046875e+00 2.604596e-02 4.173855e-05
7.218750e+00 2.133427e-02 3.257946e-05
7.390625e+00 1.746319e-02 2.544201e-05
7.562500e+00 1.428558e-02 1.987730e-05
7.734375e+00 1.167939e-02 1.553674e-05
7.906250e+00 9.543506e-03 1.214946e-05
8.078125e+00 7.794304e-03 9.504873e-06
8.250000e+00 6.362728e-03 7.439190e-06
8.421875e+00 5.191825e-03 5.824955e-06
8.593750e+00 4.234680e-03 4.562946e-06
8.765625e+00 3.452696e-03 3.575878e-06
8.937500e+00 2.814137e-03 2.803518e-06
9.109375e+00 2.292941e-03 2.198902e-06
9.281250e+00 1.867717e-03 1.725394e-06
9.453125e+00 1.520924e-03 1.354400e-06
9.625000e+00 1.238197e-03 1.063601e-06
9.796875e+00 1.007787e-03 8.355716e-07
9.968750e+00 8.200798e-04 6.566967e-07
1.014062e+01 6.672052e-04 5.163214e-07
1.031250e+01 5.427306e-04 4.061127e-07
1.065625e+01 3.589420e-04 2.515391e-07
1.100000e+01 2.372549e-04 1.560343e-07
1.134375e+01 1.567435e-04 9.693181e-08
1.168750e+01 1.035104e-04 6.030187e-08
1.203125e+01 6.833632e-05 3.756818e-08
1.237500e+01 4.510597e-05 2.343871e-08
1.271875e+01 2.976743e-05 1.464342e-08
1.306250e+01 1.964159e-05 9.160393e-09
1.340625e+01 1.295728e-05 5.737058e-09
1.375000e+01 8.547631e-06 3.597746e-09
1.443750e+01 3.718320e-06 1.419557e-09
1.512500e+01 1.618725e-06 5.630832e-10
1.581250e+01 7.046242e-07 2.242573e-10
1.650000e+01 3.057839e-07 8.937929e-11
1.718750e+01 1.335573e-07 3.597761e-11
1.787500e+01 5.872084e-08 1.462481e-11
1.856250e+01 2.484675e-08 5.738346e-12
1.925000e+01 1.092590e-08 2.346313e-12
1.993750e+01 5.392704e-09 1.079581e-12
2.062500e+01 2.132107e-09 3.988515e-13
2.131250e+01 9.528993e-10 1.669431e-13
2.200000e+01 4.406206e-10 7.244520e-14
2.268750e+01 2.182053e-10 3.373512e-14
2.337500e+01 1.220995e-10 1.778283e-14
2.406250e+01 8.169875e-11 1.122856e-14
2.475000e+01 6.525191e-11 8.476820e-15
2.543750e+01 5.887865e-11 7.241009e-15
2.612500e+01 5.743236e-11 6.696289e-15
2.681250e+01 5.802761e-11 6.423181e-15
2.750000e+01 5.913610e-11 6.222679e-15
3.025000e+01 6.576719e-11 5.719376e-15
3.300000e+01 7.174951e-11 5.243016e-15
3.575000e+01 7.617842e-11 4.743184e-15
3.850000e+01 7.880765e-11 4.230942e-15
4.125000e+01 7.966055e-11 3.725508e-15
4.400000e+01 7.914376e-11 3.253130e-15
4.675000e+01 7.815500e-11 2.845664e-15
4.950000e+01 7.793272e-11 2.531043e-15
5.225000e+01 7.965157e-11 2.321731e-15
5.500000e+01 8.402347e-11 2.210372e-15
6.050000e+01 9.901250e-11 2.152630e-15
6.600000e+01 1.135100e-10 2.073654e-15
7.150000e+01 1.146730e-10 1.785004e-15
7.700000e+01 1.082539e-10 1.452955e-15
8.250000e+01 1.097192e-10 1.282818e-15
8.800000e+01 1.189975e-10 1.222820e-15
9.350000e+01 1.150080e-10 1.046875e-15
9.900000e+01 7.861454e-11 6.382967e-16
1.045000e+02 2.513148e-11 1.831368e-16
1.100000e+02 0.000000e+00 0.000000e+00
