# 
# Output from RAtom program.
# 
# Total radial electron density.
# The first column contains radius $r$ in bohr units.
# The second column holds $\rho(r)$.
# The third column holds $\tilde{\rho}(r) = \rho(r) / (\pi * r * r)$
# 
# Use this file with gnuplot to create the plot.
# 
# R     Rho     RhoTilde
#
0.000000e+00 0.000000e+00 2.045448e+05
1.220703e-04 3.768951e-02 2.012753e+05
2.441406e-04 1.483484e-01 1.980582e+05
3.662109e-04 3.284489e-01 1.948926e+05
4.882812e-04 5.745769e-01 1.917777e+05
6.103516e-04 8.834282e-01 1.887128e+05
7.324219e-04 1.251806e+00 1.856969e+05
8.544922e-04 1.676619e+00 1.827294e+05
9.765625e-04 2.154877e+00 1.798094e+05
1.098633e-03 2.683688e+00 1.769363e+05
1.220703e-03 3.260258e+00 1.741093e+05
1.342773e-03 3.881886e+00 1.713276e+05
1.464844e-03 4.545962e+00 1.685906e+05
1.586914e-03 5.249967e+00 1.658975e+05
1.708984e-03 5.991465e+00 1.632477e+05
1.831055e-03 6.768107e+00 1.606404e+05
1.953125e-03 7.577625e+00 1.580750e+05
2.075195e-03 8.417829e+00 1.555508e+05
2.197266e-03 9.286608e+00 1.530672e+05
2.319336e-03 1.018193e+01 1.506235e+05
2.441406e-03 1.110182e+01 1.482191e+05
2.685547e-03 1.300784e+01 1.435258e+05
2.929688e-03 1.499036e+01 1.389823e+05
3.173828e-03 1.703609e+01 1.345839e+05
3.417969e-03 1.913276e+01 1.303261e+05
3.662109e-03 2.126901e+01 1.262045e+05
3.906250e-03 2.343438e+01 1.222147e+05
4.150391e-03 2.561921e+01 1.183526e+05
4.394531e-03 2.781465e+01 1.146142e+05
4.638672e-03 3.001256e+01 1.109956e+05
4.882812e-03 3.220552e+01 1.074930e+05
5.126953e-03 3.438673e+01 1.041028e+05
5.371094e-03 3.655004e+01 1.008214e+05
5.615234e-03 3.868984e+01 9.764528e+04
5.859375e-03 4.080108e+01 9.457126e+04
6.103516e-03 4.287920e+01 9.159605e+04
6.347656e-03 4.492015e+01 8.871653e+04
6.591797e-03 4.692029e+01 8.592968e+04
6.835938e-03 4.887641e+01 8.323257e+04
7.080078e-03 5.078570e+01 8.062235e+04
7.324219e-03 5.264569e+01 7.809628e+04
7.568359e-03 5.445428e+01 7.565169e+04
7.812500e-03 5.620966e+01 7.328600e+04
8.056641e-03 5.791032e+01 7.099670e+04
8.300781e-03 5.955505e+01 6.878137e+04
8.544922e-03 6.114288e+01 6.663767e+04
8.789062e-03 6.267305e+01 6.456332e+04
9.033203e-03 6.414506e+01 6.255612e+04
9.277344e-03 6.555859e+01 6.061393e+04
9.521484e-03 6.691352e+01 5.873469e+04
9.765625e-03 6.820989e+01 5.691639e+04
1.000977e-02 6.944790e+01 5.515710e+04
1.025391e-02 7.062792e+01 5.345494e+04
1.049805e-02 7.175041e+01 5.180808e+04
1.074219e-02 7.281600e+01 5.021477e+04
1.098633e-02 7.382539e+01 4.867329e+04
1.123047e-02 7.477940e+01 4.718200e+04
1.147461e-02 7.567894e+01 4.573928e+04
1.171875e-02 7.652499e+01 4.434359e+04
1.196289e-02 7.731864e+01 4.299343e+04
1.220703e-02 7.806099e+01 4.168733e+04
1.245117e-02 7.875324e+01 4.042389e+04
1.269531e-02 7.939662e+01 3.920174e+04
1.293945e-02 7.999242e+01 3.801956e+04
1.318359e-02 8.054195e+01 3.687607e+04
1.342773e-02 8.104656e+01 3.577002e+04
1.367188e-02 8.150762e+01 3.470022e+04
1.391602e-02 8.192655e+01 3.366549e+04
1.416016e-02 8.230474e+01 3.266472e+04
1.440430e-02 8.264363e+01 3.169680e+04
1.464844e-02 8.294466e+01 3.076068e+04
1.489258e-02 8.320925e+01 2.985534e+04
1.513672e-02 8.343887e+01 2.897978e+04
1.538086e-02 8.363494e+01 2.813304e+04
1.562500e-02 8.379889e+01 2.731419e+04
1.586914e-02 8.393216e+01 2.652233e+04
1.611328e-02 8.403616e+01 2.575659e+04
1.635742e-02 8.411229e+01 2.501612e+04
1.660156e-02 8.416194e+01 2.430009e+04
1.684570e-02 8.418648e+01 2.360773e+04
1.708984e-02 8.418727e+01 2.293825e+04
1.733398e-02 8.416563e+01 2.229093e+04
1.757812e-02 8.412287e+01 2.166502e+04
1.782227e-02 8.406029e+01 2.105985e+04
1.806641e-02 8.397915e+01 2.047472e+04
1.831055e-02 8.388068e+01 1.990900e+04
1.855469e-02 8.376610e+01 1.936204e+04
1.879883e-02 8.363659e+01 1.883323e+04
1.904297e-02 8.349331e+01 1.832198e+04
1.928711e-02 8.333739e+01 1.782772e+04
1.953125e-02 8.316992e+01 1.734987e+04
2.001953e-02 8.280463e+01 1.644133e+04
2.050781e-02 8.240564e+01 1.559224e+04
2.099609e-02 8.198069e+01 1.479874e+04
2.148438e-02 8.153705e+01 1.405723e+04
2.197266e-02 8.108148e+01 1.336431e+04
2.246094e-02 8.062029e+01 1.271683e+04
2.294922e-02 8.015930e+01 1.211179e+04
2.343750e-02 7.970390e+01 1.154641e+04
2.392578e-02 7.925899e+01 1.101809e+04
2.441406e-02 7.882906e+01 1.052438e+04
2.453613e-02 7.872441e+01 1.040608e+04
2.465820e-02 7.862101e+01 1.028978e+04
2.478027e-02 7.851891e+01 1.017542e+04
2.490234e-02 7.841818e+01 1.006298e+04
2.502441e-02 7.831888e+01 9.952421e+03
2.514648e-02 7.822104e+01 9.843719e+03
2.526855e-02 7.812474e+01 9.736837e+03
2.539062e-02 7.803000e+01 9.631745e+03
2.551270e-02 7.793690e+01 9.528413e+03
2.563477e-02 7.784546e+01 9.426809e+03
2.575684e-02 7.775574e+01 9.326906e+03
2.587891e-02 7.766779e+01 9.228672e+03
2.600098e-02 7.758163e+01 9.132081e+03
2.612305e-02 7.749733e+01 9.037102e+03
2.624512e-02 7.741491e+01 8.943710e+03
2.636719e-02 7.733441e+01 8.851876e+03
2.648926e-02 7.725588e+01 8.761574e+03
2.661133e-02 7.717935e+01 8.672776e+03
2.673340e-02 7.710485e+01 8.585459e+03
2.685547e-02 7.703242e+01 8.499594e+03
2.709961e-02 7.689388e+01 8.332127e+03
2.734375e-02 7.676399e+01 8.170178e+03
2.758789e-02 7.664295e+01 8.013558e+03
2.783203e-02 7.653098e+01 7.862082e+03
2.807617e-02 7.642825e+01 7.715575e+03
2.832031e-02 7.633495e+01 7.573863e+03
2.856445e-02 7.625120e+01 7.436781e+03
2.880859e-02 7.617716e+01 7.304168e+03
2.905273e-02 7.611292e+01 7.175869e+03
2.929688e-02 7.605860e+01 7.051733e+03
2.978516e-02 7.598001e+01 6.815375e+03
3.027344e-02 7.594189e+01 6.593987e+03
3.076172e-02 7.594451e+01 6.386535e+03
3.125000e-02 7.598792e+01 6.192053e+03
3.173828e-02 7.607201e+01 6.009637e+03
3.222656e-02 7.619647e+01 5.838443e+03
3.271484e-02 7.636082e+01 5.677682e+03
3.320312e-02 7.656445e+01 5.526617e+03
3.369141e-02 7.680659e+01 5.384561e+03
3.417969e-02 7.708636e+01 5.250873e+03
3.466797e-02 7.740277e+01 5.124953e+03
3.515625e-02 7.775473e+01 5.006242e+03
3.564453e-02 7.814104e+01 4.894220e+03
3.613281e-02 7.856045e+01 4.788402e+03
3.662109e-02 7.901161e+01 4.688333e+03
3.710938e-02 7.949314e+01 4.593593e+03
3.759766e-02 8.000359e+01 4.503789e+03
3.808594e-02 8.054146e+01 4.418556e+03
3.857422e-02 8.110524e+01 4.337553e+03
3.906250e-02 8.169337e+01 4.260464e+03
3.955078e-02 8.230428e+01 4.186995e+03
4.003906e-02 8.293637e+01 4.116872e+03
4.052734e-02 8.358807e+01 4.049842e+03
4.101562e-02 8.425775e+01 3.985670e+03
4.150391e-02 8.494384e+01 3.924136e+03
4.199219e-02 8.564473e+01 3.865038e+03
4.248047e-02 8.635886e+01 3.808189e+03
4.296875e-02 8.708466e+01 3.753413e+03
4.345703e-02 8.782058e+01 3.700550e+03
4.394531e-02 8.856511e+01 3.649452e+03
4.443359e-02 8.931676e+01 3.599981e+03
4.492188e-02 9.007405e+01 3.552009e+03
4.541016e-02 9.083556e+01 3.505420e+03
4.589844e-02 9.159988e+01 3.460105e+03
4.638672e-02 9.236566e+01 3.415965e+03
4.687500e-02 9.313156e+01 3.372908e+03
4.736328e-02 9.389630e+01 3.330850e+03
4.785156e-02 9.465863e+01 3.289714e+03
4.833984e-02 9.541735e+01 3.249429e+03
4.882812e-02 9.617130e+01 3.209930e+03
4.907227e-02 9.654612e+01 3.190456e+03
4.931641e-02 9.691934e+01 3.171157e+03
4.956055e-02 9.729082e+01 3.152026e+03
4.980469e-02 9.766043e+01 3.133057e+03
5.004883e-02 9.802803e+01 3.114244e+03
5.029297e-02 9.839351e+01 3.095580e+03
5.053711e-02 9.875674e+01 3.077061e+03
5.078125e-02 9.911761e+01 3.058681e+03
5.102539e-02 9.947599e+01 3.040435e+03
5.126953e-02 9.983179e+01 3.022319e+03
5.151367e-02 1.001849e+02 3.004327e+03
5.175781e-02 1.005351e+02 2.986457e+03
5.200195e-02 1.008825e+02 2.968702e+03
5.224609e-02 1.012268e+02 2.951061e+03
5.249023e-02 1.015681e+02 2.933528e+03
5.273438e-02 1.019061e+02 2.916101e+03
5.297852e-02 1.022408e+02 2.898776e+03
5.322266e-02 1.025720e+02 2.881549e+03
5.346680e-02 1.028999e+02 2.864419e+03
5.371094e-02 1.032241e+02 2.847382e+03
5.419922e-02 1.038615e+02 2.813577e+03
5.468750e-02 1.044837e+02 2.780114e+03
5.517578e-02 1.050901e+02 2.746976e+03
5.566406e-02 1.056801e+02 2.714148e+03
5.615234e-02 1.062532e+02 2.681615e+03
5.664062e-02 1.068090e+02 2.649367e+03
5.712891e-02 1.073471e+02 2.617392e+03
5.761719e-02 1.078671e+02 2.585681e+03
5.810547e-02 1.083686e+02 2.554227e+03
5.859375e-02 1.088513e+02 2.523023e+03
5.908203e-02 1.093150e+02 2.492064e+03
5.957031e-02 1.097595e+02 2.461345e+03
6.005859e-02 1.101845e+02 2.430862e+03
6.054688e-02 1.105899e+02 2.400613e+03
6.103516e-02 1.109756e+02 2.370595e+03
6.152344e-02 1.113414e+02 2.340807e+03
6.201172e-02 1.116873e+02 2.311248e+03
6.250000e-02 1.120133e+02 2.281917e+03
6.298828e-02 1.123194e+02 2.252814e+03
6.347656e-02 1.126055e+02 2.223939e+03
6.396484e-02 1.128718e+02 2.195294e+03
6.445312e-02 1.131182e+02 2.166879e+03
6.494141e-02 1.133450e+02 2.138696e+03
6.542969e-02 1.135521e+02 2.110745e+03
6.591797e-02 1.137399e+02 2.083028e+03
6.640625e-02 1.139083e+02 2.055548e+03
6.689453e-02 1.140577e+02 2.028306e+03
6.738281e-02 1.141882e+02 2.001304e+03
6.787109e-02 1.143000e+02 1.974544e+03
6.835938e-02 1.143934e+02 1.948027e+03
6.884766e-02 1.144687e+02 1.921757e+03
6.933594e-02 1.145261e+02 1.895735e+03
6.982422e-02 1.145658e+02 1.869963e+03
7.031250e-02 1.145883e+02 1.844444e+03
7.080078e-02 1.145938e+02 1.819178e+03
7.128906e-02 1.145827e+02 1.794169e+03
7.177734e-02 1.145552e+02 1.769417e+03
7.226562e-02 1.145118e+02 1.744925e+03
7.275391e-02 1.144527e+02 1.720694e+03
7.324219e-02 1.143785e+02 1.696726e+03
7.373047e-02 1.142893e+02 1.673023e+03
7.421875e-02 1.141857e+02 1.649585e+03
7.470703e-02 1.140680e+02 1.626414e+03
7.519531e-02 1.139366e+02 1.603511e+03
7.568359e-02 1.137919e+02 1.580877e+03
7.617188e-02 1.136343e+02 1.558513e+03
7.666016e-02 1.134643e+02 1.536420e+03
7.714844e-02 1.132821e+02 1.514598e+03
7.763672e-02 1.130884e+02 1.493048e+03
7.812500e-02 1.128834e+02 1.471770e+03
7.861328e-02 1.126676e+02 1.450765e+03
7.910156e-02 1.124413e+02 1.430033e+03
7.958984e-02 1.122052e+02 1.409573e+03
8.007812e-02 1.119595e+02 1.389387e+03
8.056641e-02 1.117046e+02 1.369472e+03
8.105469e-02 1.114410e+02 1.349830e+03
8.154297e-02 1.111692e+02 1.330459e+03
8.203125e-02 1.108895e+02 1.311360e+03
8.251953e-02 1.106023e+02 1.292531e+03
8.300781e-02 1.103081e+02 1.273971e+03
8.349609e-02 1.100073e+02 1.255681e+03
8.398438e-02 1.097002e+02 1.237658e+03
8.447266e-02 1.093873e+02 1.219901e+03
8.496094e-02 1.090690e+02 1.202411e+03
8.544922e-02 1.087456e+02 1.185184e+03
8.593750e-02 1.084177e+02 1.168220e+03
8.642578e-02 1.080854e+02 1.151518e+03
8.691406e-02 1.077493e+02 1.135075e+03
8.740234e-02 1.074097e+02 1.118890e+03
8.789062e-02 1.070669e+02 1.102962e+03
8.886719e-02 1.063735e+02 1.071867e+03
8.984375e-02 1.056719e+02 1.041775e+03
9.082031e-02 1.049648e+02 1.012670e+03
9.179688e-02 1.042549e+02 9.845340e+02
9.277344e-02 1.035446e+02 9.573494e+02
9.375000e-02 1.028365e+02 9.310971e+02
9.472656e-02 1.021328e+02 9.057575e+02
9.570312e-02 1.014357e+02 8.813103e+02
9.667969e-02 1.007473e+02 8.577350e+02
9.765625e-02 1.000695e+02 8.350104e+02
9.814453e-02 9.973519e+01 8.239604e+02
9.863281e-02 9.940419e+01 8.131150e+02
9.912109e-02 9.907672e+01 8.024715e+02
9.960938e-02 9.875301e+01 7.920271e+02
1.000977e-01 9.843323e+01 7.817791e+02
1.005859e-01 9.811758e+01 7.717247e+02
1.010742e-01 9.780623e+01 7.618612e+02
1.015625e-01 9.749936e+01 7.521858e+02
1.020508e-01 9.719714e+01 7.426958e+02
1.025391e-01 9.689972e+01 7.333883e+02
1.026611e-01 9.682614e+01 7.310897e+02
1.027832e-01 9.675286e+01 7.288022e+02
1.029053e-01 9.667990e+01 7.265259e+02
1.030273e-01 9.660726e+01 7.242606e+02
1.031494e-01 9.653493e+01 7.220065e+02
1.032715e-01 9.646293e+01 7.197634e+02
1.033936e-01 9.639125e+01 7.175312e+02
1.035156e-01 9.631989e+01 7.153100e+02
1.036377e-01 9.624886e+01 7.130997e+02
1.037598e-01 9.617816e+01 7.109002e+02
1.038208e-01 9.614293e+01 7.098045e+02
1.038818e-01 9.610779e+01 7.087115e+02
1.039429e-01 9.607273e+01 7.076212e+02
1.040039e-01 9.603775e+01 7.065336e+02
1.040649e-01 9.600286e+01 7.054487e+02
1.041260e-01 9.596805e+01 7.043664e+02
1.041870e-01 9.593333e+01 7.032868e+02
1.042480e-01 9.589869e+01 7.022099e+02
1.043091e-01 9.586414e+01 7.011357e+02
1.043701e-01 9.582967e+01 7.000641e+02
1.044312e-01 9.579529e+01 6.989951e+02
1.044922e-01 9.576099e+01 6.979288e+02
1.045532e-01 9.572678e+01 6.968651e+02
1.046143e-01 9.569265e+01 6.958041e+02
1.046753e-01 9.565861e+01 6.947457e+02
1.047363e-01 9.562466e+01 6.936899e+02
1.047974e-01 9.559080e+01 6.926367e+02
1.048584e-01 9.555702e+01 6.915861e+02
1.049194e-01 9.552332e+01 6.905382e+02
1.049805e-01 9.548972e+01 6.894928e+02
1.052246e-01 9.535618e+01 6.853372e+02
1.054688e-01 9.522405e+01 6.812228e+02
1.057129e-01 9.509336e+01 6.771493e+02
1.059570e-01 9.496410e+01 6.731162e+02
1.062012e-01 9.483630e+01 6.691233e+02
1.064453e-01 9.470997e+01 6.651702e+02
1.066895e-01 9.458512e+01 6.612565e+02
1.069336e-01 9.446175e+01 6.573820e+02
1.071777e-01 9.433989e+01 6.535463e+02
1.074219e-01 9.421954e+01 6.497490e+02
1.083984e-01 9.375345e+01 6.349381e+02
1.093750e-01 9.331231e+01 6.207160e+02
1.103516e-01 9.289659e+01 6.070619e+02
1.113281e-01 9.250672e+01 5.939551e+02
1.123047e-01 9.214298e+01 5.813754e+02
1.132812e-01 9.180561e+01 5.693027e+02
1.142578e-01 9.149474e+01 5.577177e+02
1.152344e-01 9.121042e+01 5.466011e+02
1.162109e-01 9.095265e+01 5.359342e+02
1.171875e-01 9.072131e+01 5.256987e+02
1.181641e-01 9.051625e+01 5.158766e+02
1.191406e-01 9.033724e+01 5.064507e+02
1.201172e-01 9.018398e+01 4.974040e+02
1.210938e-01 9.005613e+01 4.887198e+02
1.220703e-01 8.995326e+01 4.803822e+02
1.230469e-01 8.987494e+01 4.723757e+02
1.240234e-01 8.982063e+01 4.646851e+02
1.250000e-01 8.978980e+01 4.572957e+02
1.259766e-01 8.978185e+01 4.501934e+02
1.269531e-01 8.979613e+01 4.433646e+02
1.279297e-01 8.983199e+01 4.367958e+02
1.289062e-01 8.988873e+01 4.304745e+02
1.298828e-01 8.996560e+01 4.243881e+02
1.308594e-01 9.006186e+01 4.185249e+02
1.318359e-01 9.017671e+01 4.128734e+02
1.328125e-01 9.030937e+01 4.074226e+02
1.337891e-01 9.045902e+01 4.021618e+02
1.347656e-01 9.062481e+01 3.970809e+02
1.357422e-01 9.080590e+01 3.921701e+02
1.367188e-01 9.100143e+01 3.874202e+02
1.376953e-01 9.121055e+01 3.828220e+02
1.386719e-01 9.143236e+01 3.783670e+02
1.396484e-01 9.166600e+01 3.740471e+02
1.406250e-01 9.191060e+01 3.698543e+02
1.416016e-01 9.216527e+01 3.657812e+02
1.425781e-01 9.242913e+01 3.618205e+02
1.435547e-01 9.270133e+01 3.579656e+02
1.445312e-01 9.298098e+01 3.542099e+02
1.455078e-01 9.326723e+01 3.505473e+02
1.464844e-01 9.355923e+01 3.469718e+02
1.474609e-01 9.385613e+01 3.434779e+02
1.484375e-01 9.415711e+01 3.400603e+02
1.494141e-01 9.446134e+01 3.367141e+02
1.503906e-01 9.476803e+01 3.334344e+02
1.513672e-01 9.507637e+01 3.302169e+02
1.523438e-01 9.538560e+01 3.270572e+02
1.533203e-01 9.569495e+01 3.239513e+02
1.542969e-01 9.600368e+01 3.208956e+02
1.552734e-01 9.631107e+01 3.178864e+02
1.562500e-01 9.661640e+01 3.149205e+02
1.572266e-01 9.691900e+01 3.119947e+02
1.582031e-01 9.721819e+01 3.091061e+02
1.591797e-01 9.751333e+01 3.062519e+02
1.601562e-01 9.780378e+01 3.034296e+02
1.611328e-01 9.808895e+01 3.006369e+02
1.621094e-01 9.836825e+01 2.978714e+02
1.630859e-01 9.864112e+01 2.951312e+02
1.640625e-01 9.890700e+01 2.924143e+02
1.650391e-01 9.916540e+01 2.897189e+02
1.660156e-01 9.941579e+01 2.870434e+02
1.669922e-01 9.965772e+01 2.843864e+02
1.679688e-01 9.989073e+01 2.817464e+02
1.689453e-01 1.001144e+02 2.791222e+02
1.699219e-01 1.003283e+02 2.765126e+02
1.708984e-01 1.005320e+02 2.739166e+02
1.718750e-01 1.007252e+02 2.713332e+02
1.728516e-01 1.009076e+02 2.687617e+02
1.738281e-01 1.010788e+02 2.662012e+02
1.748047e-01 1.012385e+02 2.636510e+02
1.757812e-01 1.013864e+02 2.611107e+02
1.767578e-01 1.015223e+02 2.585796e+02
1.777344e-01 1.016459e+02 2.560574e+02
1.787109e-01 1.017571e+02 2.535436e+02
1.796875e-01 1.018556e+02 2.510380e+02
1.806641e-01 1.019413e+02 2.485402e+02
1.816406e-01 1.020139e+02 2.460501e+02
1.826172e-01 1.020734e+02 2.435675e+02
1.835938e-01 1.021196e+02 2.410924e+02
1.845703e-01 1.021524e+02 2.386246e+02
1.855469e-01 1.021718e+02 2.361642e+02
1.865234e-01 1.021777e+02 2.337111e+02
1.875000e-01 1.021700e+02 2.312655e+02
1.884766e-01 1.021486e+02 2.288274e+02
1.894531e-01 1.021137e+02 2.263969e+02
1.904297e-01 1.020651e+02 2.239742e+02
1.914062e-01 1.020029e+02 2.215595e+02
1.923828e-01 1.019271e+02 2.191529e+02
1.933594e-01 1.018377e+02 2.167547e+02
1.943359e-01 1.017349e+02 2.143650e+02
1.953125e-01 1.016187e+02 2.119842e+02
1.962891e-01 1.014891e+02 2.096125e+02
1.972656e-01 1.013462e+02 2.072501e+02
1.982422e-01 1.011902e+02 2.048974e+02
1.992188e-01 1.010212e+02 2.025547e+02
2.001953e-01 1.008393e+02 2.002222e+02
2.011719e-01 1.006447e+02 1.979003e+02
2.021484e-01 1.004374e+02 1.955892e+02
2.031250e-01 1.002177e+02 1.932894e+02
2.041016e-01 9.998577e+01 1.910010e+02
2.050781e-01 9.974172e+01 1.887245e+02
2.053223e-01 9.967884e+01 1.881573e+02
2.055664e-01 9.961521e+01 1.875908e+02
2.058105e-01 9.955085e+01 1.870251e+02
2.060547e-01 9.948576e+01 1.864602e+02
2.062988e-01 9.941993e+01 1.858960e+02
2.065430e-01 9.935337e+01 1.853326e+02
2.067871e-01 9.928609e+01 1.847701e+02
2.070312e-01 9.921808e+01 1.842083e+02
2.072754e-01 9.914936e+01 1.836473e+02
2.075195e-01 9.907992e+01 1.830871e+02
2.076416e-01 9.904493e+01 1.828073e+02
2.077637e-01 9.900976e+01 1.825278e+02
2.078857e-01 9.897442e+01 1.822484e+02
2.080078e-01 9.893890e+01 1.819692e+02
2.081299e-01 9.890320e+01 1.816902e+02
2.082520e-01 9.886733e+01 1.814115e+02
2.083740e-01 9.883128e+01 1.811329e+02
2.084961e-01 9.879506e+01 1.808546e+02
2.086182e-01 9.875866e+01 1.805764e+02
2.087402e-01 9.872208e+01 1.802985e+02
2.088623e-01 9.868534e+01 1.800208e+02
2.089844e-01 9.864842e+01 1.797433e+02
2.091064e-01 9.861132e+01 1.794660e+02
2.092285e-01 9.857406e+01 1.791889e+02
2.093506e-01 9.853662e+01 1.789120e+02
2.094727e-01 9.849901e+01 1.786353e+02
2.095947e-01 9.846122e+01 1.783588e+02
2.097168e-01 9.842327e+01 1.780826e+02
2.098389e-01 9.838515e+01 1.778066e+02
2.099609e-01 9.834685e+01 1.775308e+02
2.104492e-01 9.819198e+01 1.764296e+02
2.109375e-01 9.803442e+01 1.753320e+02
2.114258e-01 9.787420e+01 1.742378e+02
2.119141e-01 9.771135e+01 1.731473e+02
2.124023e-01 9.754590e+01 1.720603e+02
2.128906e-01 9.737788e+01 1.709769e+02
2.133789e-01 9.720732e+01 1.698972e+02
2.138672e-01 9.703425e+01 1.688212e+02
2.143555e-01 9.685870e+01 1.677489e+02
2.148438e-01 9.668070e+01 1.666804e+02
2.167969e-01 9.594485e+01 1.624448e+02
2.187500e-01 9.517237e+01 1.582723e+02
2.207031e-01 9.436533e+01 1.541649e+02
2.226562e-01 9.352588e+01 1.501247e+02
2.246094e-01 9.265618e+01 1.461533e+02
2.265625e-01 9.175841e+01 1.422525e+02
2.285156e-01 9.083477e+01 1.384237e+02
2.304688e-01 8.988748e+01 1.346683e+02
2.324219e-01 8.891873e+01 1.309874e+02
2.343750e-01 8.793073e+01 1.273821e+02
2.363281e-01 8.692565e+01 1.238532e+02
2.382812e-01 8.590565e+01 1.204016e+02
2.402344e-01 8.487285e+01 1.170277e+02
2.421875e-01 8.382935e+01 1.137320e+02
2.441406e-01 8.277720e+01 1.105149e+02
2.460938e-01 8.171841e+01 1.073764e+02
2.480469e-01 8.065495e+01 1.043167e+02
2.500000e-01 7.958871e+01 1.013355e+02
2.519531e-01 7.852157e+01 9.843274e+01
2.539062e-01 7.745530e+01 9.560806e+01
2.548828e-01 7.692304e+01 9.422485e+01
2.558594e-01 7.639165e+01 9.286100e+01
2.568359e-01 7.586133e+01 9.151642e+01
2.578125e-01 7.533229e+01 9.019103e+01
2.587891e-01 7.480472e+01 8.888476e+01
2.597656e-01 7.427883e+01 8.759752e+01
2.607422e-01 7.375480e+01 8.632922e+01
2.617188e-01 7.323281e+01 8.507974e+01
2.626953e-01 7.271305e+01 8.384900e+01
2.636719e-01 7.219570e+01 8.263687e+01
2.646484e-01 7.168094e+01 8.144326e+01
2.656250e-01 7.116892e+01 8.026803e+01
2.666016e-01 7.065982e+01 7.911107e+01
2.675781e-01 7.015379e+01 7.797225e+01
2.685547e-01 6.965100e+01 7.685144e+01
2.695312e-01 6.915159e+01 7.574850e+01
2.705078e-01 6.865571e+01 7.466330e+01
2.714844e-01 6.816350e+01 7.359569e+01
2.724609e-01 6.767511e+01 7.254552e+01
2.734375e-01 6.719067e+01 7.151266e+01
2.753906e-01 6.623414e+01 6.949823e+01
2.773438e-01 6.529490e+01 6.755114e+01
2.792969e-01 6.437388e+01 6.567010e+01
2.812500e-01 6.347193e+01 6.385381e+01
2.832031e-01 6.258984e+01 6.210090e+01
2.851562e-01 6.172831e+01 6.040999e+01
2.871094e-01 6.088802e+01 5.877968e+01
2.890625e-01 6.006955e+01 5.720856e+01
2.910156e-01 5.927343e+01 5.569517e+01
2.929688e-01 5.850013e+01 5.423809e+01
2.949219e-01 5.775007e+01 5.283585e+01
2.968750e-01 5.702360e+01 5.148699e+01
2.988281e-01 5.632101e+01 5.019005e+01
3.007812e-01 5.564256e+01 4.894358e+01
3.027344e-01 5.498844e+01 4.774612e+01
3.046875e-01 5.435879e+01 4.659622e+01
3.066406e-01 5.375371e+01 4.549243e+01
3.085938e-01 5.317324e+01 4.443335e+01
3.105469e-01 5.261740e+01 4.341753e+01
3.125000e-01 5.208614e+01 4.244360e+01
3.144531e-01 5.157937e+01 4.151016e+01
3.164062e-01 5.109699e+01 4.061583e+01
3.183594e-01 5.063884e+01 3.975929e+01
3.203125e-01 5.020473e+01 3.893920e+01
3.222656e-01 4.979443e+01 3.815425e+01
3.242188e-01 4.940769e+01 3.740317e+01
3.261719e-01 4.904422e+01 3.668470e+01
3.281250e-01 4.870372e+01 3.599761e+01
3.300781e-01 4.838585e+01 3.534069e+01
3.320312e-01 4.809023e+01 3.471275e+01
3.339844e-01 4.781649e+01 3.411266e+01
3.359375e-01 4.756422e+01 3.353926e+01
3.378906e-01 4.733299e+01 3.299148e+01
3.398438e-01 4.712236e+01 3.246823e+01
3.417969e-01 4.693187e+01 3.196847e+01
3.437500e-01 4.676105e+01 3.149118e+01
3.457031e-01 4.660939e+01 3.103537e+01
3.476562e-01 4.647642e+01 3.060009e+01
3.496094e-01 4.636160e+01 3.018439e+01
3.515625e-01 4.626443e+01 2.978738e+01
3.535156e-01 4.618437e+01 2.940817e+01
3.554688e-01 4.612089e+01 2.904591e+01
3.574219e-01 4.607345e+01 2.869978e+01
3.593750e-01 4.604149e+01 2.836898e+01
3.613281e-01 4.602448e+01 2.805275e+01
3.632812e-01 4.602185e+01 2.775034e+01
3.652344e-01 4.603306e+01 2.746102e+01
3.671875e-01 4.605754e+01 2.718411e+01
3.691406e-01 4.609475e+01 2.691894e+01
3.710938e-01 4.614413e+01 2.666486e+01
3.730469e-01 4.620514e+01 2.642126e+01
3.750000e-01 4.627721e+01 2.618755e+01
3.769531e-01 4.635982e+01 2.596314e+01
3.789062e-01 4.645241e+01 2.574748e+01
3.808594e-01 4.655444e+01 2.554006e+01
3.828125e-01 4.666540e+01 2.534037e+01
3.847656e-01 4.678475e+01 2.514791e+01
3.867188e-01 4.691198e+01 2.496223e+01
3.886719e-01 4.704657e+01 2.478289e+01
3.906250e-01 4.718802e+01 2.460944e+01
3.925781e-01 4.733583e+01 2.444151e+01
3.945312e-01 4.748952e+01 2.427868e+01
3.964844e-01 4.764860e+01 2.412060e+01
3.984375e-01 4.781261e+01 2.396691e+01
4.003906e-01 4.798107e+01 2.381729e+01
4.023438e-01 4.815355e+01 2.367140e+01
4.042969e-01 4.832960e+01 2.352895e+01
4.062500e-01 4.850878e+01 2.338965e+01
4.082031e-01 4.869068e+01 2.325323e+01
4.101562e-01 4.887488e+01 2.311943e+01
4.106445e-01 4.892124e+01 2.308636e+01
4.111328e-01 4.896771e+01 2.305344e+01
4.116211e-01 4.901429e+01 2.302065e+01
4.121094e-01 4.906098e+01 2.298801e+01
4.125977e-01 4.910775e+01 2.295550e+01
4.130859e-01 4.915461e+01 2.292311e+01
4.135742e-01 4.920156e+01 2.289086e+01
4.140625e-01 4.924858e+01 2.285873e+01
4.145508e-01 4.929567e+01 2.282672e+01
4.150391e-01 4.934283e+01 2.279482e+01
4.151611e-01 4.935463e+01 2.278687e+01
4.152832e-01 4.936643e+01 2.277892e+01
4.154053e-01 4.937824e+01 2.277098e+01
4.155273e-01 4.939005e+01 2.276304e+01
4.156494e-01 4.940186e+01 2.275512e+01
4.157715e-01 4.941367e+01 2.274720e+01
4.158936e-01 4.942549e+01 2.273928e+01
4.160156e-01 4.943731e+01 2.273138e+01
4.161377e-01 4.944914e+01 2.272348e+01
4.162598e-01 4.946097e+01 2.271558e+01
4.163818e-01 4.947280e+01 2.270769e+01
4.165039e-01 4.948463e+01 2.269981e+01
4.166260e-01 4.949647e+01 2.269194e+01
4.167480e-01 4.950830e+01 2.268407e+01
4.168701e-01 4.952015e+01 2.267621e+01
4.169922e-01 4.953199e+01 2.266836e+01
4.171143e-01 4.954384e+01 2.266051e+01
4.172363e-01 4.955568e+01 2.265267e+01
4.173584e-01 4.956753e+01 2.264483e+01
4.174805e-01 4.957939e+01 2.263700e+01
4.177246e-01 4.960310e+01 2.262136e+01
4.179688e-01 4.962681e+01 2.260575e+01
4.182129e-01 4.965054e+01 2.259016e+01
4.184570e-01 4.967427e+01 2.257459e+01
4.187012e-01 4.969800e+01 2.255904e+01
4.189453e-01 4.972174e+01 2.254352e+01
4.191895e-01 4.974548e+01 2.252802e+01
4.194336e-01 4.976923e+01 2.251255e+01
4.196777e-01 4.979297e+01 2.249709e+01
4.199219e-01 4.981672e+01 2.248166e+01
4.208984e-01 4.991172e+01 2.242013e+01
4.218750e-01 5.000669e+01 2.235891e+01
4.228516e-01 5.010158e+01 2.229799e+01
4.238281e-01 5.019637e+01 2.223734e+01
4.248047e-01 5.029101e+01 2.217695e+01
4.257812e-01 5.038545e+01 2.211680e+01
4.267578e-01 5.047966e+01 2.205686e+01
4.277344e-01 5.057361e+01 2.199712e+01
4.287109e-01 5.066724e+01 2.193756e+01
4.296875e-01 5.076054e+01 2.187817e+01
4.335938e-01 5.112957e+01 2.164194e+01
4.375000e-01 5.149034e+01 2.140720e+01
4.414062e-01 5.184079e+01 2.117312e+01
4.453125e-01 5.217905e+01 2.093903e+01
4.492188e-01 5.250342e+01 2.070437e+01
4.531250e-01 5.281233e+01 2.046866e+01
4.570312e-01 5.310439e+01 2.023153e+01
4.609375e-01 5.337835e+01 1.999269e+01
4.648438e-01 5.363311e+01 1.975191e+01
4.687500e-01 5.386771e+01 1.950905e+01
4.707031e-01 5.397719e+01 1.938680e+01
4.726562e-01 5.408132e+01 1.926401e+01
4.746094e-01 5.418002e+01 1.914065e+01
4.765625e-01 5.427323e+01 1.901674e+01
4.785156e-01 5.436086e+01 1.889227e+01
4.804688e-01 5.444286e+01 1.876726e+01
4.824219e-01 5.451917e+01 1.864169e+01
4.843750e-01 5.458974e+01 1.851560e+01
4.863281e-01 5.465454e+01 1.838898e+01
4.882812e-01 5.471352e+01 1.826185e+01
4.902344e-01 5.476666e+01 1.813422e+01
4.921875e-01 5.481394e+01 1.800611e+01
4.941406e-01 5.485533e+01 1.787754e+01
4.960938e-01 5.489083e+01 1.774853e+01
4.980469e-01 5.492043e+01 1.761910e+01
5.000000e-01 5.494414e+01 1.748926e+01
5.019531e-01 5.496194e+01 1.735905e+01
5.039062e-01 5.497386e+01 1.722848e+01
5.058594e-01 5.497991e+01 1.709758e+01
5.078125e-01 5.498011e+01 1.696637e+01
5.097656e-01 5.497447e+01 1.683488e+01
5.117188e-01 5.496303e+01 1.670314e+01
5.136719e-01 5.494582e+01 1.657117e+01
5.156250e-01 5.492288e+01 1.643900e+01
5.175781e-01 5.489423e+01 1.630666e+01
5.195312e-01 5.485993e+01 1.617417e+01
5.214844e-01 5.482002e+01 1.604156e+01
5.234375e-01 5.477455e+01 1.590887e+01
5.253906e-01 5.472356e+01 1.577611e+01
5.273438e-01 5.466712e+01 1.564331e+01
5.292969e-01 5.460529e+01 1.551051e+01
5.312500e-01 5.453812e+01 1.537774e+01
5.332031e-01 5.446567e+01 1.524501e+01
5.351562e-01 5.438801e+01 1.511235e+01
5.371094e-01 5.430522e+01 1.497981e+01
5.390625e-01 5.421734e+01 1.484739e+01
5.410156e-01 5.412447e+01 1.471513e+01
5.429688e-01 5.402667e+01 1.458306e+01
5.449219e-01 5.392402e+01 1.445120e+01
5.468750e-01 5.381659e+01 1.431958e+01
5.507812e-01 5.358770e+01 1.405714e+01
5.546875e-01 5.334066e+01 1.379596e+01
5.585938e-01 5.307612e+01 1.353621e+01
5.625000e-01 5.279475e+01 1.327810e+01
5.664062e-01 5.249723e+01 1.302178e+01
5.703125e-01 5.218425e+01 1.276744e+01
5.742188e-01 5.185653e+01 1.251523e+01
5.781250e-01 5.151475e+01 1.226530e+01
5.820312e-01 5.115963e+01 1.201780e+01
5.859375e-01 5.079187e+01 1.177285e+01
5.898438e-01 5.041217e+01 1.153059e+01
5.937500e-01 5.002123e+01 1.129113e+01
5.976562e-01 4.961975e+01 1.105457e+01
6.015625e-01 4.920840e+01 1.082101e+01
6.054688e-01 4.878787e+01 1.059055e+01
6.093750e-01 4.835882e+01 1.036326e+01
6.132812e-01 4.792191e+01 1.013923e+01
6.171875e-01 4.747778e+01 9.918507e+00
6.210938e-01 4.702706e+01 9.701160e+00
6.250000e-01 4.657037e+01 9.487238e+00
6.328125e-01 4.564145e+01 9.069837e+00
6.406250e-01 4.469564e+01 8.666576e+00
6.484375e-01 4.373732e+01 8.277630e+00
6.562500e-01 4.277056e+01 7.903082e+00
6.640625e-01 4.179921e+01 7.542934e+00
6.718750e-01 4.082679e+01 7.197115e+00
6.796875e-01 3.985658e+01 6.865490e+00
6.875000e-01 3.889155e+01 6.547869e+00
6.953125e-01 3.793443e+01 6.244011e+00
7.031250e-01 3.698768e+01 5.953634e+00
7.070312e-01 3.651889e+01 5.813404e+00
7.109375e-01 3.605350e+01 5.676423e+00
7.148438e-01 3.559175e+01 5.542648e+00
7.187500e-01 3.513387e+01 5.412032e+00
7.226562e-01 3.468005e+01 5.284530e+00
7.265625e-01 3.423050e+01 5.160092e+00
7.304688e-01 3.378541e+01 5.038671e+00
7.343750e-01 3.334493e+01 4.920216e+00
7.382812e-01 3.290923e+01 4.804676e+00
7.421875e-01 3.247845e+01 4.692001e+00
7.460938e-01 3.205272e+01 4.582139e+00
7.500000e-01 3.163217e+01 4.475037e+00
7.539062e-01 3.121691e+01 4.370643e+00
7.578125e-01 3.080703e+01 4.268904e+00
7.617188e-01 3.040262e+01 4.169768e+00
7.656250e-01 3.000378e+01 4.073182e+00
7.695312e-01 2.961055e+01 3.979093e+00
7.734375e-01 2.922301e+01 3.887449e+00
7.773438e-01 2.884121e+01 3.798196e+00
7.812500e-01 2.846519e+01 3.711283e+00
7.851562e-01 2.809498e+01 3.626659e+00
7.890625e-01 2.773062e+01 3.544271e+00
7.929688e-01 2.737212e+01 3.464069e+00
7.968750e-01 2.701951e+01 3.386001e+00
8.007812e-01 2.667277e+01 3.310019e+00
8.046875e-01 2.633193e+01 3.236072e+00
8.085938e-01 2.599696e+01 3.164112e+00
8.125000e-01 2.566786e+01 3.094090e+00
8.164062e-01 2.534461e+01 3.025959e+00
8.203125e-01 2.502719e+01 2.959672e+00
8.212891e-01 2.494874e+01 2.943383e+00
8.222656e-01 2.487066e+01 2.927205e+00
8.232422e-01 2.479294e+01 2.911138e+00
8.242188e-01 2.471557e+01 2.895182e+00
8.251953e-01 2.463857e+01 2.879335e+00
8.261719e-01 2.456193e+01 2.863597e+00
8.271484e-01 2.448565e+01 2.847967e+00
8.281250e-01 2.440973e+01 2.832444e+00
8.291016e-01 2.433417e+01 2.817028e+00
8.300781e-01 2.425896e+01 2.801718e+00
8.305664e-01 2.422149e+01 2.794102e+00
8.310547e-01 2.418411e+01 2.786513e+00
8.315430e-01 2.414682e+01 2.778950e+00
8.320312e-01 2.410962e+01 2.771413e+00
8.325195e-01 2.407251e+01 2.763902e+00
8.330078e-01 2.403549e+01 2.756417e+00
8.334961e-01 2.399855e+01 2.748957e+00
8.339844e-01 2.396171e+01 2.741524e+00
8.344727e-01 2.392495e+01 2.734116e+00
8.349609e-01 2.388828e+01 2.726733e+00
8.354492e-01 2.385170e+01 2.719376e+00
8.359375e-01 2.381521e+01 2.712045e+00
8.364258e-01 2.377880e+01 2.704739e+00
8.369141e-01 2.374249e+01 2.697458e+00
8.374023e-01 2.370626e+01 2.690202e+00
8.378906e-01 2.367012e+01 2.682971e+00
8.383789e-01 2.363407e+01 2.675765e+00
8.388672e-01 2.359811e+01 2.668584e+00
8.393555e-01 2.356223e+01 2.661428e+00
8.398438e-01 2.352644e+01 2.654296e+00
8.417969e-01 2.338417e+01 2.626016e+00
8.437500e-01 2.324328e+01 2.598125e+00
8.457031e-01 2.310379e+01 2.570618e+00
8.476562e-01 2.296568e+01 2.543489e+00
8.496094e-01 2.282894e+01 2.516734e+00
8.515625e-01 2.269357e+01 2.490347e+00
8.535156e-01 2.255956e+01 2.464324e+00
8.554688e-01 2.242691e+01 2.438660e+00
8.574219e-01 2.229560e+01 2.413349e+00
8.593750e-01 2.216563e+01 2.388387e+00
8.671875e-01 2.165896e+01 2.291932e+00
8.750000e-01 2.117305e+01 2.200683e+00
8.828125e-01 2.070735e+01 2.114354e+00
8.906250e-01 2.026126e+01 2.032670e+00
8.984375e-01 1.983420e+01 1.955370e+00
9.062500e-01 1.942554e+01 1.882206e+00
9.140625e-01 1.903466e+01 1.812940e+00
9.218750e-01 1.866091e+01 1.747346e+00
9.296875e-01 1.830367e+01 1.685211e+00
9.375000e-01 1.796228e+01 1.626331e+00
9.453125e-01 1.763610e+01 1.570514e+00
9.531250e-01 1.732450e+01 1.517578e+00
9.609375e-01 1.702685e+01 1.467351e+00
9.687500e-01 1.674252e+01 1.419670e+00
9.765625e-01 1.647090e+01 1.374382e+00
9.843750e-01 1.621138e+01 1.331340e+00
9.921875e-01 1.596339e+01 1.290410e+00
1.000000e+00 1.572634e+01 1.251462e+00
1.007812e+00 1.549967e+01 1.214376e+00
1.015625e+00 1.528284e+01 1.179037e+00
1.019531e+00 1.517795e+01 1.161989e+00
1.023438e+00 1.507532e+01 1.145339e+00
1.027344e+00 1.497489e+01 1.129073e+00
1.031250e+00 1.487659e+01 1.113181e+00
1.035156e+00 1.478037e+01 1.097650e+00
1.039062e+00 1.468617e+01 1.082469e+00
1.042969e+00 1.459392e+01 1.067627e+00
1.046875e+00 1.450357e+01 1.053114e+00
1.050781e+00 1.441506e+01 1.038919e+00
1.054688e+00 1.432833e+01 1.025034e+00
1.058594e+00 1.424333e+01 1.011447e+00
1.062500e+00 1.416001e+01 9.981502e-01
1.066406e+00 1.407832e+01 9.851344e-01
1.070312e+00 1.399819e+01 9.723908e-01
1.074219e+00 1.391959e+01 9.599112e-01
1.078125e+00 1.384246e+01 9.476873e-01
1.082031e+00 1.376675e+01 9.357115e-01
1.085938e+00 1.369242e+01 9.239760e-01
1.089844e+00 1.361942e+01 9.124736e-01
1.093750e+00 1.354771e+01 9.011972e-01
1.109375e+00 1.327285e+01 8.582182e-01
1.125000e+00 1.301524e+01 8.183468e-01
1.140625e+00 1.277249e+01 7.812317e-01
1.156250e+00 1.254244e+01 7.465665e-01
1.171875e+00 1.232317e+01 7.140851e-01
1.187500e+00 1.211299e+01 6.835562e-01
1.203125e+00 1.191039e+01 6.547789e-01
1.218750e+00 1.171406e+01 6.275790e-01
1.234375e+00 1.152285e+01 6.018052e-01
1.250000e+00 1.133577e+01 5.773263e-01
1.265625e+00 1.115199e+01 5.540288e-01
1.281250e+00 1.097078e+01 5.318139e-01
1.296875e+00 1.079154e+01 5.105959e-01
1.312500e+00 1.061379e+01 4.903000e-01
1.328125e+00 1.043711e+01 4.708610e-01
1.343750e+00 1.026121e+01 4.522220e-01
1.359375e+00 1.008583e+01 4.343332e-01
1.375000e+00 9.910788e+00 4.171506e-01
1.390625e+00 9.735972e+00 4.006355e-01
1.406250e+00 9.561305e+00 3.847532e-01
1.414062e+00 9.474017e+00 3.770397e-01
1.421875e+00 9.386757e+00 3.694731e-01
1.429688e+00 9.299527e+00 3.620502e-01
1.437500e+00 9.212330e+00 3.547676e-01
1.445312e+00 9.125173e+00 3.476224e-01
1.453125e+00 9.038061e+00 3.406116e-01
1.460938e+00 8.951003e+00 3.337325e-01
1.468750e+00 8.864008e+00 3.269825e-01
1.476562e+00 8.777086e+00 3.203589e-01
1.484375e+00 8.690251e+00 3.138594e-01
1.492188e+00 8.603514e+00 3.074816e-01
1.500000e+00 8.516888e+00 3.012233e-01
1.507812e+00 8.430387e+00 2.950822e-01
1.515625e+00 8.344027e+00 2.890562e-01
1.523438e+00 8.257823e+00 2.831434e-01
1.531250e+00 8.171790e+00 2.773417e-01
1.539062e+00 8.085943e+00 2.716491e-01
1.546875e+00 8.000301e+00 2.660639e-01
1.554688e+00 7.914878e+00 2.605842e-01
1.562500e+00 7.829692e+00 2.552083e-01
1.570312e+00 7.744760e+00 2.499343e-01
1.578125e+00 7.660097e+00 2.447607e-01
1.585938e+00 7.575722e+00 2.396856e-01
1.593750e+00 7.491650e+00 2.347076e-01
1.601562e+00 7.407898e+00 2.298251e-01
1.609375e+00 7.324483e+00 2.250363e-01
1.617188e+00 7.241421e+00 2.203399e-01
1.625000e+00 7.158728e+00 2.157343e-01
1.632812e+00 7.076420e+00 2.112181e-01
1.640625e+00 6.994511e+00 2.067897e-01
1.644531e+00 6.953712e+00 2.046080e-01
1.648438e+00 6.913019e+00 2.024477e-01
1.652344e+00 6.872433e+00 2.003087e-01
1.656250e+00 6.831956e+00 1.981908e-01
1.660156e+00 6.791591e+00 1.960937e-01
1.664062e+00 6.751338e+00 1.940174e-01
1.667969e+00 6.711200e+00 1.919617e-01
1.671875e+00 6.671179e+00 1.899263e-01
1.675781e+00 6.631276e+00 1.879112e-01
1.679688e+00 6.591493e+00 1.859161e-01
1.683594e+00 6.551832e+00 1.839409e-01
1.687500e+00 6.512293e+00 1.819854e-01
1.691406e+00 6.472880e+00 1.800495e-01
1.695312e+00 6.433593e+00 1.781329e-01
1.699219e+00 6.394434e+00 1.762356e-01
1.703125e+00 6.355404e+00 1.743574e-01
1.707031e+00 6.316506e+00 1.724980e-01
1.710938e+00 6.277740e+00 1.706574e-01
1.714844e+00 6.239108e+00 1.688354e-01
1.718750e+00 6.200612e+00 1.670318e-01
1.734375e+00 6.048007e+00 1.599987e-01
1.750000e+00 5.897675e+00 1.532480e-01
1.765625e+00 5.749693e+00 1.467702e-01
1.781250e+00 5.604134e+00 1.405558e-01
1.796875e+00 5.461060e+00 1.345958e-01
1.812500e+00 5.320528e+00 1.288810e-01
1.828125e+00 5.182588e+00 1.234028e-01
1.843750e+00 5.047283e+00 1.181527e-01
1.859375e+00 4.914649e+00 1.131224e-01
1.875000e+00 4.784717e+00 1.083038e-01
1.890625e+00 4.657510e+00 1.036891e-01
1.906250e+00 4.533048e+00 9.927062e-02
1.921875e+00 4.411342e+00 9.504091e-02
1.937500e+00 4.292400e+00 9.099277e-02
1.953125e+00 4.176225e+00 8.711920e-02
1.968750e+00 4.062813e+00 8.341340e-02
1.984375e+00 3.952158e+00 7.986877e-02
2.000000e+00 3.844250e+00 7.647892e-02
2.015625e+00 3.739072e+00 7.323767e-02
2.031250e+00 3.636607e+00 7.013902e-02
2.046875e+00 3.536832e+00 6.717720e-02
2.062500e+00 3.439722e+00 6.434659e-02
2.078125e+00 3.345249e+00 6.164179e-02
2.093750e+00 3.253383e+00 5.905758e-02
2.109375e+00 3.164089e+00 5.658890e-02
2.125000e+00 3.077334e+00 5.423091e-02
2.140625e+00 2.993079e+00 5.197891e-02
2.156250e+00 2.911286e+00 4.982839e-02
2.171875e+00 2.831914e+00 4.777499e-02
2.187500e+00 2.754921e+00 4.581453e-02
2.203125e+00 2.680264e+00 4.394297e-02
2.218750e+00 2.607898e+00 4.215644e-02
2.234375e+00 2.537778e+00 4.045122e-02
2.250000e+00 2.469858e+00 3.882372e-02
2.265625e+00 2.404092e+00 3.727050e-02
2.281250e+00 2.340433e+00 3.578825e-02
2.296875e+00 2.278833e+00 3.437382e-02
2.312500e+00 2.219244e+00 3.302415e-02
2.328125e+00 2.161619e+00 3.173633e-02
2.343750e+00 2.105911e+00 3.050756e-02
2.359375e+00 2.052070e+00 2.933516e-02
2.375000e+00 2.000051e+00 2.821655e-02
2.390625e+00 1.949804e+00 2.714927e-02
2.406250e+00 1.901284e+00 2.613097e-02
2.421875e+00 1.854443e+00 2.515940e-02
2.437500e+00 1.809235e+00 2.423237e-02
2.453125e+00 1.765615e+00 2.334785e-02
2.468750e+00 1.723537e+00 2.250383e-02
2.484375e+00 1.682955e+00 2.169844e-02
2.500000e+00 1.643827e+00 2.092986e-02
2.531250e+00 1.569757e+00 1.949631e-02
2.562500e+00 1.500987e+00 1.819027e-02
2.593750e+00 1.437189e+00 1.699996e-02
2.625000e+00 1.378048e+00 1.591461e-02
2.656250e+00 1.323261e+00 1.492443e-02
2.687500e+00 1.272540e+00 1.402053e-02
2.718750e+00 1.225607e+00 1.319480e-02
2.750000e+00 1.182201e+00 1.243988e-02
2.781250e+00 1.142072e+00 1.174907e-02
2.812500e+00 1.104984e+00 1.111632e-02
2.843750e+00 1.070712e+00 1.053610e-02
2.875000e+00 1.039046e+00 1.000344e-02
2.906250e+00 1.009788e+00 9.513805e-03
2.937500e+00 9.827485e-01 9.063100e-03
2.968750e+00 9.577534e-01 8.647620e-03
3.000000e+00 9.346373e-01 8.264008e-03
3.031250e+00 9.132460e-01 7.909234e-03
3.062500e+00 8.934352e-01 7.580555e-03
3.093750e+00 8.750701e-01 7.275495e-03
3.125000e+00 8.580252e-01 6.991818e-03
3.140625e+00 8.499610e-01 6.857360e-03
3.156250e+00 8.421836e-01 6.727506e-03
3.171875e+00 8.346797e-01 6.602035e-03
3.187500e+00 8.274365e-01 6.480737e-03
3.203125e+00 8.204415e-01 6.363411e-03
3.218750e+00 8.136830e-01 6.249868e-03
3.234375e+00 8.071493e-01 6.139928e-03
3.250000e+00 8.008295e-01 6.033419e-03
3.265625e+00 7.947129e-01 5.930179e-03
3.281250e+00 7.887894e-01 5.830054e-03
3.296875e+00 7.830490e-01 5.732897e-03
3.312500e+00 7.774824e-01 5.638570e-03
3.328125e+00 7.720805e-01 5.546940e-03
3.343750e+00 7.668347e-01 5.457884e-03
3.359375e+00 7.617366e-01 5.371282e-03
3.375000e+00 7.567781e-01 5.287023e-03
3.390625e+00 7.519517e-01 5.204998e-03
3.406250e+00 7.472498e-01 5.125107e-03
3.421875e+00 7.426656e-01 5.047254e-03
3.437500e+00 7.381921e-01 4.971348e-03
3.468750e+00 7.295522e-01 4.825035e-03
3.500000e+00 7.212814e-01 4.685531e-03
3.531250e+00 7.133357e-01 4.552261e-03
3.562500e+00 7.056745e-01 4.424710e-03
3.593750e+00 6.982611e-01 4.302415e-03
3.625000e+00 6.910620e-01 4.184958e-03
3.656250e+00 6.840470e-01 4.071967e-03
3.687500e+00 6.771885e-01 3.963106e-03
3.718750e+00 6.704621e-01 3.858073e-03
3.750000e+00 6.638454e-01 3.756596e-03
3.812500e+00 6.508639e-01 3.563367e-03
3.875000e+00 6.381099e-01 3.381755e-03
3.937500e+00 6.254785e-01 3.210417e-03
4.000000e+00 6.128899e-01 3.048264e-03
4.062500e+00 6.002849e-01 2.894415e-03
4.125000e+00 5.876220e-01 2.748149e-03
4.187500e+00 5.748745e-01 2.608876e-03
4.250000e+00 5.620272e-01 2.476108e-03
4.312500e+00 5.490753e-01 2.349437e-03
4.375000e+00 5.360215e-01 2.228518e-03
4.437500e+00 5.228747e-01 2.113056e-03
4.500000e+00 5.096489e-01 2.002794e-03
4.562500e+00 4.963617e-01 1.897504e-03
4.625000e+00 4.830331e-01 1.796981e-03
4.687500e+00 4.696853e-01 1.701040e-03
4.750000e+00 4.563412e-01 1.609506e-03
4.812500e+00 4.430245e-01 1.522216e-03
4.875000e+00 4.297588e-01 1.439016e-03
4.937500e+00 4.165675e-01 1.359757e-03
5.000000e+00 4.034730e-01 1.284295e-03
5.125000e+00 3.776603e-01 1.144205e-03
5.250000e+00 3.524796e-01 1.017667e-03
5.375000e+00 3.280686e-01 9.036449e-04
5.500000e+00 3.045415e-01 8.011451e-04
5.625000e+00 2.819892e-01 7.092145e-04
5.750000e+00 2.604803e-01 6.269449e-04
5.875000e+00 2.400623e-01 5.534755e-04
6.000000e+00 2.207640e-01 4.879955e-04
6.125000e+00 2.025973e-01 4.297458e-04
6.250000e+00 1.855601e-01 3.780200e-04
6.312500e+00 1.774609e-01 3.543970e-04
6.375000e+00 1.696378e-01 3.321639e-04
6.437500e+00 1.620874e-01 3.112468e-04
6.500000e+00 1.548059e-01 2.915754e-04
6.562500e+00 1.477888e-01 2.730820e-04
6.625000e+00 1.410316e-01 2.557024e-04
6.687500e+00 1.345291e-01 2.393750e-04
6.750000e+00 1.282760e-01 2.240412e-04
6.812500e+00 1.222665e-01 2.096451e-04
6.875000e+00 1.164950e-01 1.961336e-04
6.937500e+00 1.109553e-01 1.834561e-04
7.000000e+00 1.056413e-01 1.715647e-04
7.062500e+00 1.005468e-01 1.604137e-04
7.125000e+00 9.566547e-02 1.499601e-04
7.187500e+00 9.099089e-02 1.401627e-04
7.250000e+00 8.651669e-02 1.309827e-04
7.312500e+00 8.223647e-02 1.223835e-04
7.375000e+00 7.814386e-02 1.143302e-04
7.437500e+00 7.423252e-02 1.067899e-04
7.500000e+00 7.049617e-02 9.973169e-05
7.750000e+00 5.717810e-02 7.575590e-05
8.000000e+00 4.618185e-02 5.742242e-05
8.250000e+00 3.715796e-02 4.344443e-05
8.500000e+00 2.979322e-02 3.281479e-05
8.750000e+00 2.381223e-02 2.474994e-05
9.000000e+00 1.897668e-02 1.864341e-05
9.250000e+00 1.508298e-02 1.402794e-05
9.500000e+00 1.195916e-02 1.054492e-05
9.750000e+00 9.461299e-03 7.920118e-06
1.000000e+01 7.470009e-03 5.944445e-06
1.025000e+01 5.886907e-03 4.458919e-06
1.050000e+01 4.631471e-03 3.342954e-06
1.075000e+01 3.638127e-03 2.505250e-06
1.100000e+01 2.853792e-03 1.876839e-06
1.125000e+01 2.235661e-03 1.405695e-06
1.150000e+01 1.749354e-03 1.052621e-06
1.175000e+01 1.367355e-03 7.881263e-07
1.200000e+01 1.067718e-03 5.900438e-07
1.225000e+01 8.329888e-04 4.417302e-07
1.250000e+01 6.493261e-04 3.306991e-07
1.275000e+01 5.057785e-04 2.475883e-07
1.300000e+01 3.936972e-04 1.853812e-07
1.325000e+01 3.062618e-04 1.388197e-07
1.350000e+01 2.381078e-04 1.039672e-07
1.375000e+01 1.850235e-04 7.787745e-08
1.400000e+01 1.437057e-04 5.834561e-08
1.425000e+01 1.115663e-04 4.372134e-08
1.450000e+01 8.658016e-05 3.276970e-08
1.475000e+01 6.716558e-05 2.456704e-08
1.500000e+01 5.208738e-05 1.842214e-08
1.550000e+01 3.129822e-05 1.036684e-08
1.600000e+01 1.878791e-05 5.840213e-09
1.650000e+01 1.126867e-05 3.293781e-09
1.700000e+01 6.753805e-06 1.859691e-09
1.750000e+01 4.045797e-06 1.051279e-09
1.800000e+01 2.422514e-06 5.949924e-10
1.850000e+01 1.449668e-06 3.370661e-10
1.900000e+01 8.673851e-07 1.912031e-10
1.950000e+01 5.190163e-07 1.086180e-10
2.000000e+01 3.103060e-07 6.173341e-11
2.100000e+01 1.108407e-07 2.000095e-11
2.200000e+01 3.973410e-08 6.532933e-12
2.300000e+01 1.425993e-08 2.145121e-12
2.400000e+01 5.047590e-09 6.973515e-13
2.500000e+01 1.906174e-09 2.427016e-13
2.600000e+01 7.979901e-10 9.393792e-14
2.700000e+01 2.627304e-10 2.867959e-14
2.800000e+01 1.618795e-10 1.643108e-14
2.900000e+01 1.818745e-10 1.720940e-14
3.000000e+01 1.033038e-10 9.134065e-15
3.100000e+01 9.802694e-11 8.117311e-15
3.200000e+01 9.674536e-11 7.518312e-15
3.300000e+01 9.469944e-11 6.920057e-15
3.400000e+01 8.866421e-11 6.103524e-15
3.500000e+01 7.687047e-11 4.993598e-15
3.600000e+01 5.951508e-11 3.654367e-15
3.700000e+01 3.898404e-11 2.266071e-15
3.800000e+01 1.935356e-11 1.066556e-15
3.900000e+01 5.176118e-12 2.708103e-16
4.000000e+01 0.000000e+00 0.000000e+00
