# 
# Output from RAtom program.
# 
# Total radial electron density.
# The first column contains radius $r$ in bohr units.
# The second column holds $\rho(r)$.
# The third column holds $\tilde{\rho}(r) = \rho(r) / (\pi * r * r)$
# 
# Use this file with gnuplot to create the plot.
# 
# R     Rho     RhoTilde
#
0.000000e+00 0.000000e+00 5.939712e+04
3.662109e-04 9.692647e-02 5.751352e+04
7.324219e-04 3.754120e-01 5.568980e+04
1.098633e-03 8.178955e-01 5.392409e+04
1.464844e-03 1.407940e+00 5.221455e+04
1.831055e-03 2.130172e+00 5.055943e+04
2.197266e-03 2.970229e+00 4.895701e+04
2.563477e-03 3.914701e+00 4.740565e+04
2.929688e-03 4.951085e+00 4.590372e+04
3.295898e-03 6.067730e+00 4.444969e+04
3.662109e-03 7.253795e+00 4.304203e+04
4.028320e-03 8.499204e+00 4.167930e+04
4.394531e-03 9.794604e+00 4.036007e+04
4.760742e-03 1.113132e+01 3.908298e+04
5.126953e-03 1.250134e+01 3.784669e+04
5.493164e-03 1.389722e+01 3.664992e+04
5.859375e-03 1.531214e+01 3.549142e+04
6.225586e-03 1.673977e+01 3.436998e+04
6.591797e-03 1.817434e+01 3.328443e+04
6.958008e-03 1.961052e+01 3.223365e+04
7.324219e-03 2.104345e+01 3.121652e+04
7.690430e-03 2.246869e+01 3.023199e+04
8.056641e-03 2.388220e+01 2.927902e+04
8.422852e-03 2.528032e+01 2.835661e+04
8.789062e-03 2.665973e+01 2.746381e+04
9.155273e-03 2.801745e+01 2.659966e+04
9.521484e-03 2.935082e+01 2.576327e+04
9.887695e-03 3.065744e+01 2.495375e+04
1.025391e-02 3.193521e+01 2.417026e+04
1.062012e-02 3.318228e+01 2.341195e+04
1.098633e-02 3.439701e+01 2.267805e+04
1.135254e-02 3.557803e+01 2.196777e+04
1.171875e-02 3.672413e+01 2.128036e+04
1.208496e-02 3.783431e+01 2.061510e+04
1.245117e-02 3.890777e+01 1.997128e+04
1.281738e-02 3.994384e+01 1.934823e+04
1.318359e-02 4.094202e+01 1.874527e+04
1.354980e-02 4.190197e+01 1.816178e+04
1.391602e-02 4.282345e+01 1.759714e+04
1.428223e-02 4.370638e+01 1.705073e+04
1.464844e-02 4.455074e+01 1.652200e+04
1.501465e-02 4.535668e+01 1.601036e+04
1.538086e-02 4.612438e+01 1.551527e+04
1.574707e-02 4.685415e+01 1.503622e+04
1.611328e-02 4.754637e+01 1.457268e+04
1.647949e-02 4.820149e+01 1.412417e+04
1.684570e-02 4.882002e+01 1.369020e+04
1.721191e-02 4.940253e+01 1.327031e+04
1.757812e-02 4.994966e+01 1.286404e+04
1.794434e-02 5.046207e+01 1.247098e+04
1.831055e-02 5.094050e+01 1.209068e+04
1.867676e-02 5.138569e+01 1.172275e+04
1.904297e-02 5.179843e+01 1.136678e+04
1.940918e-02 5.217956e+01 1.102240e+04
1.977539e-02 5.252990e+01 1.068923e+04
2.014160e-02 5.285033e+01 1.036692e+04
2.050781e-02 5.314172e+01 1.005512e+04
2.087402e-02 5.340499e+01 9.753480e+03
2.124023e-02 5.364103e+01 9.461688e+03
2.160645e-02 5.385076e+01 9.179423e+03
2.197266e-02 5.403512e+01 8.906378e+03
2.233887e-02 5.419502e+01 8.642259e+03
2.270508e-02 5.433141e+01 8.386777e+03
2.307129e-02 5.444519e+01 8.139654e+03
2.343750e-02 5.453731e+01 7.900622e+03
2.380371e-02 5.460868e+01 7.669420e+03
2.416992e-02 5.466022e+01 7.445795e+03
2.453613e-02 5.469284e+01 7.229502e+03
2.490234e-02 5.470743e+01 7.020305e+03
2.526855e-02 5.470488e+01 6.817975e+03
2.563477e-02 5.468608e+01 6.622290e+03
2.600098e-02 5.465187e+01 6.433034e+03
2.636719e-02 5.460312e+01 6.250000e+03
2.673340e-02 5.454067e+01 6.072985e+03
2.709961e-02 5.446532e+01 5.901795e+03
2.746582e-02 5.437789e+01 5.736241e+03
2.783203e-02 5.427918e+01 5.576139e+03
2.819824e-02 5.416994e+01 5.421312e+03
2.856445e-02 5.405094e+01 5.271589e+03
2.893066e-02 5.392291e+01 5.126803e+03
2.929688e-02 5.378657e+01 4.986794e+03
3.002930e-02 5.349177e+01 4.720487e+03
3.076172e-02 5.317191e+01 4.471479e+03
3.149414e-02 5.283209e+01 4.238658e+03
3.222656e-02 5.247707e+01 4.020979e+03
3.295898e-02 5.211135e+01 3.817463e+03
3.369141e-02 5.173909e+01 3.627193e+03
3.442383e-02 5.136418e+01 3.449310e+03
3.515625e-02 5.099020e+01 3.283007e+03
3.588867e-02 5.062046e+01 3.127530e+03
3.662109e-02 5.025798e+01 2.982171e+03
3.680420e-02 5.016882e+01 2.947333e+03
3.698730e-02 5.008033e+01 2.913077e+03
3.717041e-02 4.999255e+01 2.879391e+03
3.735352e-02 4.990551e+01 2.846267e+03
3.753662e-02 4.981926e+01 2.813695e+03
3.771973e-02 4.973383e+01 2.781666e+03
3.790283e-02 4.964925e+01 2.750170e+03
3.808594e-02 4.956556e+01 2.719198e+03
3.826904e-02 4.948280e+01 2.688742e+03
3.845215e-02 4.940099e+01 2.658793e+03
3.854370e-02 4.936045e+01 2.644006e+03
3.863525e-02 4.932017e+01 2.629343e+03
3.872681e-02 4.928014e+01 2.614801e+03
3.881836e-02 4.924037e+01 2.600382e+03
3.890991e-02 4.920086e+01 2.586082e+03
3.900146e-02 4.916162e+01 2.571902e+03
3.909302e-02 4.912265e+01 2.557841e+03
3.918457e-02 4.908395e+01 2.543897e+03
3.927612e-02 4.904552e+01 2.530069e+03
3.936768e-02 4.900738e+01 2.516356e+03
3.945923e-02 4.896952e+01 2.502758e+03
3.955078e-02 4.893195e+01 2.489273e+03
3.964233e-02 4.889467e+01 2.475901e+03
3.973389e-02 4.885768e+01 2.462640e+03
3.982544e-02 4.882099e+01 2.449489e+03
3.991699e-02 4.878459e+01 2.436448e+03
4.000854e-02 4.874850e+01 2.423516e+03
4.010010e-02 4.871272e+01 2.410691e+03
4.019165e-02 4.867724e+01 2.397974e+03
4.028320e-02 4.864207e+01 2.385362e+03
4.064941e-02 4.850459e+01 2.335954e+03
4.101562e-02 4.837230e+01 2.288170e+03
4.138184e-02 4.824538e+01 2.241952e+03
4.174805e-02 4.812398e+01 2.197249e+03
4.211426e-02 4.800823e+01 2.154009e+03
4.248047e-02 4.789826e+01 2.112182e+03
4.284668e-02 4.779419e+01 2.071719e+03
4.321289e-02 4.769612e+01 2.032575e+03
4.357910e-02 4.760415e+01 1.994704e+03
4.394531e-02 4.751835e+01 1.958062e+03
4.467773e-02 4.736557e+01 1.888298e+03
4.541016e-02 4.723826e+01 1.822964e+03
4.614258e-02 4.713673e+01 1.761757e+03
4.687500e-02 4.706119e+01 1.704396e+03
4.760742e-02 4.701168e+01 1.650618e+03
4.833984e-02 4.698817e+01 1.600177e+03
4.907227e-02 4.699048e+01 1.552844e+03
4.980469e-02 4.701836e+01 1.508402e+03
5.053711e-02 4.707145e+01 1.466651e+03
5.126953e-02 4.714932e+01 1.427404e+03
5.200195e-02 4.725146e+01 1.390484e+03
5.273438e-02 4.737728e+01 1.355728e+03
5.346680e-02 4.752616e+01 1.322984e+03
5.419922e-02 4.769738e+01 1.292107e+03
5.493164e-02 4.789021e+01 1.262966e+03
5.566406e-02 4.810386e+01 1.235436e+03
5.639648e-02 4.833750e+01 1.209401e+03
5.712891e-02 4.859027e+01 1.184753e+03
5.786133e-02 4.886129e+01 1.161391e+03
5.859375e-02 4.914966e+01 1.139221e+03
5.932617e-02 4.945443e+01 1.118157e+03
6.005859e-02 4.977468e+01 1.098116e+03
6.079102e-02 5.010946e+01 1.079024e+03
6.152344e-02 5.045780e+01 1.060809e+03
6.225586e-02 5.081874e+01 1.043407e+03
6.298828e-02 5.119133e+01 1.026756e+03
6.372070e-02 5.157461e+01 1.010799e+03
6.445312e-02 5.196761e+01 9.954855e+02
6.518555e-02 5.236940e+01 9.807654e+02
6.591797e-02 5.277904e+01 9.665938e+02
6.665039e-02 5.319560e+01 9.529289e+02
6.738281e-02 5.361818e+01 9.397318e+02
6.811523e-02 5.404587e+01 9.269667e+02
6.884766e-02 5.447780e+01 9.146003e+02
6.958008e-02 5.491310e+01 9.026020e+02
7.031250e-02 5.535094e+01 8.909433e+02
7.104492e-02 5.579050e+01 8.795981e+02
7.177734e-02 5.623097e+01 8.685423e+02
7.250977e-02 5.667159e+01 8.577536e+02
7.324219e-02 5.711159e+01 8.472114e+02
7.360840e-02 5.733114e+01 8.420269e+02
7.397461e-02 5.755026e+01 8.368971e+02
7.434082e-02 5.776887e+01 8.318199e+02
7.470703e-02 5.798688e+01 8.267933e+02
7.507324e-02 5.820421e+01 8.218153e+02
7.543945e-02 5.842078e+01 8.168841e+02
7.580566e-02 5.863650e+01 8.119979e+02
7.617188e-02 5.885130e+01 8.071550e+02
7.653809e-02 5.906510e+01 8.023538e+02
7.690430e-02 5.927783e+01 7.975927e+02
7.699585e-02 5.933083e+01 7.964086e+02
7.708740e-02 5.938376e+01 7.952268e+02
7.717896e-02 5.943662e+01 7.940474e+02
7.727051e-02 5.948940e+01 7.928703e+02
7.736206e-02 5.954210e+01 7.916956e+02
7.745361e-02 5.959473e+01 7.905232e+02
7.754517e-02 5.964728e+01 7.893530e+02
7.763672e-02 5.969974e+01 7.881852e+02
7.772827e-02 5.975213e+01 7.870195e+02
7.781982e-02 5.980444e+01 7.858561e+02
7.791138e-02 5.985666e+01 7.846949e+02
7.800293e-02 5.990880e+01 7.835359e+02
7.809448e-02 5.996085e+01 7.823790e+02
7.818604e-02 6.001281e+01 7.812243e+02
7.827759e-02 6.006469e+01 7.800717e+02
7.836914e-02 6.011648e+01 7.789212e+02
7.846069e-02 6.016818e+01 7.777727e+02
7.855225e-02 6.021978e+01 7.766263e+02
7.864380e-02 6.027130e+01 7.754820e+02
7.873535e-02 6.032272e+01 7.743397e+02
7.891846e-02 6.042529e+01 7.720611e+02
7.910156e-02 6.052747e+01 7.697905e+02
7.928467e-02 6.062926e+01 7.675275e+02
7.946777e-02 6.073065e+01 7.652722e+02
7.965088e-02 6.083163e+01 7.630244e+02
7.983398e-02 6.093219e+01 7.607839e+02
8.001709e-02 6.103234e+01 7.585507e+02
8.020020e-02 6.113205e+01 7.563246e+02
8.038330e-02 6.123132e+01 7.541055e+02
8.056641e-02 6.133015e+01 7.518933e+02
8.129883e-02 6.172087e+01 7.431109e+02
8.203125e-02 6.210390e+01 7.344300e+02
8.276367e-02 6.247882e+01 7.258443e+02
8.349609e-02 6.284523e+01 7.173484e+02
8.422852e-02 6.320274e+01 7.089372e+02
8.496094e-02 6.355102e+01 7.006063e+02
8.569336e-02 6.388973e+01 6.923518e+02
8.642578e-02 6.421857e+01 6.841701e+02
8.715820e-02 6.453725e+01 6.760582e+02
8.789062e-02 6.484553e+01 6.680132e+02
8.862305e-02 6.514316e+01 6.600329e+02
8.935547e-02 6.542993e+01 6.521152e+02
9.008789e-02 6.570565e+01 6.442582e+02
9.082031e-02 6.597013e+01 6.364606e+02
9.155273e-02 6.622324e+01 6.287209e+02
9.228516e-02 6.646483e+01 6.210383e+02
9.301758e-02 6.669480e+01 6.134117e+02
9.375000e-02 6.691304e+01 6.058405e+02
9.448242e-02 6.711947e+01 5.983243e+02
9.521484e-02 6.731404e+01 5.908626e+02
9.594727e-02 6.749671e+01 5.834552e+02
9.667969e-02 6.766743e+01 5.761020e+02
9.741211e-02 6.782621e+01 5.688029e+02
9.814453e-02 6.797304e+01 5.615580e+02
9.887695e-02 6.810795e+01 5.543675e+02
9.960938e-02 6.823095e+01 5.472316e+02
1.003418e-01 6.834210e+01 5.401504e+02
1.010742e-01 6.844146e+01 5.331245e+02
1.018066e-01 6.852909e+01 5.261540e+02
1.025391e-01 6.860507e+01 5.192394e+02
1.032715e-01 6.866950e+01 5.123812e+02
1.040039e-01 6.872248e+01 5.055797e+02
1.047363e-01 6.876412e+01 4.988355e+02
1.054688e-01 6.879455e+01 4.921490e+02
1.062012e-01 6.881390e+01 4.855206e+02
1.069336e-01 6.882231e+01 4.789509e+02
1.076660e-01 6.881993e+01 4.724404e+02
1.083984e-01 6.880691e+01 4.659895e+02
1.091309e-01 6.878343e+01 4.595987e+02
1.098633e-01 6.874965e+01 4.532684e+02
1.105957e-01 6.870574e+01 4.469991e+02
1.113281e-01 6.865191e+01 4.407912e+02
1.120605e-01 6.858832e+01 4.346452e+02
1.127930e-01 6.851519e+01 4.285613e+02
1.135254e-01 6.843270e+01 4.225400e+02
1.142578e-01 6.834107e+01 4.165816e+02
1.149902e-01 6.824049e+01 4.106864e+02
1.157227e-01 6.813119e+01 4.048548e+02
1.164551e-01 6.801337e+01 3.990870e+02
1.171875e-01 6.788727e+01 3.933833e+02
1.186523e-01 6.761105e+01 3.821687e+02
1.201172e-01 6.730432e+01 3.712127e+02
1.215820e-01 6.696892e+01 3.605161e+02
1.230469e-01 6.660667e+01 3.500795e+02
1.245117e-01 6.621943e+01 3.399031e+02
1.259766e-01 6.580904e+01 3.299865e+02
1.274414e-01 6.537736e+01 3.203291e+02
1.289062e-01 6.492622e+01 3.109298e+02
1.303711e-01 6.445744e+01 3.017870e+02
1.318359e-01 6.397280e+01 2.928990e+02
1.333008e-01 6.347409e+01 2.842636e+02
1.347656e-01 6.296302e+01 2.758782e+02
1.362305e-01 6.244130e+01 2.677402e+02
1.376953e-01 6.191057e+01 2.598464e+02
1.391602e-01 6.137246e+01 2.521935e+02
1.406250e-01 6.082852e+01 2.447780e+02
1.420898e-01 6.028026e+01 2.375960e+02
1.435547e-01 5.972916e+01 2.306438e+02
1.450195e-01 5.917662e+01 2.239171e+02
1.464844e-01 5.862398e+01 2.174117e+02
1.472168e-01 5.834804e+01 2.142406e+02
1.479492e-01 5.807256e+01 2.111231e+02
1.486816e-01 5.779769e+01 2.080587e+02
1.494141e-01 5.752358e+01 2.050469e+02
1.501465e-01 5.725039e+01 2.020869e+02
1.508789e-01 5.697824e+01 1.991783e+02
1.516113e-01 5.670728e+01 1.963205e+02
1.523438e-01 5.643765e+01 1.935128e+02
1.530762e-01 5.616947e+01 1.907547e+02
1.538086e-01 5.590287e+01 1.880456e+02
1.539917e-01 5.583649e+01 1.873758e+02
1.541748e-01 5.577021e+01 1.867092e+02
1.543579e-01 5.570404e+01 1.860455e+02
1.545410e-01 5.563799e+01 1.853848e+02
1.547241e-01 5.557205e+01 1.847270e+02
1.549072e-01 5.550622e+01 1.840723e+02
1.550903e-01 5.544052e+01 1.834205e+02
1.552734e-01 5.537493e+01 1.827717e+02
1.554565e-01 5.530946e+01 1.821258e+02
1.556396e-01 5.524412e+01 1.814829e+02
1.558228e-01 5.517891e+01 1.808429e+02
1.560059e-01 5.511382e+01 1.802058e+02
1.561890e-01 5.504885e+01 1.795716e+02
1.563721e-01 5.498402e+01 1.789403e+02
1.565552e-01 5.491933e+01 1.783120e+02
1.567383e-01 5.485476e+01 1.776864e+02
1.569214e-01 5.479033e+01 1.770638e+02
1.571045e-01 5.472604e+01 1.764440e+02
1.572876e-01 5.466189e+01 1.758271e+02
1.574707e-01 5.459788e+01 1.752130e+02
1.578369e-01 5.447028e+01 1.739933e+02
1.582031e-01 5.434327e+01 1.727849e+02
1.585693e-01 5.421684e+01 1.715876e+02
1.589355e-01 5.409103e+01 1.704015e+02
1.593018e-01 5.396583e+01 1.692263e+02
1.596680e-01 5.384127e+01 1.680621e+02
1.600342e-01 5.371735e+01 1.669088e+02
1.604004e-01 5.359408e+01 1.657663e+02
1.607666e-01 5.347148e+01 1.646344e+02
1.611328e-01 5.334955e+01 1.635132e+02
1.625977e-01 5.286884e+01 1.591334e+02
1.640625e-01 5.239979e+01 1.549177e+02
1.655273e-01 5.194302e+01 1.508613e+02
1.669922e-01 5.149909e+01 1.469594e+02
1.684570e-01 5.106850e+01 1.432072e+02
1.699219e-01 5.065172e+01 1.396001e+02
1.713867e-01 5.024915e+01 1.361333e+02
1.728516e-01 4.986115e+01 1.328024e+02
1.743164e-01 4.948804e+01 1.296026e+02
1.757812e-01 4.913008e+01 1.265297e+02
1.772461e-01 4.878750e+01 1.235792e+02
1.787109e-01 4.846049e+01 1.207468e+02
1.801758e-01 4.814918e+01 1.180283e+02
1.816406e-01 4.785369e+01 1.154196e+02
1.831055e-01 4.757408e+01 1.129166e+02
1.845703e-01 4.731038e+01 1.105154e+02
1.860352e-01 4.706260e+01 1.082121e+02
1.875000e-01 4.683070e+01 1.060030e+02
1.889648e-01 4.661461e+01 1.038844e+02
1.904297e-01 4.641424e+01 1.018526e+02
1.918945e-01 4.622947e+01 9.990423e+01
1.933594e-01 4.606016e+01 9.803588e+01
1.948242e-01 4.590612e+01 9.624426e+01
1.962891e-01 4.576717e+01 9.452615e+01
1.977539e-01 4.564308e+01 9.287844e+01
1.992188e-01 4.553362e+01 9.129813e+01
2.006836e-01 4.543853e+01 8.978228e+01
2.021484e-01 4.535753e+01 8.832808e+01
2.036133e-01 4.529034e+01 8.693277e+01
2.050781e-01 4.523665e+01 8.559372e+01
2.065430e-01 4.519613e+01 8.430835e+01
2.080078e-01 4.516846e+01 8.307419e+01
2.094727e-01 4.515328e+01 8.188885e+01
2.109375e-01 4.515025e+01 8.075003e+01
2.124023e-01 4.515899e+01 7.965550e+01
2.138672e-01 4.517914e+01 7.860312e+01
2.153320e-01 4.521032e+01 7.759083e+01
2.167969e-01 4.525213e+01 7.661664e+01
2.182617e-01 4.530418e+01 7.567864e+01
2.197266e-01 4.536609e+01 7.477499e+01
2.211914e-01 4.543744e+01 7.390393e+01
2.226562e-01 4.551784e+01 7.306376e+01
2.241211e-01 4.560689e+01 7.225287e+01
2.255859e-01 4.570416e+01 7.146968e+01
2.270508e-01 4.580926e+01 7.071270e+01
2.285156e-01 4.592178e+01 6.998051e+01
2.299805e-01 4.604132e+01 6.927173e+01
2.314453e-01 4.616747e+01 6.858504e+01
2.329102e-01 4.629982e+01 6.791921e+01
2.343750e-01 4.643798e+01 6.727302e+01
2.373047e-01 4.673015e+01 6.603507e+01
2.402344e-01 4.704082e+01 6.486266e+01
2.431641e-01 4.736696e+01 6.374804e+01
2.460938e-01 4.770557e+01 6.268420e+01
2.490234e-01 4.805379e+01 6.166480e+01
2.519531e-01 4.840882e+01 6.068413e+01
2.548828e-01 4.876801e+01 5.973709e+01
2.578125e-01 4.912881e+01 5.881910e+01
2.607422e-01 4.948878e+01 5.792609e+01
2.636719e-01 4.984563e+01 5.705446e+01
2.666016e-01 5.019718e+01 5.620100e+01
2.695312e-01 5.054140e+01 5.536294e+01
2.724609e-01 5.087638e+01 5.453782e+01
2.753906e-01 5.120033e+01 5.372354e+01
2.783203e-01 5.151163e+01 5.291827e+01
2.812500e-01 5.180874e+01 5.212045e+01
2.841797e-01 5.209030e+01 5.132878e+01
2.871094e-01 5.235503e+01 5.054216e+01
2.900391e-01 5.260180e+01 4.975970e+01
2.929688e-01 5.282960e+01 4.898068e+01
2.944336e-01 5.293610e+01 4.859228e+01
2.958984e-01 5.303752e+01 4.820455e+01
2.973633e-01 5.313378e+01 4.781742e+01
2.988281e-01 5.322478e+01 4.743087e+01
3.002930e-01 5.331045e+01 4.704486e+01
3.017578e-01 5.339071e+01 4.665936e+01
3.032227e-01 5.346549e+01 4.627435e+01
3.046875e-01 5.353472e+01 4.588983e+01
3.061523e-01 5.359836e+01 4.550577e+01
3.076172e-01 5.365636e+01 4.512218e+01
3.079834e-01 5.366997e+01 4.502636e+01
3.083496e-01 5.368322e+01 4.493057e+01
3.087158e-01 5.369612e+01 4.483480e+01
3.090820e-01 5.370866e+01 4.473907e+01
3.094482e-01 5.372084e+01 4.464336e+01
3.098145e-01 5.373266e+01 4.454769e+01
3.101807e-01 5.374413e+01 4.445204e+01
3.105469e-01 5.375523e+01 4.435642e+01
3.109131e-01 5.376597e+01 4.426084e+01
3.112793e-01 5.377636e+01 4.416529e+01
3.114624e-01 5.378141e+01 4.411752e+01
3.116455e-01 5.378638e+01 4.406976e+01
3.118286e-01 5.379126e+01 4.402201e+01
3.120117e-01 5.379604e+01 4.397427e+01
3.121948e-01 5.380074e+01 4.392654e+01
3.123779e-01 5.380534e+01 4.387881e+01
3.125610e-01 5.380985e+01 4.383109e+01
3.127441e-01 5.381428e+01 4.378338e+01
3.129272e-01 5.381861e+01 4.373568e+01
3.131104e-01 5.382286e+01 4.368799e+01
3.132935e-01 5.382701e+01 4.364030e+01
3.134766e-01 5.383107e+01 4.359262e+01
3.136597e-01 5.383504e+01 4.354495e+01
3.138428e-01 5.383892e+01 4.349729e+01
3.140259e-01 5.384271e+01 4.344964e+01
3.142090e-01 5.384641e+01 4.340199e+01
3.143921e-01 5.385001e+01 4.335435e+01
3.145752e-01 5.385353e+01 4.330673e+01
3.147583e-01 5.385695e+01 4.325911e+01
3.149414e-01 5.386029e+01 4.321149e+01
3.156738e-01 5.387271e+01 4.302113e+01
3.164062e-01 5.388367e+01 4.283090e+01
3.171387e-01 5.389317e+01 4.264081e+01
3.178711e-01 5.390121e+01 4.245087e+01
3.186035e-01 5.390779e+01 4.226108e+01
3.193359e-01 5.391291e+01 4.207143e+01
3.200684e-01 5.391656e+01 4.188194e+01
3.208008e-01 5.391875e+01 4.169261e+01
3.215332e-01 5.391947e+01 4.150344e+01
3.222656e-01 5.391874e+01 4.131444e+01
3.237305e-01 5.391289e+01 4.093696e+01
3.251953e-01 5.390121e+01 4.056020e+01
3.266602e-01 5.388371e+01 4.018420e+01
3.281250e-01 5.386043e+01 3.980900e+01
3.295898e-01 5.383136e+01 3.943464e+01
3.310547e-01 5.379656e+01 3.906116e+01
3.325195e-01 5.375604e+01 3.868860e+01
3.339844e-01 5.370984e+01 3.831701e+01
3.354492e-01 5.365799e+01 3.794643e+01
3.369141e-01 5.360054e+01 3.757691e+01
3.383789e-01 5.353754e+01 3.720848e+01
3.398438e-01 5.346902e+01 3.684120e+01
3.413086e-01 5.339503e+01 3.647510e+01
3.427734e-01 5.331564e+01 3.611024e+01
3.442383e-01 5.323088e+01 3.574666e+01
3.457031e-01 5.314083e+01 3.538440e+01
3.471680e-01 5.304554e+01 3.502351e+01
3.486328e-01 5.294506e+01 3.466403e+01
3.500977e-01 5.283948e+01 3.430601e+01
3.515625e-01 5.272884e+01 3.394949e+01
3.544922e-01 5.249268e+01 3.324111e+01
3.574219e-01 5.223717e+01 3.253925e+01
3.603516e-01 5.196288e+01 3.184421e+01
3.632812e-01 5.167042e+01 3.115632e+01
3.662109e-01 5.136043e+01 3.047587e+01
3.691406e-01 5.103356e+01 2.980316e+01
3.720703e-01 5.069047e+01 2.913845e+01
3.750000e-01 5.033182e+01 2.848199e+01
3.779297e-01 4.995832e+01 2.783402e+01
3.808594e-01 4.957064e+01 2.719477e+01
3.837891e-01 4.916948e+01 2.656444e+01
3.867188e-01 4.875555e+01 2.594321e+01
3.896484e-01 4.832954e+01 2.533127e+01
3.925781e-01 4.789214e+01 2.472875e+01
3.955078e-01 4.744406e+01 2.413581e+01
3.984375e-01 4.698599e+01 2.355256e+01
4.013672e-01 4.651862e+01 2.297911e+01
4.042969e-01 4.604261e+01 2.241555e+01
4.072266e-01 4.555866e+01 2.186195e+01
4.101562e-01 4.506741e+01 2.131837e+01
4.160156e-01 4.406563e+01 2.026147e+01
4.218750e-01 4.304237e+01 1.924503e+01
4.277344e-01 4.200249e+01 1.826909e+01
4.335938e-01 4.095065e+01 1.733345e+01
4.394531e-01 3.989128e+01 1.643777e+01
4.453125e-01 3.882853e+01 1.558157e+01
4.511719e-01 3.776632e+01 1.476423e+01
4.570312e-01 3.670832e+01 1.398501e+01
4.628906e-01 3.565791e+01 1.324309e+01
4.687500e-01 3.461825e+01 1.253755e+01
4.716797e-01 3.410334e+01 1.219811e+01
4.746094e-01 3.359216e+01 1.186740e+01
4.775391e-01 3.308503e+01 1.154526e+01
4.804688e-01 3.258225e+01 1.123158e+01
4.833984e-01 3.208411e+01 1.092621e+01
4.863281e-01 3.159088e+01 1.062902e+01
4.892578e-01 3.110282e+01 1.033985e+01
4.921875e-01 3.062017e+01 1.005858e+01
4.951172e-01 3.014315e+01 9.785043e+00
4.980469e-01 2.967197e+01 9.519105e+00
5.009766e-01 2.920685e+01 9.260618e+00
5.039062e-01 2.874795e+01 9.009434e+00
5.068359e-01 2.829546e+01 8.765406e+00
5.097656e-01 2.784952e+01 8.528386e+00
5.126953e-01 2.741030e+01 8.298226e+00
5.156250e-01 2.697792e+01 8.074779e+00
5.185547e-01 2.655250e+01 7.857899e+00
5.214844e-01 2.613416e+01 7.647440e+00
5.244141e-01 2.572299e+01 7.443256e+00
5.273438e-01 2.531909e+01 7.245203e+00
5.332031e-01 2.453336e+01 6.866917e+00
5.390625e-01 2.377749e+01 6.511452e+00
5.449219e-01 2.305181e+01 6.177698e+00
5.507812e-01 2.235654e+01 5.864573e+00
5.566406e-01 2.169175e+01 5.571022e+00
5.625000e-01 2.105739e+01 5.296020e+00
5.683594e-01 2.045331e+01 5.038574e+00
5.742188e-01 1.987924e+01 4.797723e+00
5.800781e-01 1.933484e+01 4.572542e+00
5.859375e-01 1.881967e+01 4.362139e+00
5.888672e-01 1.857289e+01 4.262210e+00
5.917969e-01 1.833322e+01 4.165656e+00
5.947266e-01 1.810058e+01 4.072378e+00
5.976562e-01 1.787491e+01 3.982274e+00
6.005859e-01 1.765612e+01 3.895247e+00
6.035156e-01 1.744412e+01 3.811203e+00
6.064453e-01 1.723883e+01 3.730049e+00
6.093750e-01 1.704015e+01 3.651694e+00
6.123047e-01 1.684800e+01 3.576048e+00
6.152344e-01 1.666228e+01 3.503027e+00
6.159668e-01 1.661685e+01 3.485171e+00
6.166992e-01 1.657180e+01 3.467473e+00
6.174316e-01 1.652715e+01 3.449931e+00
6.181641e-01 1.648290e+01 3.432544e+00
6.188965e-01 1.643903e+01 3.415310e+00
6.196289e-01 1.639555e+01 3.398229e+00
6.203613e-01 1.635245e+01 3.381299e+00
6.210938e-01 1.630974e+01 3.364518e+00
6.218262e-01 1.626742e+01 3.347886e+00
6.225586e-01 1.622547e+01 3.331402e+00
6.232910e-01 1.618391e+01 3.315063e+00
6.240234e-01 1.614272e+01 3.298869e+00
6.247559e-01 1.610191e+01 3.282819e+00
6.254883e-01 1.606148e+01 3.266911e+00
6.262207e-01 1.602142e+01 3.251144e+00
6.269531e-01 1.598173e+01 3.235517e+00
6.276855e-01 1.594241e+01 3.220030e+00
6.284180e-01 1.590346e+01 3.204679e+00
6.291504e-01 1.586488e+01 3.189466e+00
6.298828e-01 1.582666e+01 3.174388e+00
6.313477e-01 1.575132e+01 3.144633e+00
6.328125e-01 1.567742e+01 3.115405e+00
6.342773e-01 1.560495e+01 3.086697e+00
6.357422e-01 1.553389e+01 3.058498e+00
6.372070e-01 1.546423e+01 3.030801e+00
6.386719e-01 1.539597e+01 3.003596e+00
6.401367e-01 1.532908e+01 2.976875e+00
6.416016e-01 1.526355e+01 2.950630e+00
6.430664e-01 1.519936e+01 2.924852e+00
6.445312e-01 1.513651e+01 2.899533e+00
6.503906e-01 1.489818e+01 2.802689e+00
6.562500e-01 1.468009e+01 2.712565e+00
6.621094e-01 1.448135e+01 2.628692e+00
6.679688e-01 1.430108e+01 2.550626e+00
6.738281e-01 1.413840e+01 2.477948e+00
6.796875e-01 1.399244e+01 2.410266e+00
6.855469e-01 1.386232e+01 2.347210e+00
6.914062e-01 1.374720e+01 2.288431e+00
6.972656e-01 1.364623e+01 2.233605e+00
7.031250e-01 1.355859e+01 2.182427e+00
7.089844e-01 1.348347e+01 2.134610e+00
7.148438e-01 1.342008e+01 2.089888e+00
7.207031e-01 1.336764e+01 2.048011e+00
7.265625e-01 1.332541e+01 2.008746e+00
7.324219e-01 1.329266e+01 1.971876e+00
7.382812e-01 1.326869e+01 1.937200e+00
7.441406e-01 1.325280e+01 1.904529e+00
7.500000e-01 1.324433e+01 1.873690e+00
7.558594e-01 1.324266e+01 1.844520e+00
7.617188e-01 1.324717e+01 1.816871e+00
7.675781e-01 1.325727e+01 1.790602e+00
7.734375e-01 1.327239e+01 1.765586e+00
7.792969e-01 1.329200e+01 1.741705e+00
7.851562e-01 1.331558e+01 1.718850e+00
7.910156e-01 1.334263e+01 1.696921e+00
7.968750e-01 1.337269e+01 1.675824e+00
8.027344e-01 1.340531e+01 1.655477e+00
8.085938e-01 1.344006e+01 1.635801e+00
8.144531e-01 1.347654e+01 1.616726e+00
8.203125e-01 1.351438e+01 1.598187e+00
8.320312e-01 1.359271e+01 1.562489e+00
8.437500e-01 1.367242e+01 1.528297e+00
8.554688e-01 1.375120e+01 1.495280e+00
8.671875e-01 1.382705e+01 1.463166e+00
8.789062e-01 1.389824e+01 1.431742e+00
8.906250e-01 1.396328e+01 1.400838e+00
9.023438e-01 1.402095e+01 1.370325e+00
9.140625e-01 1.407022e+01 1.340106e+00
9.257812e-01 1.411026e+01 1.310112e+00
9.375000e-01 1.414045e+01 1.280298e+00
9.433594e-01 1.415170e+01 1.265448e+00
9.492188e-01 1.416032e+01 1.250635e+00
9.550781e-01 1.416626e+01 1.235855e+00
9.609375e-01 1.416951e+01 1.221110e+00
9.667969e-01 1.417005e+01 1.206399e+00
9.726562e-01 1.416785e+01 1.191723e+00
9.785156e-01 1.416292e+01 1.177084e+00
9.843750e-01 1.415525e+01 1.162483e+00
9.902344e-01 1.414486e+01 1.147923e+00
9.960938e-01 1.413174e+01 1.133406e+00
1.001953e+00 1.411592e+01 1.118934e+00
1.007812e+00 1.409742e+01 1.104512e+00
1.013672e+00 1.407626e+01 1.090141e+00
1.019531e+00 1.405248e+01 1.075826e+00
1.025391e+00 1.402611e+01 1.061570e+00
1.031250e+00 1.399718e+01 1.047376e+00
1.037109e+00 1.396573e+01 1.033249e+00
1.042969e+00 1.393182e+01 1.019191e+00
1.048828e+00 1.389548e+01 1.005206e+00
1.054688e+00 1.385676e+01 9.912984e-01
1.066406e+00 1.377241e+01 9.637283e-01
1.078125e+00 1.367917e+01 9.365083e-01
1.089844e+00 1.357751e+01 9.096654e-01
1.101562e+00 1.346788e+01 8.832247e-01
1.113281e+00 1.335078e+01 8.572096e-01
1.125000e+00 1.322669e+01 8.316414e-01
1.136719e+00 1.309609e+01 8.065394e-01
1.148438e+00 1.295947e+01 7.819208e-01
1.160156e+00 1.281733e+01 7.578003e-01
1.171875e+00 1.267014e+01 7.341906e-01
1.177734e+00 1.259479e+01 7.225808e-01
1.183594e+00 1.251836e+01 7.111025e-01
1.189453e+00 1.244090e+01 6.997568e-01
1.195312e+00 1.236246e+01 6.885444e-01
1.201172e+00 1.228310e+01 6.774663e-01
1.207031e+00 1.220287e+01 6.665230e-01
1.212891e+00 1.212183e+01 6.557151e-01
1.218750e+00 1.204003e+01 6.450429e-01
1.224609e+00 1.195753e+01 6.345069e-01
1.230469e+00 1.187436e+01 6.241073e-01
1.231934e+00 1.185347e+01 6.215287e-01
1.233398e+00 1.183255e+01 6.189587e-01
1.234863e+00 1.181159e+01 6.163972e-01
1.236328e+00 1.179059e+01 6.138442e-01
1.237793e+00 1.176956e+01 6.112997e-01
1.239258e+00 1.174849e+01 6.087638e-01
1.240723e+00 1.172739e+01 6.062364e-01
1.242188e+00 1.170626e+01 6.037176e-01
1.243652e+00 1.168509e+01 6.012072e-01
1.245117e+00 1.166389e+01 5.987054e-01
1.246582e+00 1.164267e+01 5.962122e-01
1.248047e+00 1.162141e+01 5.937274e-01
1.249512e+00 1.160012e+01 5.912512e-01
1.250977e+00 1.157881e+01 5.887835e-01
1.252441e+00 1.155746e+01 5.863242e-01
1.253906e+00 1.153609e+01 5.838735e-01
1.255371e+00 1.151470e+01 5.814313e-01
1.256836e+00 1.149328e+01 5.789976e-01
1.258301e+00 1.147183e+01 5.765724e-01
1.259766e+00 1.145036e+01 5.741556e-01
1.262695e+00 1.140734e+01 5.693476e-01
1.265625e+00 1.136424e+01 5.645734e-01
1.268555e+00 1.132105e+01 5.598331e-01
1.271484e+00 1.127779e+01 5.551265e-01
1.274414e+00 1.123445e+01 5.504537e-01
1.277344e+00 1.119104e+01 5.458145e-01
1.280273e+00 1.114757e+01 5.412088e-01
1.283203e+00 1.110404e+01 5.366367e-01
1.286133e+00 1.106046e+01 5.320980e-01
1.289062e+00 1.101683e+01 5.275926e-01
1.300781e+00 1.084191e+01 5.099026e-01
1.312500e+00 1.066657e+01 4.927385e-01
1.324219e+00 1.049111e+01 4.760932e-01
1.335938e+00 1.031576e+01 4.599590e-01
1.347656e+00 1.014078e+01 4.443274e-01
1.359375e+00 9.966384e+00 4.291896e-01
1.371094e+00 9.792789e+00 4.145360e-01
1.382812e+00 9.620185e+00 4.003566e-01
1.394531e+00 9.448753e+00 3.866412e-01
1.406250e+00 9.278657e+00 3.733793e-01
1.417969e+00 9.110047e+00 3.605599e-01
1.429688e+00 8.943062e+00 3.481722e-01
1.441406e+00 8.777826e+00 3.362051e-01
1.453125e+00 8.614453e+00 3.246474e-01
1.464844e+00 8.453044e+00 3.134878e-01
1.476562e+00 8.293691e+00 3.027153e-01
1.488281e+00 8.136474e+00 2.923185e-01
1.500000e+00 7.981465e+00 2.822866e-01
1.511719e+00 7.828725e+00 2.726084e-01
1.523438e+00 7.678308e+00 2.632730e-01
1.529297e+00 7.603985e+00 2.587306e-01
1.535156e+00 7.530260e+00 2.542699e-01
1.541016e+00 7.457136e+00 2.498896e-01
1.546875e+00 7.384617e+00 2.455883e-01
1.552734e+00 7.312709e+00 2.413649e-01
1.558594e+00 7.241413e+00 2.372180e-01
1.564453e+00 7.170732e+00 2.331463e-01
1.570312e+00 7.100669e+00 2.291486e-01
1.576172e+00 7.031226e+00 2.252237e-01
1.582031e+00 6.962405e+00 2.213703e-01
1.587891e+00 6.894208e+00 2.175872e-01
1.593750e+00 6.826634e+00 2.138732e-01
1.599609e+00 6.759685e+00 2.102271e-01
1.605469e+00 6.693362e+00 2.066478e-01
1.611328e+00 6.627663e+00 2.031340e-01
1.617188e+00 6.562591e+00 1.996847e-01
1.623047e+00 6.498143e+00 1.962986e-01
1.628906e+00 6.434319e+00 1.929748e-01
1.634766e+00 6.371119e+00 1.897120e-01
1.640625e+00 6.308541e+00 1.865093e-01
1.664062e+00 6.064419e+00 1.742770e-01
1.687500e+00 5.830104e+00 1.629217e-01
1.710938e+00 5.605427e+00 1.523809e-01
1.734375e+00 5.390182e+00 1.425961e-01
1.757812e+00 5.184131e+00 1.335122e-01
1.781250e+00 4.987014e+00 1.250780e-01
1.804688e+00 4.798551e+00 1.172455e-01
1.828125e+00 4.618449e+00 1.099701e-01
1.851562e+00 4.446405e+00 1.032102e-01
1.875000e+00 4.282112e+00 9.692719e-02
1.898438e+00 4.125259e+00 9.108539e-02
1.921875e+00 3.975538e+00 8.565165e-02
1.945312e+00 3.832640e+00 8.059524e-02
1.968750e+00 3.696262e+00 7.588776e-02
1.992188e+00 3.566108e+00 7.150298e-02
2.015625e+00 3.441886e+00 6.741666e-02
2.039062e+00 3.323317e+00 6.360640e-02
2.062500e+00 3.210126e+00 6.005157e-02
2.085938e+00 3.102051e+00 5.673310e-02
2.109375e+00 2.998837e+00 5.363341e-02
2.132812e+00 2.900241e+00 5.073630e-02
2.156250e+00 2.806027e+00 4.802682e-02
2.179688e+00 2.715974e+00 4.549118e-02
2.203125e+00 2.629866e+00 4.311669e-02
2.226562e+00 2.547500e+00 4.089163e-02
2.250000e+00 2.468681e+00 3.880521e-02
2.273438e+00 2.393226e+00 3.684747e-02
2.296875e+00 2.320958e+00 3.500924e-02
2.320312e+00 2.251712e+00 3.328204e-02
2.343750e+00 2.185330e+00 3.165808e-02
2.355469e+00 2.153166e+00 3.088253e-02
2.367188e+00 2.121662e+00 3.013013e-02
2.378906e+00 2.090802e+00 2.940007e-02
2.390625e+00 2.060568e+00 2.869156e-02
2.402344e+00 2.030944e+00 2.800386e-02
2.414062e+00 2.001914e+00 2.733623e-02
2.425781e+00 1.973462e+00 2.668798e-02
2.437500e+00 1.945573e+00 2.605845e-02
2.449219e+00 1.918233e+00 2.544699e-02
2.460938e+00 1.891427e+00 2.485298e-02
2.466797e+00 1.878219e+00 2.456234e-02
2.472656e+00 1.865140e+00 2.427584e-02
2.478516e+00 1.852188e+00 2.399341e-02
2.484375e+00 1.839361e+00 2.371498e-02
2.490234e+00 1.826657e+00 2.344049e-02
2.496094e+00 1.814075e+00 2.316987e-02
2.501953e+00 1.801613e+00 2.290305e-02
2.507812e+00 1.789269e+00 2.263997e-02
2.513672e+00 1.777043e+00 2.238056e-02
2.519531e+00 1.764933e+00 2.212477e-02
2.525391e+00 1.752937e+00 2.187254e-02
2.531250e+00 1.741053e+00 2.162380e-02
2.537109e+00 1.729280e+00 2.137850e-02
2.542969e+00 1.717618e+00 2.113657e-02
2.548828e+00 1.706063e+00 2.089797e-02
2.554688e+00 1.694616e+00 2.066264e-02
2.560547e+00 1.683274e+00 2.043053e-02
2.566406e+00 1.672037e+00 2.020157e-02
2.572266e+00 1.660903e+00 1.997573e-02
2.578125e+00 1.649870e+00 1.975294e-02
2.601562e+00 1.606730e+00 1.889141e-02
2.625000e+00 1.565116e+00 1.807499e-02
2.648438e+00 1.524955e+00 1.730086e-02
2.671875e+00 1.486176e+00 1.656639e-02
2.695312e+00 1.448711e+00 1.586915e-02
2.718750e+00 1.412499e+00 1.520687e-02
2.742188e+00 1.377480e+00 1.457744e-02
2.765625e+00 1.343600e+00 1.397891e-02
2.789062e+00 1.310804e+00 1.340946e-02
2.812500e+00 1.279044e+00 1.286739e-02
2.835938e+00 1.248273e+00 1.235113e-02
2.859375e+00 1.218448e+00 1.185919e-02
2.882812e+00 1.189526e+00 1.139020e-02
2.906250e+00 1.161468e+00 1.094288e-02
2.929688e+00 1.134238e+00 1.051603e-02
2.953125e+00 1.107800e+00 1.010853e-02
2.976562e+00 1.082122e+00 9.719332e-03
3.000000e+00 1.057172e+00 9.347455e-03
3.023438e+00 1.032921e+00 8.991980e-03
3.046875e+00 1.009341e+00 8.652045e-03
3.070312e+00 9.864055e-01 8.326845e-03
3.093750e+00 9.640896e-01 8.015620e-03
3.117188e+00 9.423697e-01 7.717659e-03
3.140625e+00 9.212234e-01 7.432295e-03
3.164062e+00 9.006296e-01 7.158899e-03
3.187500e+00 8.805680e-01 6.896879e-03
3.210938e+00 8.610196e-01 6.645680e-03
3.234375e+00 8.419662e-01 6.404778e-03
3.257812e+00 8.233907e-01 6.173677e-03
3.281250e+00 8.052766e-01 5.951913e-03
3.328125e+00 7.703715e-01 5.534662e-03
3.375000e+00 7.371350e-01 5.149791e-03
3.421875e+00 7.054622e-01 4.794415e-03
3.468750e+00 6.752576e-01 4.465947e-03
3.515625e+00 6.464339e-01 4.162068e-03
3.562500e+00 6.189115e-01 3.880690e-03
3.609375e+00 5.926174e-01 3.619933e-03
3.656250e+00 5.674844e-01 3.378098e-03
3.703125e+00 5.434506e-01 3.153650e-03
3.750000e+00 5.204588e-01 2.945195e-03
3.843750e+00 4.773934e-01 2.571321e-03
3.937500e+00 4.379078e-01 2.247666e-03
4.031250e+00 4.016712e-01 1.966896e-03
4.125000e+00 3.683933e-01 1.722876e-03
4.218750e+00 3.378173e-01 1.510443e-03
4.312500e+00 3.097146e-01 1.325237e-03
4.406250e+00 2.838800e-01 1.163554e-03
4.500000e+00 2.601285e-01 1.022240e-03
4.593750e+00 2.382925e-01 8.985988e-04
4.687500e+00 2.182195e-01 7.903167e-04
4.734375e+00 2.088001e-01 7.413028e-04
4.781250e+00 1.997702e-01 6.954053e-04
4.828125e+00 1.911142e-01 6.524181e-04
4.875000e+00 1.828170e-01 6.121496e-04
4.921875e+00 1.748645e-01 5.744213e-04
4.968750e+00 1.672428e-01 5.390675e-04
5.015625e+00 1.599387e-01 5.059337e-04
5.062500e+00 1.529396e-01 4.748759e-04
5.109375e+00 1.462334e-01 4.457600e-04
5.156250e+00 1.398083e-01 4.184610e-04
5.203125e+00 1.336530e-01 3.928624e-04
5.250000e+00 1.277570e-01 3.688554e-04
5.296875e+00 1.221097e-01 3.463385e-04
5.343750e+00 1.167012e-01 3.252170e-04
5.390625e+00 1.115220e-01 3.054023e-04
5.437500e+00 1.065627e-01 2.868118e-04
5.484375e+00 1.018147e-01 2.693681e-04
5.531250e+00 9.726924e-02 2.529992e-04
5.578125e+00 9.291826e-02 2.376373e-04
5.625000e+00 8.875383e-02 2.232195e-04
5.812500e+00 7.381442e-02 1.738623e-04
6.000000e+00 6.130337e-02 1.355102e-04
6.187500e+00 5.084369e-02 1.056810e-04
6.375000e+00 4.211361e-02 8.246169e-05
6.562500e+00 3.483899e-02 6.437497e-05
6.750000e+00 2.878670e-02 5.027759e-05
6.937500e+00 2.375896e-02 3.928363e-05
7.125000e+00 1.958835e-02 3.070565e-05
7.312500e+00 1.613351e-02 2.400972e-05
7.500000e+00 1.327535e-02 1.878078e-05
7.687500e+00 1.091374e-02 1.469581e-05
7.875000e+00 8.964699e-03 1.150336e-05
8.062500e+00 7.357909e-03 9.007518e-06
8.250000e+00 6.034644e-03 7.055600e-06
8.437500e+00 4.945937e-03 5.528548e-06
8.625000e+00 4.051026e-03 4.333481e-06
8.812500e+00 3.316040e-03 3.397908e-06
9.000000e+00 2.712878e-03 2.665234e-06
9.187500e+00 2.218263e-03 2.091262e-06
9.375000e+00 1.812942e-03 1.641464e-06
9.562500e+00 1.481011e-03 1.288859e-06
9.750000e+00 1.209345e-03 1.012351e-06
9.937500e+00 9.871282e-04 7.954436e-07
1.012500e+01 8.054525e-04 6.252303e-07
1.031250e+01 6.569909e-04 4.916110e-07
1.050000e+01 5.357244e-04 3.866811e-07
1.068750e+01 4.367147e-04 3.042536e-07
1.087500e+01 3.559107e-04 2.394819e-07
1.106250e+01 2.899878e-04 1.885659e-07
1.125000e+01 2.362224e-04 1.485272e-07
1.162500e+01 1.566538e-04 9.224551e-08
1.200000e+01 1.038125e-04 5.736900e-08
1.237500e+01 6.875218e-05 3.572615e-08
1.275000e+01 4.550847e-05 2.227727e-08
1.312500e+01 3.011064e-05 1.390950e-08
1.350000e+01 1.991638e-05 8.696271e-09
1.387500e+01 1.316978e-05 5.443805e-09
1.425000e+01 8.706358e-06 3.411905e-09
1.462500e+01 5.754025e-06 2.140771e-09
1.500000e+01 3.802368e-06 1.344813e-09
1.575000e+01 1.659484e-06 5.323560e-10
1.650000e+01 7.246116e-07 2.118008e-10
1.725000e+01 3.163474e-07 8.460115e-11
1.800000e+01 1.377557e-07 3.383411e-11
1.875000e+01 6.042886e-08 1.367830e-11
1.950000e+01 2.674285e-08 5.596656e-12
2.025000e+01 1.149206e-08 2.230169e-12
2.100000e+01 5.223711e-09 9.426071e-13
2.175000e+01 2.728859e-09 4.590422e-13
2.250000e+01 1.281519e-09 2.014420e-13
2.325000e+01 7.623391e-10 1.122257e-13
2.400000e+01 5.325144e-10 7.356970e-14
2.475000e+01 4.160459e-10 5.404817e-14
2.550000e+01 3.364504e-10 4.117473e-14
2.625000e+01 2.636257e-10 3.044523e-14
2.700000e+01 1.894636e-10 2.068180e-14
2.775000e+01 1.173229e-10 1.212403e-14
2.850000e+01 5.604002e-11 5.490334e-15
2.925000e+01 1.470580e-11 1.367814e-15
3.000000e+01 1.740026e-288 1.538520e-292
