# 
# Output from RAtom program.
# 
# Total radial electron density.
# The first column contains radius $r$ in bohr units.
# The second column holds $\rho(r)$.
# The third column holds $\tilde{\rho}(r) = \rho(r) / (\pi * r * r)$
# 
# Use this file with gnuplot to create the plot.
# 
# R     Rho     RhoTilde
#
0.000000e+00 0.000000e+00 2.949021e+04
3.662109e-04 4.844150e-02 2.874386e+04
7.324219e-04 1.888625e-01 2.801646e+04
1.098633e-03 4.141878e-01 2.730752e+04
1.464844e-03 7.177031e-01 2.661659e+04
1.831055e-03 1.093040e+00 2.594320e+04
2.197266e-03 1.534162e+00 2.528693e+04
2.563477e-03 2.035348e+00 2.464734e+04
2.929688e-03 2.591182e+00 2.402401e+04
3.295898e-03 3.196540e+00 2.341654e+04
3.662109e-03 3.846574e+00 2.282452e+04
4.028320e-03 4.536703e+00 2.224757e+04
4.394531e-03 5.262601e+00 2.168530e+04
4.760742e-03 6.020185e+00 2.113736e+04
5.126953e-03 6.805606e+00 2.060337e+04
5.493164e-03 7.615235e+00 2.008299e+04
5.859375e-03 8.445657e+00 1.957587e+04
6.225586e-03 9.293662e+00 1.908168e+04
6.591797e-03 1.015623e+01 1.860009e+04
6.958008e-03 1.103053e+01 1.813079e+04
7.324219e-03 1.191391e+01 1.767346e+04
7.690430e-03 1.280387e+01 1.722781e+04
8.056641e-03 1.369809e+01 1.679353e+04
8.422852e-03 1.459440e+01 1.637035e+04
8.789062e-03 1.549076e+01 1.595798e+04
9.155273e-03 1.638530e+01 1.555614e+04
9.521484e-03 1.727625e+01 1.516457e+04
9.887695e-03 1.816198e+01 1.478302e+04
1.025391e-02 1.904099e+01 1.441122e+04
1.062012e-02 1.991187e+01 1.404894e+04
1.098633e-02 2.077334e+01 1.369593e+04
1.135254e-02 2.162422e+01 1.335195e+04
1.171875e-02 2.246342e+01 1.301678e+04
1.208496e-02 2.328995e+01 1.269019e+04
1.245117e-02 2.410290e+01 1.237197e+04
1.281738e-02 2.490145e+01 1.206191e+04
1.318359e-02 2.568486e+01 1.175979e+04
1.354980e-02 2.645246e+01 1.146542e+04
1.391602e-02 2.720366e+01 1.117861e+04
1.428223e-02 2.793793e+01 1.089915e+04
1.464844e-02 2.865480e+01 1.062686e+04
1.501465e-02 2.935388e+01 1.036156e+04
1.538086e-02 3.003481e+01 1.010308e+04
1.574707e-02 3.069730e+01 9.851236e+03
1.611328e-02 3.134110e+01 9.605865e+03
1.647949e-02 3.196603e+01 9.366800e+03
1.684570e-02 3.257194e+01 9.133882e+03
1.721191e-02 3.315870e+01 8.906956e+03
1.757812e-02 3.372626e+01 8.685868e+03
1.794434e-02 3.427458e+01 8.470470e+03
1.831055e-02 3.480367e+01 8.260618e+03
1.867676e-02 3.531356e+01 8.056171e+03
1.904297e-02 3.580432e+01 7.856991e+03
1.940918e-02 3.627604e+01 7.662944e+03
1.977539e-02 3.672884e+01 7.473899e+03
2.014160e-02 3.716288e+01 7.289730e+03
2.050781e-02 3.757831e+01 7.110312e+03
2.087402e-02 3.797533e+01 6.935525e+03
2.124023e-02 3.835414e+01 6.765249e+03
2.160645e-02 3.871498e+01 6.599371e+03
2.197266e-02 3.905809e+01 6.437778e+03
2.233887e-02 3.938372e+01 6.280361e+03
2.270508e-02 3.969215e+01 6.127013e+03
2.307129e-02 3.998367e+01 5.977631e+03
2.343750e-02 4.025857e+01 5.832113e+03
2.380371e-02 4.051717e+01 5.690362e+03
2.416992e-02 4.075977e+01 5.552280e+03
2.453613e-02 4.098670e+01 5.417774e+03
2.490234e-02 4.119830e+01 5.286753e+03
2.526855e-02 4.139491e+01 5.159127e+03
2.563477e-02 4.157686e+01 5.034810e+03
2.600098e-02 4.174451e+01 4.913718e+03
2.636719e-02 4.189822e+01 4.795767e+03
2.673340e-02 4.203834e+01 4.680878e+03
2.709961e-02 4.216522e+01 4.568972e+03
2.746582e-02 4.227924e+01 4.459972e+03
2.783203e-02 4.238075e+01 4.353805e+03
2.819824e-02 4.247011e+01 4.250397e+03
2.856445e-02 4.254770e+01 4.149678e+03
2.893066e-02 4.261387e+01 4.051579e+03
2.929688e-02 4.266899e+01 3.956033e+03
3.002930e-02 4.274750e+01 3.772338e+03
3.076172e-02 4.278612e+01 3.598089e+03
3.149414e-02 4.278768e+01 3.432807e+03
3.222656e-02 4.275495e+01 3.276035e+03
3.295898e-02 4.269067e+01 3.127343e+03
3.369141e-02 4.259750e+01 2.986318e+03
3.442383e-02 4.247803e+01 2.852569e+03
3.515625e-02 4.233478e+01 2.725727e+03
3.588867e-02 4.217018e+01 2.605438e+03
3.662109e-02 4.198657e+01 2.491368e+03
3.698730e-02 4.188835e+01 2.436565e+03
3.735352e-02 4.178622e+01 2.383199e+03
3.771973e-02 4.168045e+01 2.331232e+03
3.808594e-02 4.157130e+01 2.280628e+03
3.845215e-02 4.145902e+01 2.231351e+03
3.881836e-02 4.134387e+01 2.183368e+03
3.918457e-02 4.122610e+01 2.136644e+03
3.955078e-02 4.110593e+01 2.091147e+03
3.991699e-02 4.098361e+01 2.046844e+03
4.028320e-02 4.085937e+01 2.003705e+03
4.064941e-02 4.073341e+01 1.961699e+03
4.101562e-02 4.060597e+01 1.920797e+03
4.138184e-02 4.047725e+01 1.880969e+03
4.174805e-02 4.034746e+01 1.842188e+03
4.211426e-02 4.021679e+01 1.804427e+03
4.248047e-02 4.008543e+01 1.767658e+03
4.284668e-02 3.995358e+01 1.731855e+03
4.321289e-02 3.982142e+01 1.696994e+03
4.357910e-02 3.968912e+01 1.663049e+03
4.394531e-02 3.955685e+01 1.629997e+03
4.467773e-02 3.929308e+01 1.566476e+03
4.541016e-02 3.903134e+01 1.506252e+03
4.614258e-02 3.877284e+01 1.449152e+03
4.687500e-02 3.851864e+01 1.395014e+03
4.760742e-02 3.826977e+01 1.343683e+03
4.833984e-02 3.802716e+01 1.295011e+03
4.907227e-02 3.779167e+01 1.248861e+03
4.980469e-02 3.756409e+01 1.205099e+03
5.053711e-02 3.734513e+01 1.163599e+03
5.126953e-02 3.713545e+01 1.124243e+03
5.200195e-02 3.693562e+01 1.086917e+03
5.273438e-02 3.674617e+01 1.051513e+03
5.346680e-02 3.656757e+01 1.017930e+03
5.419922e-02 3.640022e+01 9.860709e+02
5.493164e-02 3.624448e+01 9.558436e+02
5.566406e-02 3.610063e+01 9.271609e+02
5.639648e-02 3.596894e+01 8.999402e+02
5.712891e-02 3.584960e+01 8.741030e+02
5.786133e-02 3.574277e+01 8.495747e+02
5.859375e-02 3.564858e+01 8.262847e+02
5.932617e-02 3.556709e+01 8.041661e+02
6.005859e-02 3.549834e+01 7.831552e+02
6.079102e-02 3.544234e+01 7.631919e+02
6.152344e-02 3.539906e+01 7.442188e+02
6.225586e-02 3.536843e+01 7.261820e+02
6.298828e-02 3.535037e+01 7.090299e+02
6.372070e-02 3.534475e+01 6.927140e+02
6.445312e-02 3.535144e+01 6.771880e+02
6.518555e-02 3.537025e+01 6.624082e+02
6.591797e-02 3.540101e+01 6.483331e+02
6.665039e-02 3.544351e+01 6.349235e+02
6.738281e-02 3.549751e+01 6.221423e+02
6.811523e-02 3.556276e+01 6.099540e+02
6.884766e-02 3.563902e+01 5.983255e+02
6.958008e-02 3.572599e+01 5.872251e+02
7.031250e-02 3.582339e+01 5.766228e+02
7.104492e-02 3.593093e+01 5.664903e+02
7.177734e-02 3.604829e+01 5.568010e+02
7.250977e-02 3.617514e+01 5.475293e+02
7.324219e-02 3.631117e+01 5.386514e+02
7.360840e-02 3.638252e+01 5.343529e+02
7.397461e-02 3.645604e+01 5.301444e+02
7.434082e-02 3.653168e+01 5.260234e+02
7.470703e-02 3.660940e+01 5.219871e+02
7.507324e-02 3.668916e+01 5.180331e+02
7.543945e-02 3.677091e+01 5.141590e+02
7.580566e-02 3.685462e+01 5.103624e+02
7.617188e-02 3.694023e+01 5.066411e+02
7.653809e-02 3.702770e+01 5.029927e+02
7.690430e-02 3.711699e+01 4.994151e+02
7.727051e-02 3.720805e+01 4.959062e+02
7.763672e-02 3.730085e+01 4.924640e+02
7.800293e-02 3.739532e+01 4.890864e+02
7.836914e-02 3.749144e+01 4.857716e+02
7.873535e-02 3.758915e+01 4.825175e+02
7.910156e-02 3.768841e+01 4.793225e+02
7.946777e-02 3.778918e+01 4.761847e+02
7.983398e-02 3.789140e+01 4.731025e+02
8.020020e-02 3.799504e+01 4.700740e+02
8.056641e-02 3.810006e+01 4.670977e+02
8.129883e-02 3.831402e+01 4.612956e+02
8.203125e-02 3.853293e+01 4.556838e+02
8.276367e-02 3.875645e+01 4.502509e+02
8.349609e-02 3.898422e+01 4.449863e+02
8.422852e-02 3.921589e+01 4.398797e+02
8.496094e-02 3.945113e+01 4.349216e+02
8.569336e-02 3.968959e+01 4.301030e+02
8.642578e-02 3.993095e+01 4.254153e+02
8.715820e-02 4.017486e+01 4.208507e+02
8.789062e-02 4.042102e+01 4.164015e+02
8.935547e-02 4.091877e+01 4.078218e+02
9.082031e-02 4.142173e+01 3.996248e+02
9.228516e-02 4.192751e+01 3.917649e+02
9.375000e-02 4.243384e+01 3.842022e+02
9.521484e-02 4.293854e+01 3.769017e+02
9.667969e-02 4.343955e+01 3.698325e+02
9.814453e-02 4.393495e+01 3.629678e+02
9.960938e-02 4.442289e+01 3.562842e+02
1.010742e-01 4.490167e+01 3.497614e+02
1.025391e-01 4.536970e+01 3.433819e+02
1.040039e-01 4.582550e+01 3.371305e+02
1.054688e-01 4.626771e+01 3.309943e+02
1.069336e-01 4.669508e+01 3.249623e+02
1.083984e-01 4.710647e+01 3.190250e+02
1.098633e-01 4.750086e+01 3.131746e+02
1.113281e-01 4.787732e+01 3.074045e+02
1.127930e-01 4.823503e+01 3.017093e+02
1.142578e-01 4.857328e+01 2.960846e+02
1.157227e-01 4.889144e+01 2.905268e+02
1.171875e-01 4.918897e+01 2.850331e+02
1.186523e-01 4.946545e+01 2.796014e+02
1.201172e-01 4.972049e+01 2.742302e+02
1.215820e-01 4.995384e+01 2.689182e+02
1.230469e-01 5.016529e+01 2.636649e+02
1.245117e-01 5.035470e+01 2.584697e+02
1.259766e-01 5.052203e+01 2.533328e+02
1.274414e-01 5.066729e+01 2.482542e+02
1.289062e-01 5.079053e+01 2.432343e+02
1.303711e-01 5.089188e+01 2.382737e+02
1.318359e-01 5.097153e+01 2.333728e+02
1.333008e-01 5.102971e+01 2.285324e+02
1.347656e-01 5.106669e+01 2.237534e+02
1.362305e-01 5.108279e+01 2.190364e+02
1.376953e-01 5.107837e+01 2.143823e+02
1.391602e-01 5.105384e+01 2.097919e+02
1.406250e-01 5.100962e+01 2.052661e+02
1.420898e-01 5.094617e+01 2.008055e+02
1.435547e-01 5.086399e+01 1.964110e+02
1.450195e-01 5.076359e+01 1.920832e+02
1.464844e-01 5.064549e+01 1.878228e+02
1.472168e-01 5.057999e+01 1.857181e+02
1.479492e-01 5.051027e+01 1.836304e+02
1.486816e-01 5.043642e+01 1.815598e+02
1.494141e-01 5.035849e+01 1.795064e+02
1.501465e-01 5.027658e+01 1.774702e+02
1.508789e-01 5.019075e+01 1.754514e+02
1.516113e-01 5.010107e+01 1.734498e+02
1.523438e-01 5.000763e+01 1.714656e+02
1.530762e-01 4.991050e+01 1.694989e+02
1.538086e-01 4.980975e+01 1.675496e+02
1.539917e-01 4.978401e+01 1.670650e+02
1.541748e-01 4.975805e+01 1.665815e+02
1.543579e-01 4.973187e+01 1.660991e+02
1.545410e-01 4.970548e+01 1.656177e+02
1.547241e-01 4.967886e+01 1.651375e+02
1.549072e-01 4.965204e+01 1.646584e+02
1.550903e-01 4.962499e+01 1.641803e+02
1.552734e-01 4.959774e+01 1.637034e+02
1.554565e-01 4.957028e+01 1.632275e+02
1.556396e-01 4.954260e+01 1.627528e+02
1.557312e-01 4.952869e+01 1.625158e+02
1.558228e-01 4.951472e+01 1.622791e+02
1.559143e-01 4.950070e+01 1.620427e+02
1.560059e-01 4.948663e+01 1.618066e+02
1.560974e-01 4.947251e+01 1.615707e+02
1.561890e-01 4.945833e+01 1.613351e+02
1.562805e-01 4.944411e+01 1.610998e+02
1.563721e-01 4.942983e+01 1.608647e+02
1.564636e-01 4.941550e+01 1.606300e+02
1.565552e-01 4.940113e+01 1.603955e+02
1.566467e-01 4.938670e+01 1.601613e+02
1.567383e-01 4.937222e+01 1.599273e+02
1.568298e-01 4.935769e+01 1.596936e+02
1.569214e-01 4.934311e+01 1.594602e+02
1.570129e-01 4.932848e+01 1.592271e+02
1.571045e-01 4.931380e+01 1.589942e+02
1.571960e-01 4.929907e+01 1.587617e+02
1.572876e-01 4.928429e+01 1.585294e+02
1.573792e-01 4.926947e+01 1.582973e+02
1.574707e-01 4.925459e+01 1.580656e+02
1.578369e-01 4.919459e+01 1.571413e+02
1.582031e-01 4.913382e+01 1.562214e+02
1.585693e-01 4.907228e+01 1.553059e+02
1.589355e-01 4.900998e+01 1.543948e+02
1.593018e-01 4.894694e+01 1.534880e+02
1.596680e-01 4.888316e+01 1.525857e+02
1.600342e-01 4.881866e+01 1.516877e+02
1.604004e-01 4.875344e+01 1.507942e+02
1.607666e-01 4.868751e+01 1.499050e+02
1.611328e-01 4.862089e+01 1.490202e+02
1.625977e-01 4.834765e+01 1.455248e+02
1.640625e-01 4.806406e+01 1.420993e+02
1.655273e-01 4.777076e+01 1.387435e+02
1.669922e-01 4.746838e+01 1.354572e+02
1.684570e-01 4.715753e+01 1.322400e+02
1.699219e-01 4.683884e+01 1.290915e+02
1.713867e-01 4.651291e+01 1.260113e+02
1.728516e-01 4.618034e+01 1.229987e+02
1.743164e-01 4.584173e+01 1.200534e+02
1.757812e-01 4.549765e+01 1.171747e+02
1.787109e-01 4.479535e+01 1.116146e+02
1.816406e-01 4.407790e+01 1.063127e+02
1.845703e-01 4.334951e+01 1.012630e+02
1.875000e-01 4.261422e+01 9.645887e+01
1.904297e-01 4.187584e+01 9.189342e+01
1.933594e-01 4.113796e+01 8.755933e+01
1.962891e-01 4.040392e+01 8.344906e+01
1.992188e-01 3.967685e+01 7.955490e+01
2.021484e-01 3.895963e+01 7.586896e+01
2.050781e-01 3.825489e+01 7.238331e+01
2.080078e-01 3.756507e+01 6.908998e+01
2.109375e-01 3.689235e+01 6.598099e+01
2.138672e-01 3.623869e+01 6.304843e+01
2.167969e-01 3.560583e+01 6.028444e+01
2.197266e-01 3.499533e+01 5.768130e+01
2.226562e-01 3.440850e+01 5.523141e+01
2.255859e-01 3.384651e+01 5.292733e+01
2.285156e-01 3.331030e+01 5.076179e+01
2.314453e-01 3.280068e+01 4.872773e+01
2.343750e-01 3.231826e+01 4.681828e+01
2.373047e-01 3.186348e+01 4.502677e+01
2.402344e-01 3.143668e+01 4.334675e+01
2.431641e-01 3.103803e+01 4.177202e+01
2.460938e-01 3.066756e+01 4.029658e+01
2.490234e-01 3.032521e+01 3.891469e+01
2.519531e-01 3.001080e+01 3.762081e+01
2.548828e-01 2.972403e+01 3.640967e+01
2.578125e-01 2.946454e+01 3.527620e+01
2.607422e-01 2.923185e+01 3.421557e+01
2.636719e-01 2.902542e+01 3.322317e+01
2.666016e-01 2.884465e+01 3.229461e+01
2.695312e-01 2.868886e+01 3.142571e+01
2.724609e-01 2.855732e+01 3.061252e+01
2.753906e-01 2.844927e+01 2.985128e+01
2.783203e-01 2.836387e+01 2.913841e+01
2.812500e-01 2.830029e+01 2.847056e+01
2.841797e-01 2.825764e+01 2.784453e+01
2.871094e-01 2.823500e+01 2.725732e+01
2.900391e-01 2.823146e+01 2.670611e+01
2.929688e-01 2.824608e+01 2.618820e+01
2.944336e-01 2.825990e+01 2.594096e+01
2.958984e-01 2.827789e+01 2.570111e+01
2.973633e-01 2.829995e+01 2.546837e+01
2.988281e-01 2.832595e+01 2.524246e+01
3.002930e-01 2.835577e+01 2.502311e+01
3.017578e-01 2.838929e+01 2.481005e+01
3.032227e-01 2.842639e+01 2.460303e+01
3.046875e-01 2.846695e+01 2.440180e+01
3.061523e-01 2.851085e+01 2.420612e+01
3.076172e-01 2.855798e+01 2.401576e+01
3.079834e-01 2.857025e+01 2.396898e+01
3.083496e-01 2.858271e+01 2.392251e+01
3.087158e-01 2.859536e+01 2.387635e+01
3.090820e-01 2.860820e+01 2.383050e+01
3.094482e-01 2.862123e+01 2.378496e+01
3.098145e-01 2.863444e+01 2.373972e+01
3.101807e-01 2.864784e+01 2.369477e+01
3.105469e-01 2.866142e+01 2.365013e+01
3.109131e-01 2.867517e+01 2.360577e+01
3.112793e-01 2.868911e+01 2.356170e+01
3.116455e-01 2.870321e+01 2.351792e+01
3.120117e-01 2.871750e+01 2.347442e+01
3.123779e-01 2.873195e+01 2.343120e+01
3.127441e-01 2.874658e+01 2.338826e+01
3.131104e-01 2.876137e+01 2.334559e+01
3.134766e-01 2.877633e+01 2.330319e+01
3.138428e-01 2.879146e+01 2.326106e+01
3.142090e-01 2.880675e+01 2.321920e+01
3.145752e-01 2.882220e+01 2.317759e+01
3.149414e-01 2.883781e+01 2.313625e+01
3.156738e-01 2.886950e+01 2.305432e+01
3.164062e-01 2.890181e+01 2.297339e+01
3.171387e-01 2.893472e+01 2.289344e+01
3.178711e-01 2.896822e+01 2.281445e+01
3.186035e-01 2.900230e+01 2.273639e+01
3.193359e-01 2.903693e+01 2.265924e+01
3.200684e-01 2.907212e+01 2.258298e+01
3.208008e-01 2.910783e+01 2.250760e+01
3.215332e-01 2.914407e+01 2.243307e+01
3.222656e-01 2.918081e+01 2.235937e+01
3.251953e-01 2.933255e+01 2.207250e+01
3.281250e-01 2.949132e+01 2.179745e+01
3.310547e-01 2.965627e+01 2.153313e+01
3.339844e-01 2.982659e+01 2.127852e+01
3.369141e-01 3.000149e+01 2.103268e+01
3.398438e-01 3.018021e+01 2.079476e+01
3.427734e-01 3.036201e+01 2.056394e+01
3.457031e-01 3.054619e+01 2.033951e+01
3.486328e-01 3.073205e+01 2.012079e+01
3.515625e-01 3.091893e+01 1.990717e+01
3.544922e-01 3.110621e+01 1.969808e+01
3.574219e-01 3.129327e+01 1.949301e+01
3.603516e-01 3.147955e+01 1.929149e+01
3.632812e-01 3.166448e+01 1.909311e+01
3.662109e-01 3.184755e+01 1.889747e+01
3.691406e-01 3.202827e+01 1.870423e+01
3.720703e-01 3.220615e+01 1.851309e+01
3.750000e-01 3.238076e+01 1.832376e+01
3.779297e-01 3.255167e+01 1.813600e+01
3.808594e-01 3.271851e+01 1.794958e+01
3.837891e-01 3.288088e+01 1.776431e+01
3.867188e-01 3.303847e+01 1.758003e+01
3.896484e-01 3.319094e+01 1.739658e+01
3.925781e-01 3.333800e+01 1.721383e+01
3.955078e-01 3.347937e+01 1.703167e+01
3.984375e-01 3.361482e+01 1.685002e+01
4.013672e-01 3.374409e+01 1.666879e+01
4.042969e-01 3.386700e+01 1.648793e+01
4.072266e-01 3.398334e+01 1.630737e+01
4.101562e-01 3.409296e+01 1.612709e+01
4.130859e-01 3.419569e+01 1.594706e+01
4.160156e-01 3.429141e+01 1.576726e+01
4.189453e-01 3.438001e+01 1.558768e+01
4.218750e-01 3.446138e+01 1.540832e+01
4.248047e-01 3.453544e+01 1.522918e+01
4.277344e-01 3.460213e+01 1.505028e+01
4.306641e-01 3.466140e+01 1.487164e+01
4.335938e-01 3.471321e+01 1.469328e+01
4.365234e-01 3.475752e+01 1.451523e+01
4.394531e-01 3.479435e+01 1.433751e+01
4.423828e-01 3.482367e+01 1.416016e+01
4.453125e-01 3.484552e+01 1.398322e+01
4.482422e-01 3.485990e+01 1.380673e+01
4.511719e-01 3.486686e+01 1.363072e+01
4.541016e-01 3.486643e+01 1.345525e+01
4.570312e-01 3.485868e+01 1.328034e+01
4.599609e-01 3.484366e+01 1.310606e+01
4.628906e-01 3.482145e+01 1.293243e+01
4.658203e-01 3.479211e+01 1.275951e+01
4.687500e-01 3.475575e+01 1.258735e+01
4.716797e-01 3.471243e+01 1.241598e+01
4.746094e-01 3.466228e+01 1.224545e+01
4.775391e-01 3.460538e+01 1.207580e+01
4.804688e-01 3.454184e+01 1.190708e+01
4.833984e-01 3.447179e+01 1.173933e+01
4.863281e-01 3.439533e+01 1.157260e+01
4.892578e-01 3.431259e+01 1.140691e+01
4.921875e-01 3.422369e+01 1.124232e+01
4.951172e-01 3.412877e+01 1.107885e+01
4.980469e-01 3.402796e+01 1.091655e+01
5.009766e-01 3.392139e+01 1.075546e+01
5.039062e-01 3.380919e+01 1.059560e+01
5.068359e-01 3.369151e+01 1.043700e+01
5.097656e-01 3.356849e+01 1.027971e+01
5.126953e-01 3.344026e+01 1.012374e+01
5.156250e-01 3.330698e+01 9.969134e+00
5.185547e-01 3.316878e+01 9.815909e+00
5.214844e-01 3.302582e+01 9.664093e+00
5.244141e-01 3.287823e+01 9.513710e+00
5.273438e-01 3.272616e+01 9.364781e+00
5.332031e-01 3.240918e+01 9.071368e+00
5.390625e-01 3.207603e+01 8.784004e+00
5.449219e-01 3.172787e+01 8.502813e+00
5.507812e-01 3.136585e+01 8.227898e+00
5.566406e-01 3.099109e+01 7.959342e+00
5.625000e-01 3.060469e+01 7.697205e+00
5.683594e-01 3.020774e+01 7.441531e+00
5.742188e-01 2.980129e+01 7.192344e+00
5.800781e-01 2.938636e+01 6.949650e+00
5.859375e-01 2.896395e+01 6.713443e+00
5.888672e-01 2.875024e+01 6.597766e+00
5.917969e-01 2.853502e+01 6.483700e+00
5.947266e-01 2.831839e+01 6.371241e+00
5.976562e-01 2.810048e+01 6.260384e+00
6.005859e-01 2.788139e+01 6.151121e+00
6.035156e-01 2.766124e+01 6.043447e+00
6.064453e-01 2.744012e+01 5.937352e+00
6.093750e-01 2.721814e+01 5.832830e+00
6.123047e-01 2.699540e+01 5.729870e+00
6.152344e-01 2.677200e+01 5.628463e+00
6.159668e-01 2.671606e+01 5.603353e+00
6.166992e-01 2.666009e+01 5.578339e+00
6.174316e-01 2.660408e+01 5.553421e+00
6.181641e-01 2.654804e+01 5.528599e+00
6.188965e-01 2.649197e+01 5.503873e+00
6.196289e-01 2.643588e+01 5.479243e+00
6.203613e-01 2.637976e+01 5.454708e+00
6.210938e-01 2.632361e+01 5.430268e+00
6.218262e-01 2.626744e+01 5.405923e+00
6.225586e-01 2.621125e+01 5.381674e+00
6.232910e-01 2.615503e+01 5.357519e+00
6.240234e-01 2.609880e+01 5.333458e+00
6.247559e-01 2.604255e+01 5.309492e+00
6.254883e-01 2.598628e+01 5.285620e+00
6.262207e-01 2.593000e+01 5.261842e+00
6.269531e-01 2.587371e+01 5.238158e+00
6.276855e-01 2.581740e+01 5.214568e+00
6.284180e-01 2.576108e+01 5.191071e+00
6.291504e-01 2.570475e+01 5.167667e+00
6.298828e-01 2.564841e+01 5.144356e+00
6.313477e-01 2.553571e+01 5.098013e+00
6.328125e-01 2.542299e+01 5.052039e+00
6.342773e-01 2.531027e+01 5.006434e+00
6.357422e-01 2.519755e+01 4.961195e+00
6.372070e-01 2.508483e+01 4.916321e+00
6.386719e-01 2.497215e+01 4.871811e+00
6.401367e-01 2.485949e+01 4.827662e+00
6.416016e-01 2.474687e+01 4.783873e+00
6.430664e-01 2.463430e+01 4.740442e+00
6.445312e-01 2.452180e+01 4.697367e+00
6.503906e-01 2.407255e+01 4.528597e+00
6.562500e-01 2.362496e+01 4.365385e+00
6.621094e-01 2.317956e+01 4.207614e+00
6.679688e-01 2.273685e+01 4.055162e+00
6.738281e-01 2.229730e+01 3.907906e+00
6.796875e-01 2.186132e+01 3.765720e+00
6.855469e-01 2.142933e+01 3.628478e+00
6.914062e-01 2.100170e+01 3.496053e+00
6.972656e-01 2.057877e+01 3.368318e+00
7.031250e-01 2.016086e+01 3.245145e+00
7.148438e-01 1.934121e+01 3.011976e+00
7.265625e-01 1.854477e+01 2.795540e+00
7.382812e-01 1.777319e+01 2.594847e+00
7.500000e-01 1.702775e+01 2.408934e+00
7.617188e-01 1.630944e+01 2.236865e+00
7.734375e-01 1.561896e+01 2.077743e+00
7.851562e-01 1.495677e+01 1.930705e+00
7.968750e-01 1.432311e+01 1.794928e+00
8.085938e-01 1.371799e+01 1.669628e+00
8.203125e-01 1.314129e+01 1.554066e+00
8.261719e-01 1.286350e+01 1.499715e+00
8.320312e-01 1.259271e+01 1.447538e+00
8.378906e-01 1.232883e+01 1.397454e+00
8.437500e-01 1.207183e+01 1.349384e+00
8.496094e-01 1.182161e+01 1.303252e+00
8.554688e-01 1.157812e+01 1.258983e+00
8.613281e-01 1.134126e+01 1.216506e+00
8.671875e-01 1.111096e+01 1.175752e+00
8.730469e-01 1.088712e+01 1.136653e+00
8.789062e-01 1.066964e+01 1.099145e+00
8.847656e-01 1.045844e+01 1.063165e+00
8.906250e-01 1.025340e+01 1.028652e+00
8.964844e-01 1.005443e+01 9.955481e-01
9.023438e-01 9.861421e+00 9.637971e-01
9.082031e-01 9.674260e+00 9.333443e-01
9.140625e-01 9.492838e+00 9.041374e-01
9.199219e-01 9.317044e+00 8.761257e-01
9.257812e-01 9.146764e+00 8.492604e-01
9.316406e-01 8.981884e+00 8.234946e-01
9.375000e-01 8.822288e+00 7.987830e-01
9.492188e-01 8.518492e+00 7.523506e-01
9.609375e-01 8.234452e+00 7.096342e-01
9.726562e-01 7.969239e+00 6.703293e-01
9.843750e-01 7.721934e+00 6.341545e-01
9.960938e-01 7.491629e+00 6.008499e-01
1.007812e+00 7.277429e+00 5.701756e-01
1.019531e+00 7.078459e+00 5.419108e-01
1.031250e+00 6.893865e+00 5.158518e-01
1.042969e+00 6.722813e+00 4.918114e-01
1.054688e+00 6.564498e+00 4.696173e-01
1.066406e+00 6.418139e+00 4.491112e-01
1.078125e+00 6.282983e+00 4.301479e-01
1.089844e+00 6.158305e+00 4.125940e-01
1.101562e+00 6.043410e+00 3.963272e-01
1.113281e+00 5.937630e+00 3.812356e-01
1.125000e+00 5.840328e+00 3.672166e-01
1.136719e+00 5.750896e+00 3.541764e-01
1.148438e+00 5.668755e+00 3.420291e-01
1.160156e+00 5.593353e+00 3.306963e-01
1.171875e+00 5.524167e+00 3.201064e-01
1.177734e+00 5.491749e+00 3.150693e-01
1.183594e+00 5.460701e+00 3.101939e-01
1.189453e+00 5.430966e+00 3.054728e-01
1.195312e+00 5.402488e+00 3.008992e-01
1.201172e+00 5.375211e+00 2.964663e-01
1.207031e+00 5.349082e+00 2.921678e-01
1.212891e+00 5.324051e+00 2.879977e-01
1.218750e+00 5.300068e+00 2.839503e-01
1.224609e+00 5.277083e+00 2.800199e-01
1.230469e+00 5.255050e+00 2.762013e-01
1.231934e+00 5.249685e+00 2.752636e-01
1.233398e+00 5.244376e+00 2.743324e-01
1.234863e+00 5.239122e+00 2.734078e-01
1.236328e+00 5.233923e+00 2.724896e-01
1.237793e+00 5.228778e+00 2.715778e-01
1.239258e+00 5.223686e+00 2.706723e-01
1.240723e+00 5.218646e+00 2.697731e-01
1.242188e+00 5.213659e+00 2.688800e-01
1.243652e+00 5.208722e+00 2.679929e-01
1.245117e+00 5.203836e+00 2.671119e-01
1.246582e+00 5.199000e+00 2.662369e-01
1.248047e+00 5.194214e+00 2.653678e-01
1.249512e+00 5.189476e+00 2.645044e-01
1.250977e+00 5.184785e+00 2.636468e-01
1.252441e+00 5.180143e+00 2.627949e-01
1.253906e+00 5.175546e+00 2.619487e-01
1.255371e+00 5.170996e+00 2.611080e-01
1.256836e+00 5.166492e+00 2.602728e-01
1.258301e+00 5.162032e+00 2.594430e-01
1.259766e+00 5.157617e+00 2.586186e-01
1.262695e+00 5.148917e+00 2.569857e-01
1.265625e+00 5.140388e+00 2.553735e-01
1.268555e+00 5.132023e+00 2.537817e-01
1.271484e+00 5.123820e+00 2.522098e-01
1.274414e+00 5.115773e+00 2.506573e-01
1.277344e+00 5.107879e+00 2.491238e-01
1.280273e+00 5.100132e+00 2.476088e-01
1.283203e+00 5.092528e+00 2.461120e-01
1.286133e+00 5.085064e+00 2.446329e-01
1.289062e+00 5.077734e+00 2.431712e-01
1.300781e+00 5.049689e+00 2.374905e-01
1.312500e+00 5.023494e+00 2.320584e-01
1.324219e+00 4.998920e+00 2.268542e-01
1.335938e+00 4.975753e+00 2.218588e-01
1.347656e+00 4.953795e+00 2.170550e-01
1.359375e+00 4.932863e+00 2.124275e-01
1.371094e+00 4.912789e+00 2.079620e-01
1.382812e+00 4.893418e+00 2.036460e-01
1.394531e+00 4.874605e+00 1.994679e-01
1.406250e+00 4.856221e+00 1.954175e-01
1.417969e+00 4.838147e+00 1.914855e-01
1.429688e+00 4.820272e+00 1.876633e-01
1.441406e+00 4.802498e+00 1.839435e-01
1.453125e+00 4.784735e+00 1.803193e-01
1.464844e+00 4.766903e+00 1.767844e-01
1.476562e+00 4.748929e+00 1.733333e-01
1.488281e+00 4.730747e+00 1.699612e-01
1.500000e+00 4.712299e+00 1.666635e-01
1.511719e+00 4.693536e+00 1.634362e-01
1.523438e+00 4.674411e+00 1.602757e-01
1.529297e+00 4.664701e+00 1.587195e-01
1.535156e+00 4.654886e+00 1.571788e-01
1.541016e+00 4.644963e+00 1.556533e-01
1.546875e+00 4.634928e+00 1.541426e-01
1.552734e+00 4.624776e+00 1.526464e-01
1.558594e+00 4.614507e+00 1.511644e-01
1.564453e+00 4.604115e+00 1.496963e-01
1.570312e+00 4.593599e+00 1.482419e-01
1.576172e+00 4.582957e+00 1.468009e-01
1.582031e+00 4.572186e+00 1.453731e-01
1.587891e+00 4.561285e+00 1.439581e-01
1.593750e+00 4.550252e+00 1.425559e-01
1.599609e+00 4.539085e+00 1.411662e-01
1.605469e+00 4.527784e+00 1.397887e-01
1.611328e+00 4.516347e+00 1.384234e-01
1.617188e+00 4.504774e+00 1.370700e-01
1.623047e+00 4.493064e+00 1.357284e-01
1.628906e+00 4.481217e+00 1.343984e-01
1.634766e+00 4.469233e+00 1.330798e-01
1.640625e+00 4.457110e+00 1.317725e-01
1.664062e+00 4.407249e+00 1.266539e-01
1.687500e+00 4.355218e+00 1.217061e-01
1.710938e+00 4.301076e+00 1.169227e-01
1.734375e+00 4.244906e+00 1.122980e-01
1.757812e+00 4.186813e+00 1.078273e-01
1.781250e+00 4.126916e+00 1.035061e-01
1.804688e+00 4.065348e+00 9.933077e-02
1.828125e+00 4.002247e+00 9.529765e-02
1.851562e+00 3.937759e+00 9.140344e-02
1.875000e+00 3.872033e+00 8.764491e-02
1.921875e+00 3.737469e+00 8.052254e-02
1.968750e+00 3.599737e+00 7.390602e-02
2.015625e+00 3.459973e+00 6.777092e-02
2.062500e+00 3.319232e+00 6.209259e-02
2.109375e+00 3.178476e+00 5.684621e-02
2.156250e+00 3.038564e+00 5.200683e-02
2.203125e+00 2.900250e+00 4.754965e-02
2.250000e+00 2.764183e+00 4.345021e-02
2.296875e+00 2.630912e+00 3.968457e-02
2.343750e+00 2.500893e+00 3.622953e-02
2.355469e+00 2.468942e+00 3.541166e-02
2.367188e+00 2.437222e+00 3.461146e-02
2.378906e+00 2.405739e+00 3.382859e-02
2.390625e+00 2.374497e+00 3.306273e-02
2.402344e+00 2.343499e+00 3.231355e-02
2.414062e+00 2.312751e+00 3.158071e-02
2.425781e+00 2.282255e+00 3.086391e-02
2.437500e+00 2.252015e+00 3.016283e-02
2.449219e+00 2.222033e+00 2.947715e-02
2.460938e+00 2.192313e+00 2.880657e-02
2.472656e+00 2.162858e+00 2.815079e-02
2.484375e+00 2.133669e+00 2.750952e-02
2.496094e+00 2.104749e+00 2.688244e-02
2.507812e+00 2.076100e+00 2.626929e-02
2.519531e+00 2.047724e+00 2.566977e-02
2.531250e+00 2.019621e+00 2.508360e-02
2.542969e+00 1.991794e+00 2.451051e-02
2.554688e+00 1.964243e+00 2.395023e-02
2.566406e+00 1.936969e+00 2.340249e-02
2.578125e+00 1.909974e+00 2.286703e-02
2.601562e+00 1.856822e+00 2.183192e-02
2.625000e+00 1.804788e+00 2.084288e-02
2.648438e+00 1.753875e+00 1.989799e-02
2.671875e+00 1.704080e+00 1.899538e-02
2.695312e+00 1.655402e+00 1.813324e-02
2.718750e+00 1.607834e+00 1.730983e-02
2.742188e+00 1.561370e+00 1.652349e-02
2.765625e+00 1.516003e+00 1.577261e-02
2.789062e+00 1.471722e+00 1.505565e-02
2.812500e+00 1.428517e+00 1.437112e-02
2.835938e+00 1.386377e+00 1.371760e-02
2.859375e+00 1.345287e+00 1.309372e-02
2.882812e+00 1.305235e+00 1.249816e-02
2.906250e+00 1.266206e+00 1.192968e-02
2.929688e+00 1.228186e+00 1.138706e-02
2.953125e+00 1.191157e+00 1.086914e-02
2.976562e+00 1.155104e+00 1.037483e-02
3.000000e+00 1.120010e+00 9.903059e-03
3.023438e+00 1.085858e+00 9.452812e-03
3.046875e+00 1.052630e+00 9.023118e-03
3.070312e+00 1.020309e+00 8.613049e-03
3.093750e+00 9.888778e-01 8.221714e-03
3.117188e+00 9.583171e-01 7.848263e-03
3.140625e+00 9.286093e-01 7.491883e-03
3.164062e+00 8.997363e-01 7.151798e-03
3.187500e+00 8.716798e-01 6.827265e-03
3.210938e+00 8.444219e-01 6.517573e-03
3.234375e+00 8.179443e-01 6.222045e-03
3.257812e+00 7.922291e-01 5.940032e-03
3.281250e+00 7.672586e-01 5.670916e-03
3.328125e+00 7.194805e-01 5.169040e-03
3.375000e+00 6.744703e-01 4.712001e-03
3.421875e+00 6.320916e-01 4.295778e-03
3.468750e+00 5.922116e-01 3.916707e-03
3.515625e+00 5.547016e-01 3.571449e-03
3.562500e+00 5.194371e-01 3.256967e-03
3.609375e+00 4.862982e-01 2.970495e-03
3.656250e+00 4.551696e-01 2.709515e-03
3.703125e+00 4.259408e-01 2.471739e-03
3.750000e+00 3.985059e-01 2.255082e-03
3.843750e+00 3.486179e-01 1.877714e-03
3.937500e+00 3.047517e-01 1.564210e-03
4.031250e+00 2.662251e-01 1.303646e-03
4.125000e+00 2.324234e-01 1.086981e-03
4.218750e+00 2.027958e-01 9.067372e-04
4.312500e+00 1.768493e-01 7.567200e-04
4.406250e+00 1.541448e-01 6.318016e-04
4.500000e+00 1.342918e-01 5.277335e-04
4.593750e+00 1.169440e-01 4.409947e-04
4.687500e+00 1.017949e-01 3.686663e-04
4.710938e+00 9.831866e-02 3.525424e-04
4.734375e+00 9.495887e-02 3.371323e-04
4.757812e+00 9.171173e-02 3.224040e-04
4.781250e+00 8.857356e-02 3.083269e-04
4.804688e+00 8.554081e-02 2.948718e-04
4.828125e+00 8.261004e-02 2.820109e-04
4.851562e+00 7.977789e-02 2.697177e-04
4.875000e+00 7.704115e-02 2.579667e-04
4.898438e+00 7.439668e-02 2.467338e-04
4.921875e+00 7.184145e-02 2.359957e-04
4.945312e+00 6.937251e-02 2.257304e-04
4.968750e+00 6.698702e-02 2.159168e-04
4.992188e+00 6.468221e-02 2.065348e-04
5.015625e+00 6.245542e-02 1.975651e-04
5.039062e+00 6.030408e-02 1.889894e-04
5.062500e+00 5.822573e-02 1.807903e-04
5.085938e+00 5.621793e-02 1.729510e-04
5.109375e+00 5.427834e-02 1.654555e-04
5.132812e+00 5.240469e-02 1.582885e-04
5.156250e+00 5.059478e-02 1.514356e-04
5.203125e+00 4.715776e-02 1.386164e-04
5.250000e+00 4.395109e-02 1.268940e-04
5.296875e+00 4.095962e-02 1.161734e-04
5.343750e+00 3.816917e-02 1.063679e-04
5.390625e+00 3.556648e-02 9.739861e-05
5.437500e+00 3.313913e-02 8.919339e-05
5.484375e+00 3.087551e-02 8.168643e-05
5.531250e+00 2.876475e-02 7.481767e-05
5.578125e+00 2.679671e-02 6.853227e-05
5.625000e+00 2.496188e-02 6.278015e-05
5.812500e+00 1.878554e-02 4.424741e-05
6.000000e+00 1.412608e-02 3.122550e-05
6.187500e+00 1.061470e-02 2.206315e-05
6.375000e+00 7.970995e-03 1.560782e-05
6.562500e+00 5.982235e-03 1.105389e-05
6.750000e+00 4.487304e-03 7.837328e-06
6.937500e+00 3.364370e-03 5.562729e-06
7.125000e+00 2.521420e-03 3.952443e-06
7.312500e+00 1.889007e-03 2.811201e-06
7.500000e+00 1.414732e-03 2.001437e-06
7.687500e+00 1.059235e-03 1.426304e-06
7.875000e+00 7.928665e-04 1.017394e-06
8.062500e+00 5.933542e-04 7.263814e-07
8.250000e+00 4.439625e-04 5.190731e-07
8.437500e+00 3.321293e-04 3.712528e-07
8.625000e+00 2.484310e-04 2.657527e-07
8.812500e+00 1.858023e-04 1.903895e-07
9.000000e+00 1.389484e-04 1.365082e-07
9.187500e+00 1.039017e-04 9.795309e-08
9.375000e+00 7.768992e-05 7.034160e-08
9.562500e+00 5.808767e-05 5.055117e-08
9.750000e+00 4.342879e-05 3.635454e-08
9.937500e+00 3.246931e-05 2.616429e-08
1.012500e+01 2.427604e-05 1.884421e-08
1.031250e+01 1.814916e-05 1.358060e-08
1.050000e+01 1.356662e-05 9.792264e-09
1.068750e+01 1.014051e-05 7.064761e-09
1.087500e+01 7.580991e-06 5.101027e-09
1.106250e+01 5.668257e-06 3.685812e-09
1.125000e+01 4.238378e-06 2.664924e-09
1.162500e+01 2.370420e-06 1.395820e-09
1.200000e+01 1.325641e-06 7.325773e-10
1.237500e+01 7.409521e-07 3.850258e-10
1.275000e+01 4.139319e-07 2.026276e-10
1.312500e+01 2.314367e-07 1.069113e-10
1.350000e+01 1.296661e-07 5.661730e-11
1.387500e+01 7.273856e-08 3.006691e-11
1.425000e+01 4.082382e-08 1.599831e-11
1.462500e+01 2.286015e-08 8.505063e-12
1.500000e+01 1.286223e-08 4.549083e-12
1.650000e+01 1.274728e-09 3.725975e-13
1.800000e+01 3.879094e-10 9.527423e-14
1.950000e+01 2.259994e-10 4.729642e-14
2.100000e+01 1.074839e-10 1.939522e-14
2.250000e+01 2.169398e-10 3.410079e-14
2.400000e+01 2.408941e-10 3.328081e-14
2.550000e+01 9.318296e-11 1.140371e-14
2.700000e+01 7.031636e-11 7.675717e-15
2.850000e+01 9.237568e-11 9.050197e-15
3.000000e+01 2.079075e-230 1.838306e-234
