# 
# Output from RAtom program.
# 
# Total radial electron density.
# The first column contains radius $r$ in bohr units.
# The second column holds $\rho(r)$.
# The third column holds $\tilde{\rho}(r) = \rho(r) / (\pi * r * r)$
# 
# Use this file with gnuplot to create the plot.
# 
# R     Rho     RhoTilde
#
0.000000e+00 0.000000e+00 3.670679e+05
8.392334e-05 3.205459e-02 3.621720e+05
1.678467e-04 1.265082e-01 3.573415e+05
2.517700e-04 2.808471e-01 3.525755e+05
3.356934e-04 4.926248e-01 3.478732e+05
4.196167e-04 7.594607e-01 3.432337e+05
5.035400e-04 1.079039e+00 3.386562e+05
5.874634e-04 1.449105e+00 3.341400e+05
6.713867e-04 1.867469e+00 3.296841e+05
7.553101e-04 2.331998e+00 3.252879e+05
8.392334e-04 2.840621e+00 3.209504e+05
9.231567e-04 3.391322e+00 3.166710e+05
1.007080e-03 3.982143e+00 3.124489e+05
1.091003e-03 4.611180e+00 3.082833e+05
1.174927e-03 5.276582e+00 3.041734e+05
1.258850e-03 5.976554e+00 3.001186e+05
1.342773e-03 6.709349e+00 2.961182e+05
1.426697e-03 7.473272e+00 2.921713e+05
1.510620e-03 8.266675e+00 2.882773e+05
1.594543e-03 9.087961e+00 2.844356e+05
1.678467e-03 9.935578e+00 2.806453e+05
1.846313e-03 1.170382e+01 2.732166e+05
2.014160e-03 1.355990e+01 2.659859e+05
2.182007e-03 1.549297e+01 2.589480e+05
2.349854e-03 1.749285e+01 2.520978e+05
2.517700e-03 1.954999e+01 2.454305e+05
2.685547e-03 2.165541e+01 2.389412e+05
2.853394e-03 2.380072e+01 2.326253e+05
3.021240e-03 2.597806e+01 2.264781e+05
3.189087e-03 2.818006e+01 2.204953e+05
3.356934e-03 3.039989e+01 2.146726e+05
3.524780e-03 3.263112e+01 2.090057e+05
3.692627e-03 3.486782e+01 2.034905e+05
3.860474e-03 3.710445e+01 1.981230e+05
4.028320e-03 3.933588e+01 1.928994e+05
4.196167e-03 4.155734e+01 1.878159e+05
4.364014e-03 4.376446e+01 1.828687e+05
4.531860e-03 4.595318e+01 1.780544e+05
4.699707e-03 4.811977e+01 1.733693e+05
4.867554e-03 5.026082e+01 1.688100e+05
5.035400e-03 5.237322e+01 1.643733e+05
5.203247e-03 5.445410e+01 1.600560e+05
5.371094e-03 5.650090e+01 1.558547e+05
5.538940e-03 5.851127e+01 1.517666e+05
5.706787e-03 6.048312e+01 1.477886e+05
5.874634e-03 6.241457e+01 1.439178e+05
6.042480e-03 6.430395e+01 1.401513e+05
6.210327e-03 6.614980e+01 1.364865e+05
6.378174e-03 6.795082e+01 1.329206e+05
6.546021e-03 6.970593e+01 1.294509e+05
6.713867e-03 7.141417e+01 1.260750e+05
6.881714e-03 7.307476e+01 1.227904e+05
7.049561e-03 7.468707e+01 1.195946e+05
7.217407e-03 7.625060e+01 1.164853e+05
7.385254e-03 7.776497e+01 1.134601e+05
7.553101e-03 7.922994e+01 1.105170e+05
7.720947e-03 8.064538e+01 1.076536e+05
7.888794e-03 8.201125e+01 1.048678e+05
8.056641e-03 8.332763e+01 1.021577e+05
8.224487e-03 8.459467e+01 9.952117e+04
8.392334e-03 8.581263e+01 9.695626e+04
8.560181e-03 8.698183e+01 9.446106e+04
8.728027e-03 8.810268e+01 9.203374e+04
8.895874e-03 8.917564e+01 8.967247e+04
9.063721e-03 9.020125e+01 8.737550e+04
9.231567e-03 9.118010e+01 8.514111e+04
9.399414e-03 9.211283e+01 8.296763e+04
9.567261e-03 9.300014e+01 8.085344e+04
9.735107e-03 9.384276e+01 7.879695e+04
9.902954e-03 9.464149e+01 7.679663e+04
1.007080e-02 9.539712e+01 7.485096e+04
1.023865e-02 9.611052e+01 7.295850e+04
1.040649e-02 9.678255e+01 7.111780e+04
1.057434e-02 9.741413e+01 6.932749e+04
1.074219e-02 9.800618e+01 6.758622e+04
1.091003e-02 9.855965e+01 6.589266e+04
1.107788e-02 9.907551e+01 6.424555e+04
1.124573e-02 9.955473e+01 6.264363e+04
1.141357e-02 9.999832e+01 6.108569e+04
1.158142e-02 1.004073e+02 5.957055e+04
1.174927e-02 1.007826e+02 5.809705e+04
1.191711e-02 1.011253e+02 5.666408e+04
1.208496e-02 1.014364e+02 5.527053e+04
1.225281e-02 1.017170e+02 5.391536e+04
1.242065e-02 1.019681e+02 5.259753e+04
1.258850e-02 1.021906e+02 5.131602e+04
1.275635e-02 1.023856e+02 5.006985e+04
1.292419e-02 1.025541e+02 4.885808e+04
1.309204e-02 1.026972e+02 4.767976e+04
1.325989e-02 1.028158e+02 4.653400e+04
1.342773e-02 1.029110e+02 4.541991e+04
1.376343e-02 1.030348e+02 4.328334e+04
1.409912e-02 1.030764e+02 4.126343e+04
1.443481e-02 1.030435e+02 3.935394e+04
1.477051e-02 1.029433e+02 3.754893e+04
1.510620e-02 1.027832e+02 3.584278e+04
1.544189e-02 1.025699e+02 3.423015e+04
1.577759e-02 1.023101e+02 3.270599e+04
1.611328e-02 1.020102e+02 3.126552e+04
1.644897e-02 1.016763e+02 2.990419e+04
1.678467e-02 1.013142e+02 2.861772e+04
1.686859e-02 1.012200e+02 2.830731e+04
1.695251e-02 1.011244e+02 2.800127e+04
1.703644e-02 1.010275e+02 2.769952e+04
1.712036e-02 1.009295e+02 2.740202e+04
1.720428e-02 1.008304e+02 2.710869e+04
1.728821e-02 1.007303e+02 2.681949e+04
1.737213e-02 1.006293e+02 2.653435e+04
1.745605e-02 1.005275e+02 2.625322e+04
1.753998e-02 1.004248e+02 2.597605e+04
1.762390e-02 1.003215e+02 2.570277e+04
1.770782e-02 1.002175e+02 2.543333e+04
1.779175e-02 1.001130e+02 2.516768e+04
1.787567e-02 1.000080e+02 2.490577e+04
1.795959e-02 9.990255e+01 2.464754e+04
1.804352e-02 9.979680e+01 2.439295e+04
1.812744e-02 9.969077e+01 2.414193e+04
1.821136e-02 9.958453e+01 2.389445e+04
1.829529e-02 9.947815e+01 2.365045e+04
1.837921e-02 9.937169e+01 2.340987e+04
1.846313e-02 9.926522e+01 2.317269e+04
1.863098e-02 9.905250e+01 2.270827e+04
1.879883e-02 9.884046e+01 2.225683e+04
1.896667e-02 9.862959e+01 2.181800e+04
1.913452e-02 9.842033e+01 2.139143e+04
1.930237e-02 9.821312e+01 2.097676e+04
1.947021e-02 9.800839e+01 2.057368e+04
1.963806e-02 9.780654e+01 2.018184e+04
1.980591e-02 9.760795e+01 1.980094e+04
1.997375e-02 9.741302e+01 1.943067e+04
2.014160e-02 9.722208e+01 1.907072e+04
2.047729e-02 9.685356e+01 1.838064e+04
2.081299e-02 9.650496e+01 1.772845e+04
2.114868e-02 9.617859e+01 1.711205e+04
2.148438e-02 9.587657e+01 1.652940e+04
2.182007e-02 9.560076e+01 1.597862e+04
2.215576e-02 9.535283e+01 1.545790e+04
2.249146e-02 9.513426e+01 1.496553e+04
2.282715e-02 9.494632e+01 1.449990e+04
2.316284e-02 9.479010e+01 1.405949e+04
2.349854e-02 9.466651e+01 1.364284e+04
2.383423e-02 9.457632e+01 1.324861e+04
2.416992e-02 9.452010e+01 1.287549e+04
2.450562e-02 9.449831e+01 1.252227e+04
2.484131e-02 9.451125e+01 1.218778e+04
2.517700e-02 9.455908e+01 1.187095e+04
2.551270e-02 9.464184e+01 1.157073e+04
2.584839e-02 9.475946e+01 1.128615e+04
2.618408e-02 9.491175e+01 1.101629e+04
2.651978e-02 9.509843e+01 1.076029e+04
2.685547e-02 9.531910e+01 1.051731e+04
2.719116e-02 9.557330e+01 1.028658e+04
2.752686e-02 9.586046e+01 1.006738e+04
2.786255e-02 9.617996e+01 9.859004e+03
2.819824e-02 9.653109e+01 9.660804e+03
2.853394e-02 9.691307e+01 9.472163e+03
2.886963e-02 9.732510e+01 9.292500e+03
2.920532e-02 9.776628e+01 9.121268e+03
2.954102e-02 9.823570e+01 8.957950e+03
2.987671e-02 9.873238e+01 8.802058e+03
3.021240e-02 9.925531e+01 8.653133e+03
3.054810e-02 9.980347e+01 8.510743e+03
3.088379e-02 1.003758e+02 8.374480e+03
3.121948e-02 1.009711e+02 8.243961e+03
3.155518e-02 1.015884e+02 8.118825e+03
3.189087e-02 1.022265e+02 7.998731e+03
3.222656e-02 1.028843e+02 7.883361e+03
3.256226e-02 1.035606e+02 7.772413e+03
3.289795e-02 1.042543e+02 7.665604e+03
3.323364e-02 1.049641e+02 7.562670e+03
3.356934e-02 1.056890e+02 7.463360e+03
3.373718e-02 1.060567e+02 7.414991e+03
3.390503e-02 1.064277e+02 7.367442e+03
3.407288e-02 1.068019e+02 7.320684e+03
3.424072e-02 1.071792e+02 7.274693e+03
3.440857e-02 1.075593e+02 7.229443e+03
3.457642e-02 1.079422e+02 7.184910e+03
3.474426e-02 1.083276e+02 7.141069e+03
3.491211e-02 1.087156e+02 7.097897e+03
3.507996e-02 1.091058e+02 7.055373e+03
3.524780e-02 1.094983e+02 7.013475e+03
3.533173e-02 1.096952e+02 6.992754e+03
3.541565e-02 1.098927e+02 6.972181e+03
3.549957e-02 1.100907e+02 6.951755e+03
3.558350e-02 1.102891e+02 6.931472e+03
3.566742e-02 1.104880e+02 6.911331e+03
3.575134e-02 1.106872e+02 6.891329e+03
3.583527e-02 1.108869e+02 6.871463e+03
3.591919e-02 1.110870e+02 6.851731e+03
3.600311e-02 1.112874e+02 6.832131e+03
3.608704e-02 1.114883e+02 6.812661e+03
3.617096e-02 1.116894e+02 6.793319e+03
3.625488e-02 1.118909e+02 6.774102e+03
3.633881e-02 1.120926e+02 6.755008e+03
3.642273e-02 1.122947e+02 6.736035e+03
3.650665e-02 1.124970e+02 6.717182e+03
3.659058e-02 1.126996e+02 6.698445e+03
3.667450e-02 1.129024e+02 6.679824e+03
3.675842e-02 1.131055e+02 6.661316e+03
3.684235e-02 1.133087e+02 6.642919e+03
3.692627e-02 1.135122e+02 6.624632e+03
3.726196e-02 1.143276e+02 6.552540e+03
3.759766e-02 1.151448e+02 6.482056e+03
3.793335e-02 1.159627e+02 6.413074e+03
3.826904e-02 1.167806e+02 6.345495e+03
3.860474e-02 1.175973e+02 6.279228e+03
3.894043e-02 1.184120e+02 6.214187e+03
3.927612e-02 1.192238e+02 6.150293e+03
3.961182e-02 1.200318e+02 6.087471e+03
3.994751e-02 1.208352e+02 6.025653e+03
4.028320e-02 1.216331e+02 5.964775e+03
4.095459e-02 1.232097e+02 5.845609e+03
4.162598e-02 1.247554e+02 5.729551e+03
4.229736e-02 1.262649e+02 5.616245e+03
4.296875e-02 1.277330e+02 5.505386e+03
4.364014e-02 1.291552e+02 5.396719e+03
4.431152e-02 1.305273e+02 5.290031e+03
4.498291e-02 1.318456e+02 5.185143e+03
4.565430e-02 1.331068e+02 5.081912e+03
4.632568e-02 1.343081e+02 4.980220e+03
4.699707e-02 1.354468e+02 4.879973e+03
4.766846e-02 1.365211e+02 4.781099e+03
4.833984e-02 1.375291e+02 4.683542e+03
4.901123e-02 1.384696e+02 4.587261e+03
4.968262e-02 1.393416e+02 4.492230e+03
5.035400e-02 1.401443e+02 4.398430e+03
5.102539e-02 1.408775e+02 4.305853e+03
5.169678e-02 1.415411e+02 4.214498e+03
5.236816e-02 1.421353e+02 4.124369e+03
5.303955e-02 1.426606e+02 4.035475e+03
5.371094e-02 1.431178e+02 3.947829e+03
5.404663e-02 1.433211e+02 3.904478e+03
5.438232e-02 1.435077e+02 3.861445e+03
5.471802e-02 1.436778e+02 3.818732e+03
5.505371e-02 1.438316e+02 3.776341e+03
5.538940e-02 1.439691e+02 3.734274e+03
5.572510e-02 1.440907e+02 3.692533e+03
5.606079e-02 1.441965e+02 3.651122e+03
5.639648e-02 1.442867e+02 3.610042e+03
5.673218e-02 1.443615e+02 3.569295e+03
5.706787e-02 1.444211e+02 3.528884e+03
5.740356e-02 1.444658e+02 3.488811e+03
5.773926e-02 1.444958e+02 3.449078e+03
5.807495e-02 1.445114e+02 3.409688e+03
5.841064e-02 1.445128e+02 3.370642e+03
5.874634e-02 1.445003e+02 3.331942e+03
5.908203e-02 1.444742e+02 3.293590e+03
5.941772e-02 1.444347e+02 3.255589e+03
5.975342e-02 1.443820e+02 3.217939e+03
6.008911e-02 1.443166e+02 3.180642e+03
6.042480e-02 1.442386e+02 3.143700e+03
6.109619e-02 1.440462e+02 3.070887e+03
6.176758e-02 1.438073e+02 2.999508e+03
6.243896e-02 1.435243e+02 2.929572e+03
6.311035e-02 1.431997e+02 2.861086e+03
6.378174e-02 1.428359e+02 2.794053e+03
6.445312e-02 1.424354e+02 2.728476e+03
6.512451e-02 1.420009e+02 2.664356e+03
6.579590e-02 1.415348e+02 2.601691e+03
6.646729e-02 1.410396e+02 2.540478e+03
6.713867e-02 1.405179e+02 2.480712e+03
6.747437e-02 1.402478e+02 2.451369e+03
6.781006e-02 1.399721e+02 2.422386e+03
6.814575e-02 1.396909e+02 2.393760e+03
6.848145e-02 1.394046e+02 2.365492e+03
6.881714e-02 1.391135e+02 2.337579e+03
6.915283e-02 1.388179e+02 2.310020e+03
6.948853e-02 1.385181e+02 2.282814e+03
6.982422e-02 1.382144e+02 2.255959e+03
7.015991e-02 1.379070e+02 2.229453e+03
7.049561e-02 1.375963e+02 2.203295e+03
7.057953e-02 1.375181e+02 2.196810e+03
7.066345e-02 1.374397e+02 2.190346e+03
7.074738e-02 1.373612e+02 2.183904e+03
7.083130e-02 1.372825e+02 2.177483e+03
7.091522e-02 1.372036e+02 2.171084e+03
7.099915e-02 1.371245e+02 2.164706e+03
7.108307e-02 1.370453e+02 2.158350e+03
7.116699e-02 1.369659e+02 2.152015e+03
7.125092e-02 1.368863e+02 2.145702e+03
7.133484e-02 1.368066e+02 2.139409e+03
7.137680e-02 1.367667e+02 2.136271e+03
7.141876e-02 1.367268e+02 2.133139e+03
7.146072e-02 1.366868e+02 2.130011e+03
7.150269e-02 1.366468e+02 2.126889e+03
7.154465e-02 1.366067e+02 2.123772e+03
7.158661e-02 1.365666e+02 2.120661e+03
7.162857e-02 1.365265e+02 2.117555e+03
7.167053e-02 1.364864e+02 2.114454e+03
7.171249e-02 1.364462e+02 2.111358e+03
7.175446e-02 1.364060e+02 2.108268e+03
7.179642e-02 1.363657e+02 2.105183e+03
7.183838e-02 1.363254e+02 2.102103e+03
7.188034e-02 1.362851e+02 2.099029e+03
7.192230e-02 1.362448e+02 2.095959e+03
7.196426e-02 1.362044e+02 2.092896e+03
7.200623e-02 1.361640e+02 2.089837e+03
7.204819e-02 1.361236e+02 2.086784e+03
7.209015e-02 1.360831e+02 2.083735e+03
7.213211e-02 1.360426e+02 2.080693e+03
7.217407e-02 1.360021e+02 2.077655e+03
7.234192e-02 1.358398e+02 2.065557e+03
7.250977e-02 1.356771e+02 2.053542e+03
7.267761e-02 1.355140e+02 2.041611e+03
7.284546e-02 1.353506e+02 2.029763e+03
7.301331e-02 1.351869e+02 2.017998e+03
7.318115e-02 1.350229e+02 2.006315e+03
7.334900e-02 1.348587e+02 1.994715e+03
7.351685e-02 1.346943e+02 1.983196e+03
7.368469e-02 1.345297e+02 1.971759e+03
7.385254e-02 1.343650e+02 1.960403e+03
7.452393e-02 1.337052e+02 1.915786e+03
7.519531e-02 1.330455e+02 1.872443e+03
7.586670e-02 1.323876e+02 1.830354e+03
7.653809e-02 1.317334e+02 1.789496e+03
7.720947e-02 1.310844e+02 1.749846e+03
7.788086e-02 1.304423e+02 1.711382e+03
7.855225e-02 1.298085e+02 1.674080e+03
7.922363e-02 1.291846e+02 1.637915e+03
7.989502e-02 1.285718e+02 1.602863e+03
8.056641e-02 1.279714e+02 1.568900e+03
8.123779e-02 1.273847e+02 1.536000e+03
8.190918e-02 1.268127e+02 1.504138e+03
8.258057e-02 1.262565e+02 1.473290e+03
8.325195e-02 1.257171e+02 1.443430e+03
8.392334e-02 1.251954e+02 1.414532e+03
8.459473e-02 1.246921e+02 1.386572e+03
8.526611e-02 1.242080e+02 1.359524e+03
8.593750e-02 1.237439e+02 1.333363e+03
8.660889e-02 1.233002e+02 1.308064e+03
8.728027e-02 1.228776e+02 1.283603e+03
8.795166e-02 1.224765e+02 1.259954e+03
8.862305e-02 1.220973e+02 1.237094e+03
8.929443e-02 1.217403e+02 1.214999e+03
8.996582e-02 1.214059e+02 1.193644e+03
9.063721e-02 1.210942e+02 1.173007e+03
9.130859e-02 1.208055e+02 1.153064e+03
9.197998e-02 1.205397e+02 1.133793e+03
9.265137e-02 1.202970e+02 1.115171e+03
9.332275e-02 1.200774e+02 1.097176e+03
9.399414e-02 1.198807e+02 1.079787e+03
9.466553e-02 1.197070e+02 1.062982e+03
9.533691e-02 1.195560e+02 1.046741e+03
9.600830e-02 1.194276e+02 1.031044e+03
9.667969e-02 1.193215e+02 1.015871e+03
9.735107e-02 1.192375e+02 1.001202e+03
9.802246e-02 1.191753e+02 9.870181e+02
9.869385e-02 1.191344e+02 9.733014e+02
9.936523e-02 1.191146e+02 9.600334e+02
1.000366e-01 1.191155e+02 9.471968e+02
1.007080e-01 1.191364e+02 9.347743e+02
1.013794e-01 1.191772e+02 9.227494e+02
1.020508e-01 1.192371e+02 9.111058e+02
1.027222e-01 1.193157e+02 8.998278e+02
1.033936e-01 1.194125e+02 8.889001e+02
1.040649e-01 1.195269e+02 8.783079e+02
1.047363e-01 1.196583e+02 8.680369e+02
1.054077e-01 1.198061e+02 8.580730e+02
1.060791e-01 1.199697e+02 8.484028e+02
1.067505e-01 1.201485e+02 8.390133e+02
1.074219e-01 1.203419e+02 8.298918e+02
1.087646e-01 1.207696e+02 8.124044e+02
1.101074e-01 1.212476e+02 7.958479e+02
1.114502e-01 1.217705e+02 7.801361e+02
1.127930e-01 1.223327e+02 7.651890e+02
1.141357e-01 1.229289e+02 7.509323e+02
1.154785e-01 1.235535e+02 7.372977e+02
1.168213e-01 1.242012e+02 7.242223e+02
1.181641e-01 1.248665e+02 7.116483e+02
1.195068e-01 1.255443e+02 6.995227e+02
1.208496e-01 1.262295e+02 6.877973e+02
1.221924e-01 1.269170e+02 6.764283e+02
1.235352e-01 1.276022e+02 6.653759e+02
1.248779e-01 1.282803e+02 6.546042e+02
1.262207e-01 1.289471e+02 6.440810e+02
1.275635e-01 1.295983e+02 6.337774e+02
1.289062e-01 1.302300e+02 6.236676e+02
1.302490e-01 1.308385e+02 6.137289e+02
1.315918e-01 1.314202e+02 6.039411e+02
1.329346e-01 1.319720e+02 5.942867e+02
1.342773e-01 1.324908e+02 5.847504e+02
1.349487e-01 1.327370e+02 5.800223e+02
1.356201e-01 1.329740e+02 5.753189e+02
1.362915e-01 1.332014e+02 5.706390e+02
1.369629e-01 1.334190e+02 5.659812e+02
1.376343e-01 1.336265e+02 5.613444e+02
1.383057e-01 1.338236e+02 5.567277e+02
1.389771e-01 1.340101e+02 5.521301e+02
1.396484e-01 1.341857e+02 5.475507e+02
1.403198e-01 1.343503e+02 5.429888e+02
1.409912e-01 1.345037e+02 5.384437e+02
1.411591e-01 1.345403e+02 5.373100e+02
1.413269e-01 1.345761e+02 5.361773e+02
1.414948e-01 1.346112e+02 5.350456e+02
1.416626e-01 1.346456e+02 5.339149e+02
1.418304e-01 1.346793e+02 5.327851e+02
1.419983e-01 1.347123e+02 5.316564e+02
1.421661e-01 1.347445e+02 5.305286e+02
1.423340e-01 1.347760e+02 5.294018e+02
1.425018e-01 1.348067e+02 5.282759e+02
1.426697e-01 1.348367e+02 5.271510e+02
1.428375e-01 1.348660e+02 5.260270e+02
1.430054e-01 1.348946e+02 5.249040e+02
1.431732e-01 1.349223e+02 5.237819e+02
1.433411e-01 1.349494e+02 5.226607e+02
1.435089e-01 1.349757e+02 5.215404e+02
1.436768e-01 1.350012e+02 5.204211e+02
1.438446e-01 1.350260e+02 5.193026e+02
1.440125e-01 1.350501e+02 5.181851e+02
1.441803e-01 1.350734e+02 5.170685e+02
1.443481e-01 1.350959e+02 5.159528e+02
1.446838e-01 1.351387e+02 5.137240e+02
1.450195e-01 1.351785e+02 5.114988e+02
1.453552e-01 1.352152e+02 5.092772e+02
1.456909e-01 1.352488e+02 5.070590e+02
1.460266e-01 1.352793e+02 5.048444e+02
1.463623e-01 1.353068e+02 5.026332e+02
1.466980e-01 1.353311e+02 5.004255e+02
1.470337e-01 1.353524e+02 4.982213e+02
1.473694e-01 1.353705e+02 4.960205e+02
1.477051e-01 1.353855e+02 4.938232e+02
1.483765e-01 1.354062e+02 4.894390e+02
1.490479e-01 1.354143e+02 4.850687e+02
1.497192e-01 1.354099e+02 4.807123e+02
1.503906e-01 1.353929e+02 4.763701e+02
1.510620e-01 1.353633e+02 4.720420e+02
1.517334e-01 1.353212e+02 4.677284e+02
1.524048e-01 1.352666e+02 4.634293e+02
1.530762e-01 1.351995e+02 4.591450e+02
1.537476e-01 1.351199e+02 4.548758e+02
1.544189e-01 1.350279e+02 4.506220e+02
1.550903e-01 1.349235e+02 4.463837e+02
1.557617e-01 1.348069e+02 4.421615e+02
1.564331e-01 1.346781e+02 4.379554e+02
1.571045e-01 1.345373e+02 4.337660e+02
1.577759e-01 1.343844e+02 4.295935e+02
1.584473e-01 1.342196e+02 4.254383e+02
1.591187e-01 1.340431e+02 4.213008e+02
1.597900e-01 1.338549e+02 4.171814e+02
1.604614e-01 1.336552e+02 4.130804e+02
1.611328e-01 1.334441e+02 4.089982e+02
1.618042e-01 1.332217e+02 4.049353e+02
1.624756e-01 1.329883e+02 4.008920e+02
1.631470e-01 1.327440e+02 3.968687e+02
1.638184e-01 1.324888e+02 3.928659e+02
1.644897e-01 1.322231e+02 3.888838e+02
1.651611e-01 1.319470e+02 3.849231e+02
1.658325e-01 1.316606e+02 3.809839e+02
1.665039e-01 1.313642e+02 3.770668e+02
1.671753e-01 1.310579e+02 3.731721e+02
1.678467e-01 1.307419e+02 3.693001e+02
1.685181e-01 1.304165e+02 3.654514e+02
1.691895e-01 1.300818e+02 3.616263e+02
1.698608e-01 1.297380e+02 3.578250e+02
1.705322e-01 1.293853e+02 3.540481e+02
1.712036e-01 1.290241e+02 3.502959e+02
1.718750e-01 1.286544e+02 3.465686e+02
1.725464e-01 1.282765e+02 3.428667e+02
1.732178e-01 1.278906e+02 3.391905e+02
1.738892e-01 1.274969e+02 3.355403e+02
1.745605e-01 1.270957e+02 3.319164e+02
1.752319e-01 1.266872e+02 3.283192e+02
1.759033e-01 1.262716e+02 3.247489e+02
1.765747e-01 1.258491e+02 3.212058e+02
1.772461e-01 1.254200e+02 3.176901e+02
1.779175e-01 1.249846e+02 3.142023e+02
1.785889e-01 1.245430e+02 3.107425e+02
1.792603e-01 1.240954e+02 3.073109e+02
1.799316e-01 1.236422e+02 3.039078e+02
1.806030e-01 1.231835e+02 3.005334e+02
1.812744e-01 1.227196e+02 2.971879e+02
1.819458e-01 1.222508e+02 2.938716e+02
1.826172e-01 1.217771e+02 2.905846e+02
1.832886e-01 1.212990e+02 2.873271e+02
1.839600e-01 1.208166e+02 2.840992e+02
1.846313e-01 1.203301e+02 2.809012e+02
1.853027e-01 1.198398e+02 2.777331e+02
1.859741e-01 1.193460e+02 2.745952e+02
1.866455e-01 1.188488e+02 2.714874e+02
1.873169e-01 1.183484e+02 2.684100e+02
1.879883e-01 1.178452e+02 2.653630e+02
1.893311e-01 1.168309e+02 2.593607e+02
1.906738e-01 1.158077e+02 2.534811e+02
1.920166e-01 1.147774e+02 2.477245e+02
1.933594e-01 1.137417e+02 2.420913e+02
1.947021e-01 1.127022e+02 2.365816e+02
1.960449e-01 1.116607e+02 2.311954e+02
1.973877e-01 1.106186e+02 2.259323e+02
1.987305e-01 1.095777e+02 2.207921e+02
2.000732e-01 1.085394e+02 2.157742e+02
2.014160e-01 1.075052e+02 2.108782e+02
2.027588e-01 1.064765e+02 2.061031e+02
2.041016e-01 1.054547e+02 2.014482e+02
2.054443e-01 1.044411e+02 1.969125e+02
2.067871e-01 1.034370e+02 1.924949e+02
2.081299e-01 1.024436e+02 1.881941e+02
2.094727e-01 1.014621e+02 1.840090e+02
2.108154e-01 1.004935e+02 1.799382e+02
2.121582e-01 9.953898e+01 1.759801e+02
2.135010e-01 9.859949e+01 1.721334e+02
2.148438e-01 9.767598e+01 1.683963e+02
2.161865e-01 9.676933e+01 1.647671e+02
2.175293e-01 9.588037e+01 1.612443e+02
2.188721e-01 9.500988e+01 1.578259e+02
2.202148e-01 9.415860e+01 1.545101e+02
2.215576e-01 9.332719e+01 1.512951e+02
2.229004e-01 9.251628e+01 1.481790e+02
2.242432e-01 9.172643e+01 1.451597e+02
2.255859e-01 9.095817e+01 1.422354e+02
2.269287e-01 9.021195e+01 1.394040e+02
2.282715e-01 8.948819e+01 1.366635e+02
2.296143e-01 8.878727e+01 1.340118e+02
2.309570e-01 8.810950e+01 1.314469e+02
2.322998e-01 8.745515e+01 1.289668e+02
2.336426e-01 8.682447e+01 1.265693e+02
2.349854e-01 8.621763e+01 1.242524e+02
2.363281e-01 8.563478e+01 1.220140e+02
2.376709e-01 8.507602e+01 1.198520e+02
2.390137e-01 8.454141e+01 1.177644e+02
2.403564e-01 8.403098e+01 1.157492e+02
2.416992e-01 8.354472e+01 1.138043e+02
2.430420e-01 8.308256e+01 1.119277e+02
2.443848e-01 8.264445e+01 1.101173e+02
2.457275e-01 8.223024e+01 1.083712e+02
2.470703e-01 8.183980e+01 1.066875e+02
2.484131e-01 8.147295e+01 1.050642e+02
2.497559e-01 8.112948e+01 1.034993e+02
2.510986e-01 8.080915e+01 1.019910e+02
2.524414e-01 8.051170e+01 1.005375e+02
2.537842e-01 8.023685e+01 9.913680e+01
2.551270e-01 7.998428e+01 9.778721e+01
2.564697e-01 7.975365e+01 9.648693e+01
2.578125e-01 7.954462e+01 9.523422e+01
2.591553e-01 7.935681e+01 9.402736e+01
2.604980e-01 7.918983e+01 9.286469e+01
2.618408e-01 7.904326e+01 9.174455e+01
2.631836e-01 7.891668e+01 9.066535e+01
2.645264e-01 7.880965e+01 8.962550e+01
2.658691e-01 7.872171e+01 8.862348e+01
2.672119e-01 7.865239e+01 8.765778e+01
2.685547e-01 7.860122e+01 8.672692e+01
2.698975e-01 7.856770e+01 8.582950e+01
2.712402e-01 7.855133e+01 8.496410e+01
2.725830e-01 7.855160e+01 8.412937e+01
2.739258e-01 7.856801e+01 8.332399e+01
2.752686e-01 7.860002e+01 8.254667e+01
2.766113e-01 7.864711e+01 8.179617e+01
2.779541e-01 7.870874e+01 8.107126e+01
2.792969e-01 7.878438e+01 8.037077e+01
2.806396e-01 7.887350e+01 7.969355e+01
2.819824e-01 7.897554e+01 7.903849e+01
2.823181e-01 7.900300e+01 7.887806e+01
2.826538e-01 7.903124e+01 7.871894e+01
2.829895e-01 7.906022e+01 7.856109e+01
2.833252e-01 7.908996e+01 7.840452e+01
2.836609e-01 7.912044e+01 7.824920e+01
2.839966e-01 7.915165e+01 7.809512e+01
2.843323e-01 7.918358e+01 7.794225e+01
2.846680e-01 7.921623e+01 7.779059e+01
2.850037e-01 7.924958e+01 7.764013e+01
2.853394e-01 7.928363e+01 7.749083e+01
2.854233e-01 7.929225e+01 7.745369e+01
2.855072e-01 7.930092e+01 7.741662e+01
2.855911e-01 7.930962e+01 7.737962e+01
2.856750e-01 7.931837e+01 7.734269e+01
2.857590e-01 7.932716e+01 7.730584e+01
2.858429e-01 7.933600e+01 7.726906e+01
2.859268e-01 7.934487e+01 7.723234e+01
2.860107e-01 7.935379e+01 7.719570e+01
2.860947e-01 7.936275e+01 7.715913e+01
2.861786e-01 7.937175e+01 7.712263e+01
2.862625e-01 7.938080e+01 7.708620e+01
2.863464e-01 7.938988e+01 7.704984e+01
2.864304e-01 7.939901e+01 7.701355e+01
2.865143e-01 7.940818e+01 7.697733e+01
2.865982e-01 7.941739e+01 7.694118e+01
2.866821e-01 7.942664e+01 7.690509e+01
2.867661e-01 7.943594e+01 7.686908e+01
2.868500e-01 7.944527e+01 7.683314e+01
2.869339e-01 7.945465e+01 7.679726e+01
2.870178e-01 7.946406e+01 7.676145e+01
2.871857e-01 7.948302e+01 7.669004e+01
2.873535e-01 7.950213e+01 7.661889e+01
2.875214e-01 7.952141e+01 7.654802e+01
2.876892e-01 7.954084e+01 7.647741e+01
2.878571e-01 7.956043e+01 7.640706e+01
2.880249e-01 7.958018e+01 7.633698e+01
2.881927e-01 7.960008e+01 7.626715e+01
2.883606e-01 7.962014e+01 7.619759e+01
2.885284e-01 7.964035e+01 7.612828e+01
2.886963e-01 7.966071e+01 7.605923e+01
2.893677e-01 7.974366e+01 7.578553e+01
2.900391e-01 7.982897e+01 7.551578e+01
2.907104e-01 7.991657e+01 7.524986e+01
2.913818e-01 8.000639e+01 7.498767e+01
2.920532e-01 8.009836e+01 7.472910e+01
2.927246e-01 8.019243e+01 7.447406e+01
2.933960e-01 8.028851e+01 7.422243e+01
2.940674e-01 8.038656e+01 7.397413e+01
2.947388e-01 8.048649e+01 7.372905e+01
2.954102e-01 8.058826e+01 7.348709e+01
2.980957e-01 8.101231e+01 7.254872e+01
3.007812e-01 8.146051e+01 7.165322e+01
3.034668e-01 8.192888e+01 7.079536e+01
3.061523e-01 8.241355e+01 6.997027e+01
3.088379e-01 8.291078e+01 6.917354e+01
3.115234e-01 8.341698e+01 6.840111e+01
3.142090e-01 8.392866e+01 6.764929e+01
3.168945e-01 8.444251e+01 6.691474e+01
3.195801e-01 8.495536e+01 6.619444e+01
3.222656e-01 8.546419e+01 6.548568e+01
3.249512e-01 8.596615e+01 6.478604e+01
3.276367e-01 8.645855e+01 6.409334e+01
3.303223e-01 8.693884e+01 6.340570e+01
3.330078e-01 8.740466e+01 6.272142e+01
3.356934e-01 8.785380e+01 6.203906e+01
3.383789e-01 8.828422e+01 6.135736e+01
3.410645e-01 8.869402e+01 6.067525e+01
3.437500e-01 8.908148e+01 5.999184e+01
3.464355e-01 8.944502e+01 5.930638e+01
3.491211e-01 8.978320e+01 5.861827e+01
3.504639e-01 8.994238e+01 5.827308e+01
3.518066e-01 9.009475e+01 5.792707e+01
3.531494e-01 9.024018e+01 5.758019e+01
3.544922e-01 9.037853e+01 5.723242e+01
3.558350e-01 9.050969e+01 5.688372e+01
3.571777e-01 9.063354e+01 5.653408e+01
3.585205e-01 9.074999e+01 5.618349e+01
3.598633e-01 9.085892e+01 5.583193e+01
3.612061e-01 9.096027e+01 5.547941e+01
3.625488e-01 9.105393e+01 5.512592e+01
3.638916e-01 9.113985e+01 5.477147e+01
3.652344e-01 9.121796e+01 5.441607e+01
3.665771e-01 9.128820e+01 5.405974e+01
3.679199e-01 9.135051e+01 5.370250e+01
3.692627e-01 9.140486e+01 5.334437e+01
3.706055e-01 9.145121e+01 5.298536e+01
3.719482e-01 9.148952e+01 5.262553e+01
3.732910e-01 9.151977e+01 5.226488e+01
3.746338e-01 9.154195e+01 5.190347e+01
3.759766e-01 9.155605e+01 5.154133e+01
3.773193e-01 9.156205e+01 5.117849e+01
3.786621e-01 9.155996e+01 5.081501e+01
3.800049e-01 9.154978e+01 5.045092e+01
3.813477e-01 9.153152e+01 5.008627e+01
3.826904e-01 9.150521e+01 4.972110e+01
3.840332e-01 9.147085e+01 4.935547e+01
3.853760e-01 9.142849e+01 4.898943e+01
3.867188e-01 9.137814e+01 4.862303e+01
3.880615e-01 9.131985e+01 4.825632e+01
3.894043e-01 9.125366e+01 4.788935e+01
3.907471e-01 9.117960e+01 4.752218e+01
3.920898e-01 9.109774e+01 4.715487e+01
3.934326e-01 9.100812e+01 4.678747e+01
3.947754e-01 9.091080e+01 4.642003e+01
3.961182e-01 9.080583e+01 4.605262e+01
3.974609e-01 9.069330e+01 4.568529e+01
3.988037e-01 9.057325e+01 4.531810e+01
4.001465e-01 9.044576e+01 4.495110e+01
4.014893e-01 9.031091e+01 4.458436e+01
4.028320e-01 9.016878e+01 4.421792e+01
4.041748e-01 9.001943e+01 4.385185e+01
4.055176e-01 8.986297e+01 4.348621e+01
4.068604e-01 8.969946e+01 4.312104e+01
4.082031e-01 8.952900e+01 4.275641e+01
4.095459e-01 8.935168e+01 4.239237e+01
4.108887e-01 8.916759e+01 4.202898e+01
4.122314e-01 8.897683e+01 4.166629e+01
4.135742e-01 8.877948e+01 4.130435e+01
4.149170e-01 8.857566e+01 4.094323e+01
4.162598e-01 8.836546e+01 4.058297e+01
4.176025e-01 8.814897e+01 4.022362e+01
4.189453e-01 8.792631e+01 3.986524e+01
4.202881e-01 8.769759e+01 3.950787e+01
4.216309e-01 8.746289e+01 3.915157e+01
4.229736e-01 8.722234e+01 3.879639e+01
4.243164e-01 8.697604e+01 3.844236e+01
4.256592e-01 8.672409e+01 3.808955e+01
4.270020e-01 8.646662e+01 3.773800e+01
4.283447e-01 8.620373e+01 3.738775e+01
4.296875e-01 8.593553e+01 3.703885e+01
4.323730e-01 8.538366e+01 3.634525e+01
4.350586e-01 8.481191e+01 3.565755e+01
4.377441e-01 8.422119e+01 3.497605e+01
4.404297e-01 8.361241e+01 3.430107e+01
4.431152e-01 8.298650e+01 3.363289e+01
4.458008e-01 8.234437e+01 3.297178e+01
4.484863e-01 8.168694e+01 3.231799e+01
4.511719e-01 8.101511e+01 3.167176e+01
4.538574e-01 8.032980e+01 3.103330e+01
4.565430e-01 7.963188e+01 3.040282e+01
4.592285e-01 7.892226e+01 2.978050e+01
4.619141e-01 7.820180e+01 2.916651e+01
4.645996e-01 7.747136e+01 2.856101e+01
4.672852e-01 7.673180e+01 2.796414e+01
4.699707e-01 7.598394e+01 2.737602e+01
4.726562e-01 7.522861e+01 2.679676e+01
4.753418e-01 7.446660e+01 2.622646e+01
4.780273e-01 7.369871e+01 2.566519e+01
4.807129e-01 7.292570e+01 2.511304e+01
4.833984e-01 7.214832e+01 2.457004e+01
4.860840e-01 7.136730e+01 2.403625e+01
4.887695e-01 7.058335e+01 2.351171e+01
4.914551e-01 6.979716e+01 2.299642e+01
4.941406e-01 6.900940e+01 2.249041e+01
4.968262e-01 6.822073e+01 2.199366e+01
4.995117e-01 6.743176e+01 2.150618e+01
5.021973e-01 6.664311e+01 2.102794e+01
5.048828e-01 6.585538e+01 2.055892e+01
5.075684e-01 6.506911e+01 2.009907e+01
5.102539e-01 6.428487e+01 1.964836e+01
5.129395e-01 6.350317e+01 1.920673e+01
5.156250e-01 6.272452e+01 1.877412e+01
5.183105e-01 6.194941e+01 1.835047e+01
5.209961e-01 6.117828e+01 1.793571e+01
5.236816e-01 6.041160e+01 1.752975e+01
5.263672e-01 5.964977e+01 1.713252e+01
5.290527e-01 5.889320e+01 1.674393e+01
5.317383e-01 5.814227e+01 1.636388e+01
5.344238e-01 5.739735e+01 1.599228e+01
5.371094e-01 5.665877e+01 1.562902e+01
5.397949e-01 5.592687e+01 1.527401e+01
5.424805e-01 5.520195e+01 1.492713e+01
5.451660e-01 5.448429e+01 1.458827e+01
5.478516e-01 5.377418e+01 1.425733e+01
5.505371e-01 5.307185e+01 1.393417e+01
5.532227e-01 5.237755e+01 1.361869e+01
5.559082e-01 5.169150e+01 1.331077e+01
5.585938e-01 5.101390e+01 1.301028e+01
5.612793e-01 5.034495e+01 1.271710e+01
5.639648e-01 4.968481e+01 1.243110e+01
5.646362e-01 4.952117e+01 1.236071e+01
5.653076e-01 4.935809e+01 1.229076e+01
5.659790e-01 4.919558e+01 1.222125e+01
5.666504e-01 4.903364e+01 1.215217e+01
5.673218e-01 4.887226e+01 1.208353e+01
5.679932e-01 4.871146e+01 1.201531e+01
5.686646e-01 4.855124e+01 1.194753e+01
5.693359e-01 4.839159e+01 1.188017e+01
5.700073e-01 4.823252e+01 1.181324e+01
5.706787e-01 4.807403e+01 1.174674e+01
5.710144e-01 4.799500e+01 1.171364e+01
5.713501e-01 4.791612e+01 1.168065e+01
5.716858e-01 4.783738e+01 1.164777e+01
5.720215e-01 4.775879e+01 1.161499e+01
5.723572e-01 4.768035e+01 1.158231e+01
5.726929e-01 4.760205e+01 1.154974e+01
5.730286e-01 4.752390e+01 1.151727e+01
5.733643e-01 4.744589e+01 1.148491e+01
5.737000e-01 4.736804e+01 1.145265e+01
5.740356e-01 4.729033e+01 1.142049e+01
5.743713e-01 4.721276e+01 1.138843e+01
5.747070e-01 4.713535e+01 1.135648e+01
5.750427e-01 4.705808e+01 1.132463e+01
5.753784e-01 4.698096e+01 1.129289e+01
5.757141e-01 4.690399e+01 1.126124e+01
5.760498e-01 4.682717e+01 1.122970e+01
5.763855e-01 4.675050e+01 1.119825e+01
5.767212e-01 4.667397e+01 1.116691e+01
5.770569e-01 4.659760e+01 1.113567e+01
5.773926e-01 4.652137e+01 1.110453e+01
5.787354e-01 4.621796e+01 1.098098e+01
5.800781e-01 4.591695e+01 1.085901e+01
5.814209e-01 4.561835e+01 1.073862e+01
5.827637e-01 4.532217e+01 1.061979e+01
5.841064e-01 4.502841e+01 1.050250e+01
5.854492e-01 4.473709e+01 1.038674e+01
5.867920e-01 4.444820e+01 1.027250e+01
5.881348e-01 4.416176e+01 1.015974e+01
5.894775e-01 4.387777e+01 1.004847e+01
5.908203e-01 4.359623e+01 9.938670e+00
5.935059e-01 4.304054e+01 9.723392e+00
5.961914e-01 4.249470e+01 9.513788e+00
5.988770e-01 4.195873e+01 9.309733e+00
6.015625e-01 4.143263e+01 9.111106e+00
6.042480e-01 4.091639e+01 8.917784e+00
6.069336e-01 4.041001e+01 8.729649e+00
6.096191e-01 3.991346e+01 8.546579e+00
6.123047e-01 3.942671e+01 8.368459e+00
6.149902e-01 3.894972e+01 8.195172e+00
6.176758e-01 3.848245e+01 8.026602e+00
6.203613e-01 3.802485e+01 7.862636e+00
6.230469e-01 3.757685e+01 7.703163e+00
6.257324e-01 3.713840e+01 7.548071e+00
6.284180e-01 3.670942e+01 7.397252e+00
6.311035e-01 3.628983e+01 7.250599e+00
6.337891e-01 3.587956e+01 7.108007e+00
6.364746e-01 3.547853e+01 6.969371e+00
6.391602e-01 3.508663e+01 6.834589e+00
6.418457e-01 3.470378e+01 6.703562e+00
6.445312e-01 3.432987e+01 6.576190e+00
6.472168e-01 3.396481e+01 6.452378e+00
6.499023e-01 3.360849e+01 6.332029e+00
6.525879e-01 3.326079e+01 6.215050e+00
6.552734e-01 3.292161e+01 6.101351e+00
6.579590e-01 3.259082e+01 5.990842e+00
6.606445e-01 3.226832e+01 5.883434e+00
6.633301e-01 3.195399e+01 5.779041e+00
6.660156e-01 3.164769e+01 5.677580e+00
6.687012e-01 3.134930e+01 5.578968e+00
6.713867e-01 3.105871e+01 5.483124e+00
6.740723e-01 3.077578e+01 5.389969e+00
6.767578e-01 3.050038e+01 5.299425e+00
6.794434e-01 3.023238e+01 5.211418e+00
6.821289e-01 2.997165e+01 5.125874e+00
6.848145e-01 2.971806e+01 5.042720e+00
6.875000e-01 2.947148e+01 4.961885e+00
6.901855e-01 2.923178e+01 4.883303e+00
6.928711e-01 2.899881e+01 4.806904e+00
6.955566e-01 2.877245e+01 4.732624e+00
6.982422e-01 2.855256e+01 4.660399e+00
7.009277e-01 2.833901e+01 4.590166e+00
7.036133e-01 2.813167e+01 4.521865e+00
7.062988e-01 2.793040e+01 4.455437e+00
7.089844e-01 2.773506e+01 4.390824e+00
7.116699e-01 2.754554e+01 4.327969e+00
7.143555e-01 2.736168e+01 4.266819e+00
7.170410e-01 2.718337e+01 4.207319e+00
7.197266e-01 2.701047e+01 4.149418e+00
7.224121e-01 2.684285e+01 4.093066e+00
7.250977e-01 2.668038e+01 4.038213e+00
7.277832e-01 2.652294e+01 3.984811e+00
7.304688e-01 2.637040e+01 3.932815e+00
7.331543e-01 2.622263e+01 3.882179e+00
7.358398e-01 2.607950e+01 3.832859e+00
7.385254e-01 2.594091e+01 3.784813e+00
7.412109e-01 2.580671e+01 3.737999e+00
7.438965e-01 2.567680e+01 3.692376e+00
7.465820e-01 2.555104e+01 3.647907e+00
7.492676e-01 2.542934e+01 3.604552e+00
7.519531e-01 2.531156e+01 3.562275e+00
7.573242e-01 2.508733e+01 3.480814e+00
7.626953e-01 2.487746e+01 3.403251e+00
7.680664e-01 2.468107e+01 3.329328e+00
7.734375e-01 2.449731e+01 3.258803e+00
7.788086e-01 2.432538e+01 3.191452e+00
7.841797e-01 2.416447e+01 3.127060e+00
7.895508e-01 2.401382e+01 3.065428e+00
7.949219e-01 2.387269e+01 3.006371e+00
8.002930e-01 2.374038e+01 2.949713e+00
8.056641e-01 2.361621e+01 2.895292e+00
8.110352e-01 2.349953e+01 2.842955e+00
8.164062e-01 2.338971e+01 2.792559e+00
8.217773e-01 2.328616e+01 2.743972e+00
8.271484e-01 2.318831e+01 2.697070e+00
8.325195e-01 2.309562e+01 2.651739e+00
8.378906e-01 2.300757e+01 2.607871e+00
8.432617e-01 2.292367e+01 2.565367e+00
8.486328e-01 2.284347e+01 2.524135e+00
8.540039e-01 2.276652e+01 2.484088e+00
8.593750e-01 2.269240e+01 2.445148e+00
8.701172e-01 2.255114e+01 2.370299e+00
8.808594e-01 2.241683e+01 2.299064e+00
8.916016e-01 2.228694e+01 2.230997e+00
9.023438e-01 2.215929e+01 2.165718e+00
9.130859e-01 2.203197e+01 2.102907e+00
9.238281e-01 2.190335e+01 2.042294e+00
9.345703e-01 2.177207e+01 1.983654e+00
9.453125e-01 2.163698e+01 1.926797e+00
9.560547e-01 2.149714e+01 1.871567e+00
9.667969e-01 2.135182e+01 1.817835e+00
9.775391e-01 2.120043e+01 1.765496e+00
9.882812e-01 2.104257e+01 1.714462e+00
9.990234e-01 2.087794e+01 1.664663e+00
1.009766e+00 2.070637e+01 1.616043e+00
1.020508e+00 2.052782e+01 1.568557e+00
1.031250e+00 2.034230e+01 1.522167e+00
1.041992e+00 2.014993e+01 1.476845e+00
1.052734e+00 1.995089e+01 1.432567e+00
1.063477e+00 1.974541e+01 1.389314e+00
1.074219e+00 1.953378e+01 1.347072e+00
1.079590e+00 1.942575e+01 1.326326e+00
1.084961e+00 1.931631e+01 1.305828e+00
1.090332e+00 1.920549e+01 1.285577e+00
1.095703e+00 1.909335e+01 1.265571e+00
1.101074e+00 1.897994e+01 1.245810e+00
1.106445e+00 1.886529e+01 1.226292e+00
1.111816e+00 1.874947e+01 1.207016e+00
1.117188e+00 1.863252e+01 1.187981e+00
1.122559e+00 1.851449e+01 1.169187e+00
1.127930e+00 1.839544e+01 1.150631e+00
1.129272e+00 1.836552e+01 1.146030e+00
1.130615e+00 1.833554e+01 1.141443e+00
1.131958e+00 1.830551e+01 1.136871e+00
1.133301e+00 1.827541e+01 1.132314e+00
1.134644e+00 1.824526e+01 1.127772e+00
1.135986e+00 1.821505e+01 1.123245e+00
1.137329e+00 1.818479e+01 1.118732e+00
1.138672e+00 1.815447e+01 1.114234e+00
1.140015e+00 1.812410e+01 1.109751e+00
1.141357e+00 1.809367e+01 1.105283e+00
1.142029e+00 1.807844e+01 1.103054e+00
1.142700e+00 1.806319e+01 1.100829e+00
1.143372e+00 1.804793e+01 1.098608e+00
1.144043e+00 1.803266e+01 1.096390e+00
1.144714e+00 1.801737e+01 1.094176e+00
1.145386e+00 1.800208e+01 1.091966e+00
1.146057e+00 1.798677e+01 1.089760e+00
1.146729e+00 1.797144e+01 1.087557e+00
1.147400e+00 1.795611e+01 1.085357e+00
1.148071e+00 1.794076e+01 1.083162e+00
1.148743e+00 1.792540e+01 1.080970e+00
1.149414e+00 1.791003e+01 1.078782e+00
1.150085e+00 1.789465e+01 1.076597e+00
1.150757e+00 1.787925e+01 1.074416e+00
1.151428e+00 1.786385e+01 1.072239e+00
1.152100e+00 1.784843e+01 1.070065e+00
1.152771e+00 1.783300e+01 1.067895e+00
1.153442e+00 1.781756e+01 1.065728e+00
1.154114e+00 1.780211e+01 1.063566e+00
1.154785e+00 1.778664e+01 1.061406e+00
1.157471e+00 1.772468e+01 1.052806e+00
1.160156e+00 1.766254e+01 1.044264e+00
1.162842e+00 1.760024e+01 1.035780e+00
1.165527e+00 1.753778e+01 1.027353e+00
1.168213e+00 1.747517e+01 1.018985e+00
1.170898e+00 1.741241e+01 1.010673e+00
1.173584e+00 1.734952e+01 1.002419e+00
1.176270e+00 1.728649e+01 9.942217e-01
1.178955e+00 1.722333e+01 9.860816e-01
1.181641e+00 1.716006e+01 9.779982e-01
1.192383e+00 1.690587e+01 9.462292e-01
1.203125e+00 1.665025e+01 9.153547e-01
1.213867e+00 1.639357e+01 8.853627e-01
1.224609e+00 1.613618e+01 8.562405e-01
1.235352e+00 1.587845e+01 8.279748e-01
1.246094e+00 1.562070e+01 8.005515e-01
1.256836e+00 1.536326e+01 7.739561e-01
1.267578e+00 1.510642e+01 7.481734e-01
1.278320e+00 1.485047e+01 7.231877e-01
1.289062e+00 1.459568e+01 6.989831e-01
1.299805e+00 1.434231e+01 6.755429e-01
1.310547e+00 1.409058e+01 6.528505e-01
1.321289e+00 1.384071e+01 6.308889e-01
1.332031e+00 1.359291e+01 6.096406e-01
1.342773e+00 1.334737e+01 5.890884e-01
1.353516e+00 1.310426e+01 5.692148e-01
1.364258e+00 1.286374e+01 5.500022e-01
1.375000e+00 1.262594e+01 5.314330e-01
1.385742e+00 1.239101e+01 5.134898e-01
1.396484e+00 1.215905e+01 4.961551e-01
1.399170e+00 1.210153e+01 4.919145e-01
1.401855e+00 1.204422e+01 4.877106e-01
1.404541e+00 1.198709e+01 4.835431e-01
1.407227e+00 1.193017e+01 4.794117e-01
1.409912e+00 1.187344e+01 4.753162e-01
1.412598e+00 1.181691e+01 4.712563e-01
1.415283e+00 1.176058e+01 4.672318e-01
1.417969e+00 1.170446e+01 4.632423e-01
1.420654e+00 1.164854e+01 4.592877e-01
1.423340e+00 1.159282e+01 4.553676e-01
1.424683e+00 1.156504e+01 4.534204e-01
1.426025e+00 1.153731e+01 4.514818e-01
1.427368e+00 1.150963e+01 4.495517e-01
1.428711e+00 1.148201e+01 4.476301e-01
1.430054e+00 1.145443e+01 4.457169e-01
1.431396e+00 1.142691e+01 4.438121e-01
1.432739e+00 1.139944e+01 4.419157e-01
1.434082e+00 1.137202e+01 4.400276e-01
1.435425e+00 1.134466e+01 4.381479e-01
1.436768e+00 1.131735e+01 4.362764e-01
1.438110e+00 1.129009e+01 4.344132e-01
1.439453e+00 1.126288e+01 4.325582e-01
1.440796e+00 1.123573e+01 4.307114e-01
1.442139e+00 1.120862e+01 4.288727e-01
1.443481e+00 1.118158e+01 4.270422e-01
1.444824e+00 1.115458e+01 4.252197e-01
1.446167e+00 1.112764e+01 4.234053e-01
1.447510e+00 1.110075e+01 4.215989e-01
1.448853e+00 1.107392e+01 4.198006e-01
1.450195e+00 1.104714e+01 4.180101e-01
1.455566e+00 1.094055e+01 4.109275e-01
1.460938e+00 1.083483e+01 4.039697e-01
1.466309e+00 1.072997e+01 3.971348e-01
1.471680e+00 1.062599e+01 3.904209e-01
1.477051e+00 1.052289e+01 3.838259e-01
1.482422e+00 1.042067e+01 3.773479e-01
1.487793e+00 1.031933e+01 3.709851e-01
1.493164e+00 1.021887e+01 3.647356e-01
1.498535e+00 1.011931e+01 3.585974e-01
1.503906e+00 1.002063e+01 3.525687e-01
1.514648e+00 9.825952e+00 3.408326e-01
1.525391e+00 9.634837e+00 3.295128e-01
1.536133e+00 9.447284e+00 3.185955e-01
1.546875e+00 9.263287e+00 3.080667e-01
1.557617e+00 9.082831e+00 2.979133e-01
1.568359e+00 8.905901e+00 2.881223e-01
1.579102e+00 8.732473e+00 2.786809e-01
1.589844e+00 8.562521e+00 2.695770e-01
1.600586e+00 8.396016e+00 2.607987e-01
1.611328e+00 8.232926e+00 2.523343e-01
1.622070e+00 8.073213e+00 2.441728e-01
1.632812e+00 7.916840e+00 2.363031e-01
1.643555e+00 7.763764e+00 2.287147e-01
1.654297e+00 7.613944e+00 2.213976e-01
1.665039e+00 7.467334e+00 2.143418e-01
1.675781e+00 7.323886e+00 2.075377e-01
1.686523e+00 7.183553e+00 2.009762e-01
1.697266e+00 7.046286e+00 1.946484e-01
1.708008e+00 6.912032e+00 1.885455e-01
1.718750e+00 6.780742e+00 1.826594e-01
1.740234e+00 6.526840e+00 1.715053e-01
1.761719e+00 6.284159e+00 1.611255e-01
1.783203e+00 6.052270e+00 1.514631e-01
1.804688e+00 5.830741e+00 1.424656e-01
1.826172e+00 5.619145e+00 1.340840e-01
1.847656e+00 5.417060e+00 1.262733e-01
1.869141e+00 5.224070e+00 1.189913e-01
1.890625e+00 5.039768e+00 1.121992e-01
1.912109e+00 4.863758e+00 1.058612e-01
1.933594e+00 4.695654e+00 9.994377e-02
1.955078e+00 4.535082e+00 9.441632e-02
1.976562e+00 4.381683e+00 8.925035e-02
1.998047e+00 4.235107e+00 8.441957e-02
2.019531e+00 4.095021e+00 7.989969e-02
2.041016e+00 3.961104e+00 7.566825e-02
2.062500e+00 3.833048e+00 7.170452e-02
2.083984e+00 3.710561e+00 6.798934e-02
2.105469e+00 3.593362e+00 6.450502e-02
2.126953e+00 3.481184e+00 6.123521e-02
2.148438e+00 3.373772e+00 5.816482e-02
2.159180e+00 3.321777e+00 5.670000e-02
2.169922e+00 3.270884e+00 5.527988e-02
2.180664e+00 3.221065e+00 5.390289e-02
2.191406e+00 3.172291e+00 5.256751e-02
2.202148e+00 3.124536e+00 5.127227e-02
2.212891e+00 3.077774e+00 5.001577e-02
2.223633e+00 3.031979e+00 4.879666e-02
2.234375e+00 2.987125e+00 4.761365e-02
2.245117e+00 2.943190e+00 4.646547e-02
2.255859e+00 2.900148e+00 4.535094e-02
2.261230e+00 2.878955e+00 4.480592e-02
2.266602e+00 2.857977e+00 4.426888e-02
2.271973e+00 2.837212e+00 4.373969e-02
2.277344e+00 2.816655e+00 4.321820e-02
2.282715e+00 2.796306e+00 4.270429e-02
2.288086e+00 2.776160e+00 4.219781e-02
2.293457e+00 2.756216e+00 4.169866e-02
2.298828e+00 2.736470e+00 4.120670e-02
2.304199e+00 2.716921e+00 4.072182e-02
2.309570e+00 2.697566e+00 4.024388e-02
2.314941e+00 2.678402e+00 3.977278e-02
2.320312e+00 2.659427e+00 3.930839e-02
2.325684e+00 2.640638e+00 3.885061e-02
2.331055e+00 2.622034e+00 3.839931e-02
2.336426e+00 2.603610e+00 3.795440e-02
2.341797e+00 2.585367e+00 3.751577e-02
2.347168e+00 2.567300e+00 3.708330e-02
2.352539e+00 2.549408e+00 3.665691e-02
2.357910e+00 2.531689e+00 3.623647e-02
2.363281e+00 2.514140e+00 3.582191e-02
2.384766e+00 2.445604e+00 3.422039e-02
2.406250e+00 2.379627e+00 3.270526e-02
2.427734e+00 2.316081e+00 3.127099e-02
2.449219e+00 2.254847e+00 2.991246e-02
2.470703e+00 2.195812e+00 2.862492e-02
2.492188e+00 2.138870e+00 2.740394e-02
2.513672e+00 2.083919e+00 2.624544e-02
2.535156e+00 2.030864e+00 2.514558e-02
2.556641e+00 1.979616e+00 2.410082e-02
2.578125e+00 1.930089e+00 2.310785e-02
2.599609e+00 1.882204e+00 2.216361e-02
2.621094e+00 1.835884e+00 2.126523e-02
2.642578e+00 1.791057e+00 2.041004e-02
2.664062e+00 1.747657e+00 1.959555e-02
2.685547e+00 1.705619e+00 1.881943e-02
2.707031e+00 1.664882e+00 1.807953e-02
2.728516e+00 1.625390e+00 1.737380e-02
2.750000e+00 1.587089e+00 1.670037e-02
2.771484e+00 1.549927e+00 1.605745e-02
2.792969e+00 1.513857e+00 1.544340e-02
2.814453e+00 1.478832e+00 1.485665e-02
2.835938e+00 1.444809e+00 1.429576e-02
2.857422e+00 1.411748e+00 1.375937e-02
2.878906e+00 1.379609e+00 1.324619e-02
2.900391e+00 1.348356e+00 1.275504e-02
2.921875e+00 1.317954e+00 1.228477e-02
2.943359e+00 1.288370e+00 1.183435e-02
2.964844e+00 1.259574e+00 1.140276e-02
2.986328e+00 1.231534e+00 1.098908e-02
3.007812e+00 1.204223e+00 1.059243e-02
3.050781e+00 1.151684e+00 9.846937e-03
3.093750e+00 1.101757e+00 9.160210e-03
3.136719e+00 1.054264e+00 8.526847e-03
3.179688e+00 1.009044e+00 7.942027e-03
3.222656e+00 9.659496e-01 7.401447e-03
3.265625e+00 9.248476e-01 6.901249e-03
3.308594e+00 8.856169e-01 6.437973e-03
3.351562e+00 8.481469e-01 6.008507e-03
3.394531e+00 8.123364e-01 5.610046e-03
3.437500e+00 7.780929e-01 5.240059e-03
3.480469e+00 7.453311e-01 4.896254e-03
3.523438e+00 7.139730e-01 4.576556e-03
3.566406e+00 6.839462e-01 4.279080e-03
3.609375e+00 6.551838e-01 4.002113e-03
3.652344e+00 6.276240e-01 3.744091e-03
3.695312e+00 6.012091e-01 3.503590e-03
3.738281e+00 5.758855e-01 3.279309e-03
3.781250e+00 5.516033e-01 3.070055e-03
3.824219e+00 5.283156e-01 2.874737e-03
3.867188e+00 5.059785e-01 2.692352e-03
3.910156e+00 4.845508e-01 2.521978e-03
3.953125e+00 4.639936e-01 2.362768e-03
3.996094e+00 4.442702e-01 2.213941e-03
4.039062e+00 4.253460e-01 2.074777e-03
4.082031e+00 4.071882e-01 1.944611e-03
4.125000e+00 3.897656e-01 1.822828e-03
4.167969e+00 3.730487e-01 1.708861e-03
4.210938e+00 3.570092e-01 1.602182e-03
4.253906e+00 3.416204e-01 1.502305e-03
4.296875e+00 3.268566e-01 1.408776e-03
4.318359e+00 3.197015e-01 1.364260e-03
4.339844e+00 3.126935e-01 1.321176e-03
4.361328e+00 3.058298e-01 1.279477e-03
4.382812e+00 2.991075e-01 1.239115e-03
4.404297e+00 2.925240e-01 1.200047e-03
4.425781e+00 2.860764e-01 1.162230e-03
4.447266e+00 2.797621e-01 1.125623e-03
4.468750e+00 2.735785e-01 1.090185e-03
4.490234e+00 2.675231e-01 1.055877e-03
4.511719e+00 2.615934e-01 1.022664e-03
4.533203e+00 2.557869e-01 9.905082e-04
4.554688e+00 2.501012e-01 9.593757e-04
4.576172e+00 2.445340e-01 9.292331e-04
4.597656e+00 2.390829e-01 9.000480e-04
4.619141e+00 2.337458e-01 8.717894e-04
4.640625e+00 2.285203e-01 8.444269e-04
4.662109e+00 2.234044e-01 8.179315e-04
4.683594e+00 2.183958e-01 7.922752e-04
4.705078e+00 2.134925e-01 7.674307e-04
4.726562e+00 2.086925e-01 7.433719e-04
4.769531e+00 1.993941e-01 6.975109e-04
4.812500e+00 1.904849e-01 6.544994e-04
4.855469e+00 1.819500e-01 6.141575e-04
4.898438e+00 1.737747e-01 5.763170e-04
4.941406e+00 1.659450e-01 5.408206e-04
4.984375e+00 1.584475e-01 5.075211e-04
5.027344e+00 1.512691e-01 4.762810e-04
5.070312e+00 1.443973e-01 4.469715e-04
5.113281e+00 1.378200e-01 4.194721e-04
5.156250e+00 1.315255e-01 3.936700e-04
5.242188e+00 1.197405e-01 3.467417e-04
5.328125e+00 1.089571e-01 3.054194e-04
5.414062e+00 9.909612e-02 2.690297e-04
5.500000e+00 9.008427e-02 2.369811e-04
5.585938e+00 8.185337e-02 2.087539e-04
5.671875e+00 7.434024e-02 1.838911e-04
5.757812e+00 6.748631e-02 1.619910e-04
5.843750e+00 6.123737e-02 1.426998e-04
5.929688e+00 5.554324e-02 1.257065e-04
6.015625e+00 5.035756e-02 1.107371e-04
6.101562e+00 4.563747e-02 9.755052e-05
6.187500e+00 4.134347e-02 8.593431e-05
6.273438e+00 3.743909e-02 7.570147e-05
6.359375e+00 3.389079e-02 6.668726e-05
6.445312e+00 3.066765e-02 5.874659e-05
6.531250e+00 2.774128e-02 5.175162e-05
6.617188e+00 2.508558e-02 4.558977e-05
6.703125e+00 2.267661e-02 4.016185e-05
6.789062e+00 2.049241e-02 3.538047e-05
6.875000e+00 1.851286e-02 3.116867e-05
7.046875e+00 1.509546e-02 2.419041e-05
7.218750e+00 1.229505e-02 1.877571e-05
7.390625e+00 1.000358e-02 1.457416e-05
7.562500e+00 8.131165e-03 1.131389e-05
7.734375e+00 6.603137e-03 8.783952e-06
7.906250e+00 5.357659e-03 6.820625e-06
8.078125e+00 4.343624e-03 5.296894e-06
8.250000e+00 3.518885e-03 4.114219e-06
8.421875e+00 2.848758e-03 3.196157e-06
8.593750e+00 2.304753e-03 2.483414e-06
8.765625e+00 1.863511e-03 1.929996e-06
8.937500e+00 1.505901e-03 1.500219e-06
9.109375e+00 1.216291e-03 1.166408e-06
9.281250e+00 9.819098e-04 9.070867e-07
9.453125e+00 7.923354e-04 7.055835e-07
9.625000e+00 6.390834e-04 5.489670e-07
9.796875e+00 5.152668e-04 4.272157e-07
9.968750e+00 4.152932e-04 3.325551e-07
1.014062e+01 3.346081e-04 2.589388e-07
1.031250e+01 2.695160e-04 2.016725e-07
1.065625e+01 1.747134e-04 1.224356e-07
1.100000e+01 1.131467e-04 7.441264e-08
1.134375e+01 7.321131e-05 4.527464e-08
1.168750e+01 4.733526e-05 2.757602e-08
1.203125e+01 3.058673e-05 1.681518e-08
1.237500e+01 1.975511e-05 1.026548e-08
1.271875e+01 1.275373e-05 6.273915e-09
1.306250e+01 8.230242e-06 3.838399e-09
1.340625e+01 5.308458e-06 2.350411e-09
1.375000e+01 3.423230e-06 1.440857e-09
1.443750e+01 1.422106e-06 5.429227e-10
1.512500e+01 5.910660e-07 2.056058e-10
1.581250e+01 2.455128e-07 7.813815e-11
1.650000e+01 1.014458e-07 2.965215e-11
1.718750e+01 4.234803e-08 1.140770e-11
1.787500e+01 1.789512e-08 4.456897e-12
1.856250e+01 7.074065e-09 1.633752e-12
1.925000e+01 3.022223e-09 6.490156e-13
1.993750e+01 1.621424e-09 3.245976e-13
2.062500e+01 6.085866e-10 1.138478e-13
2.131250e+01 3.134958e-10 5.492285e-14
2.200000e+01 1.939458e-10 3.188784e-14
2.268750e+01 1.474976e-10 2.280351e-14
2.337500e+01 1.320654e-10 1.923428e-14
2.406250e+01 1.300806e-10 1.787809e-14
2.475000e+01 1.335747e-10 1.735258e-14
2.543750e+01 1.390973e-10 1.710646e-14
2.612500e+01 1.455756e-10 1.697330e-14
2.681250e+01 1.524158e-10 1.687118e-14
2.750000e+01 1.593372e-10 1.676648e-14
3.025000e+01 1.860824e-10 1.618247e-14
3.300000e+01 2.079614e-10 1.519655e-14
3.575000e+01 2.219827e-10 1.382157e-14
3.850000e+01 2.269311e-10 1.218324e-14
4.125000e+01 2.240373e-10 1.047762e-14
4.400000e+01 2.169203e-10 8.916305e-15
4.675000e+01 2.107022e-10 7.671778e-15
4.950000e+01 2.104673e-10 6.835406e-15
5.225000e+01 2.195113e-10 6.398444e-15
5.500000e+01 2.381023e-10 6.263664e-15
6.050000e+01 2.894712e-10 6.293392e-15
6.600000e+01 3.233104e-10 5.906387e-15
7.150000e+01 3.172431e-10 4.938218e-15
7.700000e+01 3.034560e-10 4.072906e-15
8.250000e+01 3.175566e-10 3.712815e-15
8.800000e+01 3.444918e-10 3.540003e-15
9.350000e+01 3.230547e-10 2.940648e-15
9.900000e+01 2.124132e-10 1.724651e-15
1.045000e+02 6.599869e-11 4.809422e-16
1.100000e+02 0.000000e+00 0.000000e+00
