# 
# Output from RAtom program.
# 
# Total radial electron density.
# The first column contains radius $r$ in bohr units.
# The second column holds $\rho(r)$.
# The third column holds $\tilde{\rho}(r) = \rho(r) / (\pi * r * r)$
# 
# Use this file with gnuplot to create the plot.
# 
# R     Rho     RhoTilde
#
0.000000e+00 0.000000e+00 3.811963e+05
8.392334e-05 3.328278e-02 3.760488e+05
1.678467e-04 1.313334e-01 3.709709e+05
2.517700e-04 2.915101e-01 3.659617e+05
3.356934e-04 5.112425e-01 3.610203e+05
4.196167e-04 7.880306e-01 3.561457e+05
5.035400e-04 1.119443e+00 3.513371e+05
5.874634e-04 1.503114e+00 3.465935e+05
6.713867e-04 1.936745e+00 3.419142e+05
7.553101e-04 2.418102e+00 3.372983e+05
8.392334e-04 2.945010e+00 3.327449e+05
9.231567e-04 3.515359e+00 3.282531e+05
1.007080e-03 4.127096e+00 3.238223e+05
1.091003e-03 4.778229e+00 3.194515e+05
1.174927e-03 5.466821e+00 3.151399e+05
1.258850e-03 6.190992e+00 3.108868e+05
1.342773e-03 6.948914e+00 3.066914e+05
1.426697e-03 7.738817e+00 3.025529e+05
1.510620e-03 8.558978e+00 2.984706e+05
1.594543e-03 9.407728e+00 2.944436e+05
1.678467e-03 1.028345e+01 2.904714e+05
1.846313e-03 1.210955e+01 2.826879e+05
2.014160e-03 1.402527e+01 2.751145e+05
2.182007e-03 1.601933e+01 2.677455e+05
2.349854e-03 1.808111e+01 2.605756e+05
2.517700e-03 2.020068e+01 2.535994e+05
2.685547e-03 2.236872e+01 2.468117e+05
2.853394e-03 2.457651e+01 2.402077e+05
3.021240e-03 2.681588e+01 2.337823e+05
3.189087e-03 2.907924e+01 2.275309e+05
3.356934e-03 3.135947e+01 2.214488e+05
3.524780e-03 3.364997e+01 2.155315e+05
3.692627e-03 3.594460e+01 2.097746e+05
3.860474e-03 3.823765e+01 2.041738e+05
4.028320e-03 4.052383e+01 1.987251e+05
4.196167e-03 4.279827e+01 1.934242e+05
4.364014e-03 4.505646e+01 1.882673e+05
4.531860e-03 4.729425e+01 1.832506e+05
4.699707e-03 4.950783e+01 1.783703e+05
4.867554e-03 5.169373e+01 1.736227e+05
5.035400e-03 5.384876e+01 1.690043e+05
5.203247e-03 5.597004e+01 1.645117e+05
5.371094e-03 5.805496e+01 1.601415e+05
5.538940e-03 6.010115e+01 1.558904e+05
5.706787e-03 6.210650e+01 1.517553e+05
5.874634e-03 6.406915e+01 1.477330e+05
6.042480e-03 6.598742e+01 1.438205e+05
6.210327e-03 6.785987e+01 1.400149e+05
6.378174e-03 6.968522e+01 1.363133e+05
6.546021e-03 7.146241e+01 1.327129e+05
6.713867e-03 7.319052e+01 1.292110e+05
7.049561e-03 7.649668e+01 1.224923e+05
7.385254e-03 7.959949e+01 1.161367e+05
7.720947e-03 8.249689e+01 1.101252e+05
8.056641e-03 8.518866e+01 1.044393e+05
8.392334e-03 8.767621e+01 9.906184e+04
8.728027e-03 8.996237e+01 9.397640e+04
9.063721e-03 9.205114e+01 8.916744e+04
9.399414e-03 9.394757e+01 8.462022e+04
9.735107e-03 9.565756e+01 8.032079e+04
1.007080e-02 9.718772e+01 7.625591e+04
1.023865e-02 9.788760e+01 7.430750e+04
1.040649e-02 9.854525e+01 7.241307e+04
1.057434e-02 9.916166e+01 7.057117e+04
1.074219e-02 9.973781e+01 6.878037e+04
1.091003e-02 1.002747e+02 6.703928e+04
1.107788e-02 1.007734e+02 6.534656e+04
1.124573e-02 1.012349e+02 6.370088e+04
1.141357e-02 1.016603e+02 6.210097e+04
1.158142e-02 1.020507e+02 6.054557e+04
1.174927e-02 1.024071e+02 5.903349e+04
1.191711e-02 1.027305e+02 5.756353e+04
1.208496e-02 1.030221e+02 5.613454e+04
1.225281e-02 1.032830e+02 5.474542e+04
1.242065e-02 1.035142e+02 5.339506e+04
1.258850e-02 1.037168e+02 5.208241e+04
1.275635e-02 1.038918e+02 5.080643e+04
1.292419e-02 1.040403e+02 4.956612e+04
1.309204e-02 1.041635e+02 4.836051e+04
1.325989e-02 1.042622e+02 4.718864e+04
1.342773e-02 1.043377e+02 4.604959e+04
1.376343e-02 1.044226e+02 4.386635e+04
1.409912e-02 1.044264e+02 4.180385e+04
1.443481e-02 1.043569e+02 3.985555e+04
1.477051e-02 1.042217e+02 3.801522e+04
1.510620e-02 1.040283e+02 3.627698e+04
1.544189e-02 1.037837e+02 3.463523e+04
1.577759e-02 1.034948e+02 3.308472e+04
1.611328e-02 1.031681e+02 3.162042e+04
1.644897e-02 1.028099e+02 3.023760e+04
1.678467e-02 1.024261e+02 2.893178e+04
1.712036e-02 1.020223e+02 2.769870e+04
1.745605e-02 1.016039e+02 2.653435e+04
1.779175e-02 1.011759e+02 2.543491e+04
1.812744e-02 1.007431e+02 2.439677e+04
1.846313e-02 1.003098e+02 2.341653e+04
1.879883e-02 9.988017e+01 2.249095e+04
1.913452e-02 9.945807e+01 2.161698e+04
1.947021e-02 9.904705e+01 2.079171e+04
1.980591e-02 9.865039e+01 2.001241e+04
2.014160e-02 9.827110e+01 1.927649e+04
2.047729e-02 9.791193e+01 1.858149e+04
2.081299e-02 9.757538e+01 1.792510e+04
2.114868e-02 9.726370e+01 1.730511e+04
2.148438e-02 9.697893e+01 1.671945e+04
2.182007e-02 9.672284e+01 1.616616e+04
2.215576e-02 9.649704e+01 1.564339e+04
2.249146e-02 9.630288e+01 1.514936e+04
2.282715e-02 9.614154e+01 1.468243e+04
2.316284e-02 9.601402e+01 1.424102e+04
2.349854e-02 9.592112e+01 1.382365e+04
2.383423e-02 9.586348e+01 1.342892e+04
2.416992e-02 9.584159e+01 1.305550e+04
2.450562e-02 9.585576e+01 1.270215e+04
2.484131e-02 9.590619e+01 1.236767e+04
2.517700e-02 9.599293e+01 1.205095e+04
2.551270e-02 9.611590e+01 1.175094e+04
2.584839e-02 9.627490e+01 1.146664e+04
2.618408e-02 9.646963e+01 1.119711e+04
2.651978e-02 9.669969e+01 1.094147e+04
2.685547e-02 9.696457e+01 1.069887e+04
2.719116e-02 9.726368e+01 1.046852e+04
2.752686e-02 9.759636e+01 1.024969e+04
2.786255e-02 9.796186e+01 1.004166e+04
2.819824e-02 9.835936e+01 9.843777e+03
2.853394e-02 9.878800e+01 9.655416e+03
2.886963e-02 9.924683e+01 9.475986e+03
2.920532e-02 9.973489e+01 9.304933e+03
2.954102e-02 1.002511e+02 9.141734e+03
2.987671e-02 1.007945e+02 8.985899e+03
3.021240e-02 1.013639e+02 8.836963e+03
3.054810e-02 1.019582e+02 8.694491e+03
3.088379e-02 1.025763e+02 8.558072e+03
3.121948e-02 1.032169e+02 8.427321e+03
3.155518e-02 1.038789e+02 8.301876e+03
3.189087e-02 1.045611e+02 8.181396e+03
3.222656e-02 1.052622e+02 8.065559e+03
3.256226e-02 1.059810e+02 7.954066e+03
3.289795e-02 1.067163e+02 7.846635e+03
3.323364e-02 1.074670e+02 7.742999e+03
3.356934e-02 1.082316e+02 7.642911e+03
3.390503e-02 1.090091e+02 7.546137e+03
3.424072e-02 1.097982e+02 7.452459e+03
3.457642e-02 1.105977e+02 7.361672e+03
3.491211e-02 1.114065e+02 7.273585e+03
3.524780e-02 1.122233e+02 7.188017e+03
3.558350e-02 1.130470e+02 7.104802e+03
3.591919e-02 1.138765e+02 7.023783e+03
3.625488e-02 1.147106e+02 6.944812e+03
3.659058e-02 1.155482e+02 6.867754e+03
3.692627e-02 1.163882e+02 6.792480e+03
3.726196e-02 1.172297e+02 6.718872e+03
3.759766e-02 1.180715e+02 6.646818e+03
3.793335e-02 1.189127e+02 6.576216e+03
3.826904e-02 1.197523e+02 6.506969e+03
3.860474e-02 1.205893e+02 6.438989e+03
3.894043e-02 1.214228e+02 6.372191e+03
3.927612e-02 1.222519e+02 6.306499e+03
3.961182e-02 1.230757e+02 6.241843e+03
3.994751e-02 1.238934e+02 6.178155e+03
4.028320e-02 1.247042e+02 6.115375e+03
4.061890e-02 1.255072e+02 6.053446e+03
4.095459e-02 1.263019e+02 5.992317e+03
4.129028e-02 1.270873e+02 5.931939e+03
4.162598e-02 1.278629e+02 5.872268e+03
4.196167e-02 1.286280e+02 5.813264e+03
4.229736e-02 1.293819e+02 5.754889e+03
4.263306e-02 1.301240e+02 5.697110e+03
4.296875e-02 1.308538e+02 5.639895e+03
4.330444e-02 1.315707e+02 5.583216e+03
4.364014e-02 1.322742e+02 5.527048e+03
4.397583e-02 1.329639e+02 5.471366e+03
4.431152e-02 1.336392e+02 5.416150e+03
4.464722e-02 1.342998e+02 5.361381e+03
4.498291e-02 1.349452e+02 5.307041e+03
4.531860e-02 1.355751e+02 5.253116e+03
4.565430e-02 1.361891e+02 5.199590e+03
4.598999e-02 1.367869e+02 5.146453e+03
4.632568e-02 1.373682e+02 5.093694e+03
4.666138e-02 1.379328e+02 5.041302e+03
4.699707e-02 1.384804e+02 4.989270e+03
4.733276e-02 1.390109e+02 4.937591e+03
4.766846e-02 1.395239e+02 4.886259e+03
4.800415e-02 1.400193e+02 4.835268e+03
4.833984e-02 1.404971e+02 4.784615e+03
4.867554e-02 1.409570e+02 4.734295e+03
4.901123e-02 1.413990e+02 4.684307e+03
4.934692e-02 1.418230e+02 4.634648e+03
4.968262e-02 1.422290e+02 4.585317e+03
5.001831e-02 1.426168e+02 4.536312e+03
5.035400e-02 1.429866e+02 4.487634e+03
5.068970e-02 1.433382e+02 4.439283e+03
5.102539e-02 1.436718e+02 4.391258e+03
5.136108e-02 1.439873e+02 4.343561e+03
5.169678e-02 1.442848e+02 4.296193e+03
5.203247e-02 1.445644e+02 4.249155e+03
5.236816e-02 1.448261e+02 4.202449e+03
5.270386e-02 1.450702e+02 4.156076e+03
5.303955e-02 1.452966e+02 4.110039e+03
5.337524e-02 1.455056e+02 4.064340e+03
5.371094e-02 1.456972e+02 4.018980e+03
5.438232e-02 1.460292e+02 3.929291e+03
5.505371e-02 1.462939e+02 3.840990e+03
5.572510e-02 1.464931e+02 3.754097e+03
5.639648e-02 1.466284e+02 3.668633e+03
5.706787e-02 1.467019e+02 3.584616e+03
5.773926e-02 1.467157e+02 3.502066e+03
5.841064e-02 1.466719e+02 3.420999e+03
5.908203e-02 1.465728e+02 3.341431e+03
5.975342e-02 1.464207e+02 3.263377e+03
6.042480e-02 1.462183e+02 3.186849e+03
6.109619e-02 1.459680e+02 3.111856e+03
6.176758e-02 1.456724e+02 3.038408e+03
6.243896e-02 1.453340e+02 2.966511e+03
6.311035e-02 1.449556e+02 2.896169e+03
6.378174e-02 1.445398e+02 2.827384e+03
6.445312e-02 1.440892e+02 2.760157e+03
6.512451e-02 1.436066e+02 2.694484e+03
6.579590e-02 1.430946e+02 2.630363e+03
6.646729e-02 1.425557e+02 2.567787e+03
6.713867e-02 1.419927e+02 2.506748e+03
6.747437e-02 1.417030e+02 2.476803e+03
6.781006e-02 1.414081e+02 2.447238e+03
6.814575e-02 1.411085e+02 2.418052e+03
6.848145e-02 1.408044e+02 2.389244e+03
6.881714e-02 1.404961e+02 2.360811e+03
6.915283e-02 1.401840e+02 2.332753e+03
6.948853e-02 1.398684e+02 2.305067e+03
6.982422e-02 1.395495e+02 2.277751e+03
7.015991e-02 1.392277e+02 2.250804e+03
7.049561e-02 1.389032e+02 2.224223e+03
7.057953e-02 1.388217e+02 2.217634e+03
7.066345e-02 1.387400e+02 2.211069e+03
7.074738e-02 1.386582e+02 2.204526e+03
7.083130e-02 1.385763e+02 2.198005e+03
7.091522e-02 1.384943e+02 2.191507e+03
7.099915e-02 1.384121e+02 2.185032e+03
7.108307e-02 1.383298e+02 2.178580e+03
7.116699e-02 1.382473e+02 2.172149e+03
7.125092e-02 1.381648e+02 2.165742e+03
7.133484e-02 1.380822e+02 2.159357e+03
7.137680e-02 1.380408e+02 2.156172e+03
7.141876e-02 1.379994e+02 2.152994e+03
7.146072e-02 1.379580e+02 2.149821e+03
7.150269e-02 1.379166e+02 2.146653e+03
7.154465e-02 1.378751e+02 2.143491e+03
7.158661e-02 1.378336e+02 2.140335e+03
7.162857e-02 1.377921e+02 2.137184e+03
7.167053e-02 1.377506e+02 2.134039e+03
7.171249e-02 1.377090e+02 2.130899e+03
7.175446e-02 1.376675e+02 2.127765e+03
7.179642e-02 1.376259e+02 2.124637e+03
7.183838e-02 1.375843e+02 2.121514e+03
7.188034e-02 1.375426e+02 2.118396e+03
7.192230e-02 1.375010e+02 2.115284e+03
7.196426e-02 1.374593e+02 2.112178e+03
7.200623e-02 1.374176e+02 2.109077e+03
7.204819e-02 1.373759e+02 2.105982e+03
7.209015e-02 1.373342e+02 2.102892e+03
7.213211e-02 1.372924e+02 2.099807e+03
7.217407e-02 1.372507e+02 2.096729e+03
7.234192e-02 1.370835e+02 2.084468e+03
7.250977e-02 1.369161e+02 2.072295e+03
7.267761e-02 1.367485e+02 2.060210e+03
7.284546e-02 1.365808e+02 2.048211e+03
7.301331e-02 1.364129e+02 2.036299e+03
7.318115e-02 1.362450e+02 2.024474e+03
7.334900e-02 1.360770e+02 2.012734e+03
7.351685e-02 1.359089e+02 2.001080e+03
7.368469e-02 1.357409e+02 1.989511e+03
7.385254e-02 1.355729e+02 1.978027e+03
7.452393e-02 1.349018e+02 1.932932e+03
7.519531e-02 1.342337e+02 1.889166e+03
7.586670e-02 1.335702e+02 1.846704e+03
7.653809e-02 1.329131e+02 1.805522e+03
7.720947e-02 1.322640e+02 1.765594e+03
7.788086e-02 1.316246e+02 1.726894e+03
7.855225e-02 1.309961e+02 1.689395e+03
7.922363e-02 1.303801e+02 1.653073e+03
7.989502e-02 1.297778e+02 1.617898e+03
8.056641e-02 1.291904e+02 1.583844e+03
8.123779e-02 1.286191e+02 1.550884e+03
8.190918e-02 1.280649e+02 1.518991e+03
8.258057e-02 1.275288e+02 1.488136e+03
8.325195e-02 1.270116e+02 1.458293e+03
8.392334e-02 1.265143e+02 1.429434e+03
8.459473e-02 1.260374e+02 1.401532e+03
8.526611e-02 1.255817e+02 1.374560e+03
8.593750e-02 1.251478e+02 1.348490e+03
8.660889e-02 1.247361e+02 1.323297e+03
8.728027e-02 1.243471e+02 1.298954e+03
8.795166e-02 1.239812e+02 1.275434e+03
8.862305e-02 1.236387e+02 1.252712e+03
8.929443e-02 1.233198e+02 1.230762e+03
8.996582e-02 1.230247e+02 1.209560e+03
9.063721e-02 1.227535e+02 1.189080e+03
9.130859e-02 1.225063e+02 1.169298e+03
9.197998e-02 1.222831e+02 1.150191e+03
9.265137e-02 1.220838e+02 1.131735e+03
9.332275e-02 1.219083e+02 1.113906e+03
9.399414e-02 1.217565e+02 1.096682e+03
9.466553e-02 1.216282e+02 1.080042e+03
9.533691e-02 1.215231e+02 1.063964e+03
9.600830e-02 1.214409e+02 1.048426e+03
9.667969e-02 1.213814e+02 1.033408e+03
9.735107e-02 1.213441e+02 1.018890e+03
9.802246e-02 1.213286e+02 1.004852e+03
9.869385e-02 1.213346e+02 9.912761e+02
9.936523e-02 1.213615e+02 9.781425e+02
1.000366e-01 1.214088e+02 9.654335e+02
1.007080e-01 1.214761e+02 9.531317e+02
1.013794e-01 1.215627e+02 9.412199e+02
1.020508e-01 1.216681e+02 9.296815e+02
1.027222e-01 1.217917e+02 9.185007e+02
1.033936e-01 1.219329e+02 9.076617e+02
1.040649e-01 1.220910e+02 8.971496e+02
1.047363e-01 1.222654e+02 8.869497e+02
1.054077e-01 1.224554e+02 8.770479e+02
1.060791e-01 1.226604e+02 8.674307e+02
1.067505e-01 1.228796e+02 8.580848e+02
1.074219e-01 1.231124e+02 8.489975e+02
1.087646e-01 1.236158e+02 8.315501e+02
1.101074e-01 1.241648e+02 8.149958e+02
1.114502e-01 1.247537e+02 7.992485e+02
1.127930e-01 1.253766e+02 7.842285e+02
1.141357e-01 1.260278e+02 7.698627e+02
1.154785e-01 1.267016e+02 7.560837e+02
1.168213e-01 1.273923e+02 7.428298e+02
1.181641e-01 1.280944e+02 7.300446e+02
1.195068e-01 1.288025e+02 7.176769e+02
1.208496e-01 1.295115e+02 7.056800e+02
1.215210e-01 1.298647e+02 6.998074e+02
1.221924e-01 1.302162e+02 6.940121e+02
1.228638e-01 1.305656e+02 6.882894e+02
1.235352e-01 1.309120e+02 6.826351e+02
1.242065e-01 1.312551e+02 6.770449e+02
1.248779e-01 1.315943e+02 6.715151e+02
1.255493e-01 1.319290e+02 6.660419e+02
1.262207e-01 1.322586e+02 6.606219e+02
1.268921e-01 1.325828e+02 6.552518e+02
1.275635e-01 1.329010e+02 6.499286e+02
1.282349e-01 1.332127e+02 6.446493e+02
1.289062e-01 1.335175e+02 6.394113e+02
1.295776e-01 1.338149e+02 6.342121e+02
1.302490e-01 1.341046e+02 6.290494e+02
1.309204e-01 1.343860e+02 6.239208e+02
1.315918e-01 1.346589e+02 6.188245e+02
1.322632e-01 1.349228e+02 6.137585e+02
1.329346e-01 1.351774e+02 6.087211e+02
1.336060e-01 1.354224e+02 6.037107e+02
1.342773e-01 1.356573e+02 5.987258e+02
1.349487e-01 1.358820e+02 5.937650e+02
1.356201e-01 1.360962e+02 5.888272e+02
1.362915e-01 1.362995e+02 5.839111e+02
1.369629e-01 1.364917e+02 5.790158e+02
1.376343e-01 1.366725e+02 5.741403e+02
1.383057e-01 1.368418e+02 5.692839e+02
1.389771e-01 1.369993e+02 5.644458e+02
1.396484e-01 1.371448e+02 5.596253e+02
1.403198e-01 1.372782e+02 5.548220e+02
1.409912e-01 1.373993e+02 5.500353e+02
1.411591e-01 1.374276e+02 5.488412e+02
1.413269e-01 1.374552e+02 5.476481e+02
1.414948e-01 1.374819e+02 5.464559e+02
1.416626e-01 1.375079e+02 5.452648e+02
1.418304e-01 1.375331e+02 5.440747e+02
1.419983e-01 1.375575e+02 5.428855e+02
1.421661e-01 1.375812e+02 5.416974e+02
1.423340e-01 1.376040e+02 5.405102e+02
1.425018e-01 1.376260e+02 5.393240e+02
1.426697e-01 1.376472e+02 5.381388e+02
1.428375e-01 1.376677e+02 5.369545e+02
1.430054e-01 1.376873e+02 5.357712e+02
1.431732e-01 1.377062e+02 5.345889e+02
1.433411e-01 1.377242e+02 5.334075e+02
1.435089e-01 1.377414e+02 5.322271e+02
1.436768e-01 1.377579e+02 5.310477e+02
1.438446e-01 1.377735e+02 5.298692e+02
1.440125e-01 1.377883e+02 5.286916e+02
1.441803e-01 1.378023e+02 5.275150e+02
1.443481e-01 1.378155e+02 5.263394e+02
1.446838e-01 1.378395e+02 5.239909e+02
1.450195e-01 1.378602e+02 5.216462e+02
1.453552e-01 1.378777e+02 5.193053e+02
1.456909e-01 1.378919e+02 5.169682e+02
1.460266e-01 1.379028e+02 5.146349e+02
1.463623e-01 1.379105e+02 5.123053e+02
1.466980e-01 1.379148e+02 5.099795e+02
1.470337e-01 1.379159e+02 5.076575e+02
1.473694e-01 1.379137e+02 5.053394e+02
1.477051e-01 1.379083e+02 5.030250e+02
1.483765e-01 1.378875e+02 4.984080e+02
1.490479e-01 1.378536e+02 4.938064e+02
1.497192e-01 1.378065e+02 4.892206e+02
1.503906e-01 1.377464e+02 4.846508e+02
1.510620e-01 1.376733e+02 4.800972e+02
1.517334e-01 1.375871e+02 4.755602e+02
1.524048e-01 1.374880e+02 4.710399e+02
1.530762e-01 1.373760e+02 4.665368e+02
1.537476e-01 1.372513e+02 4.620512e+02
1.544189e-01 1.371139e+02 4.575835e+02
1.550903e-01 1.369638e+02 4.531339e+02
1.557617e-01 1.368013e+02 4.487030e+02
1.564331e-01 1.366265e+02 4.442911e+02
1.571045e-01 1.364393e+02 4.398986e+02
1.577759e-01 1.362401e+02 4.355259e+02
1.584473e-01 1.360290e+02 4.311735e+02
1.591187e-01 1.358060e+02 4.268418e+02
1.597900e-01 1.355714e+02 4.225312e+02
1.604614e-01 1.353253e+02 4.182422e+02
1.611328e-01 1.350679e+02 4.139752e+02
1.618042e-01 1.347994e+02 4.097306e+02
1.624756e-01 1.345199e+02 4.055089e+02
1.631470e-01 1.342297e+02 4.013105e+02
1.638184e-01 1.339289e+02 3.971359e+02
1.644897e-01 1.336177e+02 3.929854e+02
1.651611e-01 1.332964e+02 3.888596e+02
1.658325e-01 1.329651e+02 3.847587e+02
1.665039e-01 1.326241e+02 3.806833e+02
1.671753e-01 1.322736e+02 3.766337e+02
1.678467e-01 1.319138e+02 3.726104e+02
1.685181e-01 1.315450e+02 3.686137e+02
1.691895e-01 1.311673e+02 3.646441e+02
1.698608e-01 1.307810e+02 3.607018e+02
1.705322e-01 1.303864e+02 3.567873e+02
1.712036e-01 1.299836e+02 3.529009e+02
1.718750e-01 1.295729e+02 3.490430e+02
1.725464e-01 1.291546e+02 3.452139e+02
1.732178e-01 1.287289e+02 3.414140e+02
1.738892e-01 1.282960e+02 3.376434e+02
1.745605e-01 1.278562e+02 3.339026e+02
1.752319e-01 1.274098e+02 3.301919e+02
1.759033e-01 1.269569e+02 3.265115e+02
1.765747e-01 1.264979e+02 3.228617e+02
1.772461e-01 1.260330e+02 3.192427e+02
1.779175e-01 1.255624e+02 3.156548e+02
1.785889e-01 1.250863e+02 3.120982e+02
1.792603e-01 1.246052e+02 3.085732e+02
1.799316e-01 1.241191e+02 3.050799e+02
1.806030e-01 1.236283e+02 3.016185e+02
1.812744e-01 1.231331e+02 2.981893e+02
1.819458e-01 1.226338e+02 2.947923e+02
1.826172e-01 1.221305e+02 2.914279e+02
1.832886e-01 1.216236e+02 2.880960e+02
1.839600e-01 1.211132e+02 2.847968e+02
1.846313e-01 1.205997e+02 2.815305e+02
1.853027e-01 1.200832e+02 2.782971e+02
1.859741e-01 1.195640e+02 2.750968e+02
1.866455e-01 1.190423e+02 2.719296e+02
1.873169e-01 1.185184e+02 2.687956e+02
1.879883e-01 1.179926e+02 2.656949e+02
1.906738e-01 1.158737e+02 2.536255e+02
1.933594e-01 1.137412e+02 2.420903e+02
1.960449e-01 1.116087e+02 2.310878e+02
1.987305e-01 1.094894e+02 2.206142e+02
2.014160e-01 1.073956e+02 2.106631e+02
2.041016e-01 1.053384e+02 2.012261e+02
2.067871e-01 1.033285e+02 1.922929e+02
2.094727e-01 1.013752e+02 1.838515e+02
2.121582e-01 9.948720e+01 1.758886e+02
2.148438e-01 9.767202e+01 1.683894e+02
2.161865e-01 9.679385e+01 1.648089e+02
2.175293e-01 9.593630e+01 1.613383e+02
2.188721e-01 9.510004e+01 1.579757e+02
2.202148e-01 9.428572e+01 1.547187e+02
2.215576e-01 9.349390e+01 1.515654e+02
2.229004e-01 9.272509e+01 1.485134e+02
2.242432e-01 9.197977e+01 1.455607e+02
2.255859e-01 9.125833e+01 1.427048e+02
2.269287e-01 9.056114e+01 1.399436e+02
2.282715e-01 8.988849e+01 1.372748e+02
2.296143e-01 8.924066e+01 1.346962e+02
2.309570e-01 8.861783e+01 1.322053e+02
2.322998e-01 8.802018e+01 1.298000e+02
2.336426e-01 8.744783e+01 1.274780e+02
2.349854e-01 8.690083e+01 1.252370e+02
2.363281e-01 8.637923e+01 1.230747e+02
2.376709e-01 8.588301e+01 1.209889e+02
2.390137e-01 8.541213e+01 1.189773e+02
2.403564e-01 8.496648e+01 1.170378e+02
2.416992e-01 8.454596e+01 1.151682e+02
2.430420e-01 8.415039e+01 1.133662e+02
2.443848e-01 8.377959e+01 1.116298e+02
2.457275e-01 8.343333e+01 1.099568e+02
2.470703e-01 8.311135e+01 1.083451e+02
2.484131e-01 8.281338e+01 1.067927e+02
2.497559e-01 8.253910e+01 1.052976e+02
2.510986e-01 8.228817e+01 1.038577e+02
2.524414e-01 8.206023e+01 1.024712e+02
2.537842e-01 8.185490e+01 1.011360e+02
2.551270e-01 8.167177e+01 9.985031e+01
2.564697e-01 8.151041e+01 9.861228e+01
2.578125e-01 8.137038e+01 9.742010e+01
2.591553e-01 8.125122e+01 9.627198e+01
2.604980e-01 8.115244e+01 9.516621e+01
2.618408e-01 8.107356e+01 9.410109e+01
2.631836e-01 8.101406e+01 9.307497e+01
2.645264e-01 8.097342e+01 9.208623e+01
2.658691e-01 8.095112e+01 9.113331e+01
2.672119e-01 8.094661e+01 9.021467e+01
2.685547e-01 8.095934e+01 8.932883e+01
2.698975e-01 8.098876e+01 8.847433e+01
2.712402e-01 8.103429e+01 8.764976e+01
2.725830e-01 8.109537e+01 8.685376e+01
2.739258e-01 8.117142e+01 8.608500e+01
2.752686e-01 8.126187e+01 8.534218e+01
2.766113e-01 8.136613e+01 8.462406e+01
2.779541e-01 8.148361e+01 8.392942e+01
2.792969e-01 8.161373e+01 8.325709e+01
2.806396e-01 8.175591e+01 8.260593e+01
2.819824e-01 8.190956e+01 8.197486e+01
2.823181e-01 8.194970e+01 8.182010e+01
2.826538e-01 8.199050e+01 8.166651e+01
2.829895e-01 8.203197e+01 8.151408e+01
2.833252e-01 8.207410e+01 8.136279e+01
2.836609e-01 8.211686e+01 8.121263e+01
2.839966e-01 8.216026e+01 8.106357e+01
2.843323e-01 8.220429e+01 8.091561e+01
2.846680e-01 8.224894e+01 8.076872e+01
2.850037e-01 8.229419e+01 8.062290e+01
2.853394e-01 8.234004e+01 8.047812e+01
2.854233e-01 8.235159e+01 8.044209e+01
2.855072e-01 8.236318e+01 8.040612e+01
2.855911e-01 8.237481e+01 8.037022e+01
2.856750e-01 8.238648e+01 8.033438e+01
2.857590e-01 8.239818e+01 8.029860e+01
2.858429e-01 8.240992e+01 8.026289e+01
2.859268e-01 8.242169e+01 8.022724e+01
2.860107e-01 8.243350e+01 8.019165e+01
2.860947e-01 8.244534e+01 8.015613e+01
2.861786e-01 8.245722e+01 8.012067e+01
2.862625e-01 8.246914e+01 8.008527e+01
2.863464e-01 8.248109e+01 8.004993e+01
2.864304e-01 8.249308e+01 8.001466e+01
2.865143e-01 8.250510e+01 7.997944e+01
2.865982e-01 8.251716e+01 7.994429e+01
2.866821e-01 8.252925e+01 7.990920e+01
2.867661e-01 8.254138e+01 7.987418e+01
2.868500e-01 8.255354e+01 7.983921e+01
2.869339e-01 8.256574e+01 7.980430e+01
2.870178e-01 8.257797e+01 7.976945e+01
2.871857e-01 8.260254e+01 7.969994e+01
2.873535e-01 8.262724e+01 7.963066e+01
2.875214e-01 8.265207e+01 7.956162e+01
2.876892e-01 8.267704e+01 7.949282e+01
2.878571e-01 8.270214e+01 7.942425e+01
2.880249e-01 8.272737e+01 7.935591e+01
2.881927e-01 8.275273e+01 7.928780e+01
2.883606e-01 8.277822e+01 7.921991e+01
2.885284e-01 8.280383e+01 7.915226e+01
2.886963e-01 8.282957e+01 7.908483e+01
2.893677e-01 8.293379e+01 7.881731e+01
2.900391e-01 8.303994e+01 7.855325e+01
2.907104e-01 8.314795e+01 7.829254e+01
2.913818e-01 8.325776e+01 7.803509e+01
2.920532e-01 8.336930e+01 7.778078e+01
2.927246e-01 8.348249e+01 7.752952e+01
2.933960e-01 8.359728e+01 7.728121e+01
2.940674e-01 8.371358e+01 7.703576e+01
2.947388e-01 8.383135e+01 7.679307e+01
2.954102e-01 8.395050e+01 7.655306e+01
2.980957e-01 8.443964e+01 7.561798e+01
3.007812e-01 8.494576e+01 7.471887e+01
3.034668e-01 8.546479e+01 7.385077e+01
3.061523e-01 8.599284e+01 7.300914e+01
3.088379e-01 8.652615e+01 7.218989e+01
3.115234e-01 8.706115e+01 7.138929e+01
3.142090e-01 8.759440e+01 7.060400e+01
3.168945e-01 8.812266e+01 6.983100e+01
3.195801e-01 8.864286e+01 6.906762e+01
3.222656e-01 8.915209e+01 6.831148e+01
3.249512e-01 8.964764e+01 6.756049e+01
3.276367e-01 9.012696e+01 6.681281e+01
3.303223e-01 9.058771e+01 6.606686e+01
3.330078e-01 9.102768e+01 6.532129e+01
3.356934e-01 9.144488e+01 6.457494e+01
3.383789e-01 9.183747e+01 6.382686e+01
3.410645e-01 9.220379e+01 6.307627e+01
3.437500e-01 9.254233e+01 6.232254e+01
3.464355e-01 9.285175e+01 6.156520e+01
3.491211e-01 9.313087e+01 6.080393e+01
3.504639e-01 9.325875e+01 6.042174e+01
3.518066e-01 9.337867e+01 6.003849e+01
3.531494e-01 9.349054e+01 5.965417e+01
3.544922e-01 9.359426e+01 5.926878e+01
3.558350e-01 9.368973e+01 5.888232e+01
3.571777e-01 9.377689e+01 5.849479e+01
3.585205e-01 9.385566e+01 5.810621e+01
3.598633e-01 9.392596e+01 5.771660e+01
3.612061e-01 9.398776e+01 5.732597e+01
3.625488e-01 9.404100e+01 5.693435e+01
3.638916e-01 9.408564e+01 5.654177e+01
3.652344e-01 9.412165e+01 5.614827e+01
3.665771e-01 9.414900e+01 5.575388e+01
3.679199e-01 9.416768e+01 5.535864e+01
3.692627e-01 9.417767e+01 5.496259e+01
3.706055e-01 9.417896e+01 5.456578e+01
3.719482e-01 9.417156e+01 5.416826e+01
3.732910e-01 9.415548e+01 5.377008e+01
3.746338e-01 9.413072e+01 5.337128e+01
3.759766e-01 9.409732e+01 5.297193e+01
3.773193e-01 9.405529e+01 5.257209e+01
3.786621e-01 9.400466e+01 5.217180e+01
3.800049e-01 9.394547e+01 5.177113e+01
3.813477e-01 9.387776e+01 5.137013e+01
3.826904e-01 9.380158e+01 5.096888e+01
3.840332e-01 9.371698e+01 5.056743e+01
3.853760e-01 9.362401e+01 5.016584e+01
3.867188e-01 9.352273e+01 4.976418e+01
3.880615e-01 9.341322e+01 4.936252e+01
3.894043e-01 9.329552e+01 4.896091e+01
3.907471e-01 9.316973e+01 4.855942e+01
3.920898e-01 9.303591e+01 4.815812e+01
3.934326e-01 9.289415e+01 4.775708e+01
3.947754e-01 9.274452e+01 4.735635e+01
3.961182e-01 9.258711e+01 4.695601e+01
3.974609e-01 9.242202e+01 4.655611e+01
3.988037e-01 9.224934e+01 4.615673e+01
4.001465e-01 9.206915e+01 4.575792e+01
4.014893e-01 9.188157e+01 4.535975e+01
4.028320e-01 9.168668e+01 4.496229e+01
4.041748e-01 9.148460e+01 4.456559e+01
4.055176e-01 9.127543e+01 4.416972e+01
4.068604e-01 9.105927e+01 4.377474e+01
4.082031e-01 9.083625e+01 4.338071e+01
4.095459e-01 9.060645e+01 4.298769e+01
4.108887e-01 9.037001e+01 4.259574e+01
4.122314e-01 9.012704e+01 4.220491e+01
4.135742e-01 8.987765e+01 4.181527e+01
4.149170e-01 8.962195e+01 4.142687e+01
4.162598e-01 8.936008e+01 4.103976e+01
4.176025e-01 8.909215e+01 4.065400e+01
4.189453e-01 8.881827e+01 4.026964e+01
4.202881e-01 8.853858e+01 3.988674e+01
4.216309e-01 8.825320e+01 3.950534e+01
4.229736e-01 8.796225e+01 3.912550e+01
4.243164e-01 8.766585e+01 3.874725e+01
4.256592e-01 8.736413e+01 3.837066e+01
4.270020e-01 8.705722e+01 3.799577e+01
4.283447e-01 8.674525e+01 3.762261e+01
4.296875e-01 8.642833e+01 3.725125e+01
4.323730e-01 8.578017e+01 3.651403e+01
4.350586e-01 8.511376e+01 3.578445e+01
4.377441e-01 8.443010e+01 3.506281e+01
4.404297e-01 8.373021e+01 3.434940e+01
4.431152e-01 8.301509e+01 3.364448e+01
4.458008e-01 8.228574e+01 3.294830e+01
4.484863e-01 8.154314e+01 3.226110e+01
4.511719e-01 8.078828e+01 3.158308e+01
4.538574e-01 8.002212e+01 3.091443e+01
4.565430e-01 7.924560e+01 3.025534e+01
4.592285e-01 7.845967e+01 2.960594e+01
4.619141e-01 7.766523e+01 2.896639e+01
4.645996e-01 7.686320e+01 2.833681e+01
4.672852e-01 7.605444e+01 2.771729e+01
4.699707e-01 7.523983e+01 2.710793e+01
4.726562e-01 7.442020e+01 2.650881e+01
4.753418e-01 7.359637e+01 2.591997e+01
4.780273e-01 7.276915e+01 2.534148e+01
4.807129e-01 7.193931e+01 2.477336e+01
4.833984e-01 7.110760e+01 2.421562e+01
4.860840e-01 7.027476e+01 2.366829e+01
4.887695e-01 6.944149e+01 2.313135e+01
4.914551e-01 6.860848e+01 2.260478e+01
4.941406e-01 6.777638e+01 2.208856e+01
4.968262e-01 6.694585e+01 2.158265e+01
4.995117e-01 6.611748e+01 2.108701e+01
5.021973e-01 6.529187e+01 2.060158e+01
5.048828e-01 6.446959e+01 2.012630e+01
5.075684e-01 6.365118e+01 1.966109e+01
5.102539e-01 6.283715e+01 1.920587e+01
5.129395e-01 6.202801e+01 1.876056e+01
5.156250e-01 6.122422e+01 1.832506e+01
5.183105e-01 6.042624e+01 1.789928e+01
5.209961e-01 5.963449e+01 1.748311e+01
5.236816e-01 5.884937e+01 1.707644e+01
5.263672e-01 5.807128e+01 1.667915e+01
5.290527e-01 5.730058e+01 1.629113e+01
5.317383e-01 5.653759e+01 1.591225e+01
5.344238e-01 5.578265e+01 1.554238e+01
5.371094e-01 5.503605e+01 1.518140e+01
5.397949e-01 5.429808e+01 1.482918e+01
5.424805e-01 5.356900e+01 1.448556e+01
5.451660e-01 5.284904e+01 1.415043e+01
5.478516e-01 5.213843e+01 1.382364e+01
5.505371e-01 5.143738e+01 1.350504e+01
5.532227e-01 5.074607e+01 1.319449e+01
5.559082e-01 5.006468e+01 1.289186e+01
5.585938e-01 4.939337e+01 1.259699e+01
5.612793e-01 4.873227e+01 1.230974e+01
5.639648e-01 4.808151e+01 1.202996e+01
5.646362e-01 4.792044e+01 1.196116e+01
5.653076e-01 4.776003e+01 1.189283e+01
5.659790e-01 4.760028e+01 1.182494e+01
5.666504e-01 4.744119e+01 1.175751e+01
5.673218e-01 4.728275e+01 1.169052e+01
5.679932e-01 4.712498e+01 1.162399e+01
5.686646e-01 4.696787e+01 1.155789e+01
5.693359e-01 4.681141e+01 1.149224e+01
5.700073e-01 4.665563e+01 1.142703e+01
5.706787e-01 4.650051e+01 1.136225e+01
5.710144e-01 4.642320e+01 1.133003e+01
5.713501e-01 4.634605e+01 1.129791e+01
5.716858e-01 4.626908e+01 1.126591e+01
5.720215e-01 4.619227e+01 1.123401e+01
5.723572e-01 4.611562e+01 1.120222e+01
5.726929e-01 4.603915e+01 1.117053e+01
5.730286e-01 4.596284e+01 1.113895e+01
5.733643e-01 4.588669e+01 1.110748e+01
5.737000e-01 4.581072e+01 1.107612e+01
5.740356e-01 4.573491e+01 1.104486e+01
5.743713e-01 4.565927e+01 1.101371e+01
5.747070e-01 4.558380e+01 1.098266e+01
5.750427e-01 4.550850e+01 1.095172e+01
5.753784e-01 4.543336e+01 1.092089e+01
5.757141e-01 4.535839e+01 1.089015e+01
5.760498e-01 4.528359e+01 1.085953e+01
5.763855e-01 4.520896e+01 1.082901e+01
5.767212e-01 4.513450e+01 1.079859e+01
5.770569e-01 4.506020e+01 1.076827e+01
5.773926e-01 4.498608e+01 1.073806e+01
5.787354e-01 4.469126e+01 1.061824e+01
5.800781e-01 4.439914e+01 1.050006e+01
5.814209e-01 4.410972e+01 1.038349e+01
5.827637e-01 4.382301e+01 1.026851e+01
5.841064e-01 4.353901e+01 1.015511e+01
5.854492e-01 4.325772e+01 1.004327e+01
5.867920e-01 4.297914e+01 9.932979e+00
5.881348e-01 4.270327e+01 9.824209e+00
5.894775e-01 4.243011e+01 9.716945e+00
5.908203e-01 4.215965e+01 9.611172e+00
5.935059e-01 4.162686e+01 9.404025e+00
5.961914e-01 4.110486e+01 9.202629e+00
5.988770e-01 4.059363e+01 9.006849e+00
6.015625e-01 4.009313e+01 8.816548e+00
6.042480e-01 3.960330e+01 8.631593e+00
6.069336e-01 3.912408e+01 8.451852e+00
6.096191e-01 3.865541e+01 8.277196e+00
6.123047e-01 3.819722e+01 8.107496e+00
6.149902e-01 3.774943e+01 7.942625e+00
6.176758e-01 3.731195e+01 7.782460e+00
6.203613e-01 3.688468e+01 7.626877e+00
6.230469e-01 3.646754e+01 7.475757e+00
6.257324e-01 3.606042e+01 7.328980e+00
6.284180e-01 3.566320e+01 7.186431e+00
6.311035e-01 3.527578e+01 7.047994e+00
6.337891e-01 3.489804e+01 6.913559e+00
6.364746e-01 3.452985e+01 6.783013e+00
6.391602e-01 3.417109e+01 6.656250e+00
6.418457e-01 3.382164e+01 6.533164e+00
6.445312e-01 3.348136e+01 6.413650e+00
6.472168e-01 3.315011e+01 6.297606e+00
6.499023e-01 3.282775e+01 6.184934e+00
6.525879e-01 3.251416e+01 6.075536e+00
6.552734e-01 3.220917e+01 5.969316e+00
6.579590e-01 3.191266e+01 5.866181e+00
6.606445e-01 3.162447e+01 5.766040e+00
6.633301e-01 3.134445e+01 5.668804e+00
6.660156e-01 3.107246e+01 5.574385e+00
6.687012e-01 3.080835e+01 5.482699e+00
6.713867e-01 3.055196e+01 5.393662e+00
6.740723e-01 3.030315e+01 5.307194e+00
6.767578e-01 3.006176e+01 5.223215e+00
6.794434e-01 2.982763e+01 5.141649e+00
6.821289e-01 2.960062e+01 5.062419e+00
6.848145e-01 2.938058e+01 4.985453e+00
6.875000e-01 2.916734e+01 4.910679e+00
6.901855e-01 2.896076e+01 4.838029e+00
6.928711e-01 2.876069e+01 4.767433e+00
6.955566e-01 2.856697e+01 4.698826e+00
6.982422e-01 2.837946e+01 4.632144e+00
7.009277e-01 2.819799e+01 4.567325e+00
7.036133e-01 2.802243e+01 4.504307e+00
7.062988e-01 2.785263e+01 4.443031e+00
7.089844e-01 2.768843e+01 4.383441e+00
7.116699e-01 2.752969e+01 4.325480e+00
7.143555e-01 2.737627e+01 4.269094e+00
7.170410e-01 2.722802e+01 4.214230e+00
7.197266e-01 2.708480e+01 4.160837e+00
7.224121e-01 2.694647e+01 4.108866e+00
7.250977e-01 2.681289e+01 4.058268e+00
7.277832e-01 2.668392e+01 4.008997e+00
7.304688e-01 2.655942e+01 3.961006e+00
7.331543e-01 2.643927e+01 3.914253e+00
7.358398e-01 2.632333e+01 3.868693e+00
7.385254e-01 2.621146e+01 3.824287e+00
7.412109e-01 2.610354e+01 3.780994e+00
7.438965e-01 2.599945e+01 3.738774e+00
7.465820e-01 2.589905e+01 3.697591e+00
7.492676e-01 2.580222e+01 3.657407e+00
7.519531e-01 2.570884e+01 3.618188e+00
7.573242e-01 2.553197e+01 3.542508e+00
7.626953e-01 2.536751e+01 3.470290e+00
7.680664e-01 2.521454e+01 3.401290e+00
7.734375e-01 2.507222e+01 3.335281e+00
7.788086e-01 2.493971e+01 3.272051e+00
7.841797e-01 2.481621e+01 3.211400e+00
7.895508e-01 2.470095e+01 3.153143e+00
7.949219e-01 2.459322e+01 3.097110e+00
8.002930e-01 2.449231e+01 3.043139e+00
8.056641e-01 2.439755e+01 2.991082e+00
8.110352e-01 2.430832e+01 2.940801e+00
8.164062e-01 2.422400e+01 2.892167e+00
8.217773e-01 2.414404e+01 2.845063e+00
8.271484e-01 2.406790e+01 2.799377e+00
8.325195e-01 2.399505e+01 2.755008e+00
8.378906e-01 2.392502e+01 2.711864e+00
8.432617e-01 2.385737e+01 2.669856e+00
8.486328e-01 2.379165e+01 2.628906e+00
8.540039e-01 2.372748e+01 2.588940e+00
8.593750e-01 2.366447e+01 2.549891e+00
8.701172e-01 2.354062e+01 2.474301e+00
8.808594e-01 2.341757e+01 2.401700e+00
8.916016e-01 2.329319e+01 2.331726e+00
9.023438e-01 2.316567e+01 2.264075e+00
9.130859e-01 2.303348e+01 2.198499e+00
9.238281e-01 2.289538e+01 2.134792e+00
9.345703e-01 2.275039e+01 2.072788e+00
9.453125e-01 2.259773e+01 2.012353e+00
9.560547e-01 2.243683e+01 1.953378e+00
9.667969e-01 2.226731e+01 1.895778e+00
9.721680e-01 2.217924e+01 1.867472e+00
9.775391e-01 2.208893e+01 1.839487e+00
9.829102e-01 2.199639e+01 1.811815e+00
9.882812e-01 2.190160e+01 1.784452e+00
9.936523e-01 2.180459e+01 1.757394e+00
9.990234e-01 2.170536e+01 1.730636e+00
1.004395e+00 2.160392e+01 1.704175e+00
1.009766e+00 2.150032e+01 1.678007e+00
1.015137e+00 2.139457e+01 1.652132e+00
1.020508e+00 2.128671e+01 1.626545e+00
1.025879e+00 2.117679e+01 1.601246e+00
1.031250e+00 2.106484e+01 1.576233e+00
1.036621e+00 2.095091e+01 1.551504e+00
1.041992e+00 2.083505e+01 1.527059e+00
1.047363e+00 2.071732e+01 1.502896e+00
1.052734e+00 2.059776e+01 1.479015e+00
1.058105e+00 2.047645e+01 1.455415e+00
1.063477e+00 2.035343e+01 1.432095e+00
1.068848e+00 2.022876e+01 1.409055e+00
1.074219e+00 2.010252e+01 1.386293e+00
1.079590e+00 1.997476e+01 1.363811e+00
1.084961e+00 1.984555e+01 1.341606e+00
1.090332e+00 1.971496e+01 1.319679e+00
1.095703e+00 1.958304e+01 1.298029e+00
1.101074e+00 1.944987e+01 1.276656e+00
1.106445e+00 1.931552e+01 1.255558e+00
1.111816e+00 1.918005e+01 1.234735e+00
1.117188e+00 1.904353e+01 1.214187e+00
1.122559e+00 1.890602e+01 1.193912e+00
1.127930e+00 1.876760e+01 1.173910e+00
1.129272e+00 1.873286e+01 1.168952e+00
1.130615e+00 1.869807e+01 1.164011e+00
1.131958e+00 1.866322e+01 1.159087e+00
1.133301e+00 1.862833e+01 1.154180e+00
1.134644e+00 1.859338e+01 1.149290e+00
1.135986e+00 1.855839e+01 1.144417e+00
1.137329e+00 1.852335e+01 1.139561e+00
1.138672e+00 1.848827e+01 1.134721e+00
1.140015e+00 1.845314e+01 1.129899e+00
1.141357e+00 1.841797e+01 1.125093e+00
1.142029e+00 1.840036e+01 1.122697e+00
1.142700e+00 1.838275e+01 1.120304e+00
1.143372e+00 1.836513e+01 1.117916e+00
1.144043e+00 1.834749e+01 1.115532e+00
1.144714e+00 1.832985e+01 1.113153e+00
1.145386e+00 1.831219e+01 1.110777e+00
1.146057e+00 1.829453e+01 1.108406e+00
1.146729e+00 1.827685e+01 1.106039e+00
1.147400e+00 1.825917e+01 1.103676e+00
1.148071e+00 1.824147e+01 1.101317e+00
1.148743e+00 1.822377e+01 1.098962e+00
1.149414e+00 1.820606e+01 1.096612e+00
1.150085e+00 1.818833e+01 1.094266e+00
1.150757e+00 1.817060e+01 1.091924e+00
1.151428e+00 1.815286e+01 1.089586e+00
1.152100e+00 1.813511e+01 1.087252e+00
1.152771e+00 1.811735e+01 1.084923e+00
1.153442e+00 1.809959e+01 1.082597e+00
1.154114e+00 1.808181e+01 1.080276e+00
1.154785e+00 1.806403e+01 1.077959e+00
1.157471e+00 1.799281e+01 1.068733e+00
1.160156e+00 1.792147e+01 1.059573e+00
1.162842e+00 1.785001e+01 1.050479e+00
1.165527e+00 1.777844e+01 1.041451e+00
1.168213e+00 1.770677e+01 1.032489e+00
1.170898e+00 1.763501e+01 1.023593e+00
1.173584e+00 1.756315e+01 1.014762e+00
1.176270e+00 1.749122e+01 1.005997e+00
1.178955e+00 1.741922e+01 9.972965e-01
1.181641e+00 1.734715e+01 9.886610e-01
1.192383e+00 1.705836e+01 9.547638e-01
1.203125e+00 1.676908e+01 9.218872e-01
1.213867e+00 1.647973e+01 8.900160e-01
1.224609e+00 1.619071e+01 8.591340e-01
1.235352e+00 1.590241e+01 8.292240e-01
1.246094e+00 1.561518e+01 8.002682e-01
1.256836e+00 1.532935e+01 7.722479e-01
1.267578e+00 1.504525e+01 7.451437e-01
1.278320e+00 1.476316e+01 7.189358e-01
1.289062e+00 1.448336e+01 6.936039e-01
1.299805e+00 1.420610e+01 6.691274e-01
1.310547e+00 1.393161e+01 6.454851e-01
1.321289e+00 1.366009e+01 6.226560e-01
1.332031e+00 1.339176e+01 6.006186e-01
1.342773e+00 1.312676e+01 5.793517e-01
1.353516e+00 1.286527e+01 5.588337e-01
1.364258e+00 1.260743e+01 5.390433e-01
1.375000e+00 1.235334e+01 5.199592e-01
1.385742e+00 1.210314e+01 5.015605e-01
1.396484e+00 1.185690e+01 4.838260e-01
1.399170e+00 1.179597e+01 4.794938e-01
1.401855e+00 1.173530e+01 4.752015e-01
1.404541e+00 1.167488e+01 4.709488e-01
1.407227e+00 1.161472e+01 4.667353e-01
1.409912e+00 1.155481e+01 4.625608e-01
1.412598e+00 1.149516e+01 4.584250e-01
1.415283e+00 1.143577e+01 4.543275e-01
1.417969e+00 1.137665e+01 4.502680e-01
1.420654e+00 1.131778e+01 4.462462e-01
1.423340e+00 1.125917e+01 4.422618e-01
1.424683e+00 1.122997e+01 4.402835e-01
1.426025e+00 1.120083e+01 4.383145e-01
1.427368e+00 1.117176e+01 4.363546e-01
1.428711e+00 1.114275e+01 4.344039e-01
1.430054e+00 1.111381e+01 4.324624e-01
1.431396e+00 1.108493e+01 4.305299e-01
1.432739e+00 1.105612e+01 4.286064e-01
1.434082e+00 1.102738e+01 4.266920e-01
1.435425e+00 1.099870e+01 4.247865e-01
1.436768e+00 1.097009e+01 4.228900e-01
1.438110e+00 1.094155e+01 4.210023e-01
1.439453e+00 1.091307e+01 4.191235e-01
1.440796e+00 1.088466e+01 4.172535e-01
1.442139e+00 1.085631e+01 4.153923e-01
1.443481e+00 1.082803e+01 4.135398e-01
1.444824e+00 1.079982e+01 4.116960e-01
1.446167e+00 1.077168e+01 4.098609e-01
1.447510e+00 1.074360e+01 4.080345e-01
1.448853e+00 1.071559e+01 4.062166e-01
1.450195e+00 1.068764e+01 4.044073e-01
1.455566e+00 1.057653e+01 3.972548e-01
1.460938e+00 1.046648e+01 3.902363e-01
1.466309e+00 1.035751e+01 3.833495e-01
1.471680e+00 1.024962e+01 3.765921e-01
1.477051e+00 1.014279e+01 3.699618e-01
1.482422e+00 1.003704e+01 3.634564e-01
1.487793e+00 9.932365e+00 3.570736e-01
1.493164e+00 9.828759e+00 3.508115e-01
1.498535e+00 9.726224e+00 3.446677e-01
1.503906e+00 9.624757e+00 3.386401e-01
1.525391e+00 9.229525e+00 3.156511e-01
1.546875e+00 8.851139e+00 2.943600e-01
1.568359e+00 8.489311e+00 2.746448e-01
1.589844e+00 8.143681e+00 2.563905e-01
1.611328e+00 7.813835e+00 2.394895e-01
1.632812e+00 7.499314e+00 2.238407e-01
1.654297e+00 7.199623e+00 2.093500e-01
1.675781e+00 6.914243e+00 1.959296e-01
1.697266e+00 6.642640e+00 1.834980e-01
1.718750e+00 6.384265e+00 1.719791e-01
1.740234e+00 6.138568e+00 1.613027e-01
1.761719e+00 5.904998e+00 1.514038e-01
1.783203e+00 5.683008e+00 1.422220e-01
1.804688e+00 5.472058e+00 1.337017e-01
1.826172e+00 5.271620e+00 1.257914e-01
1.847656e+00 5.081177e+00 1.184437e-01
1.869141e+00 4.900228e+00 1.116150e-01
1.890625e+00 4.728287e+00 1.052648e-01
1.912109e+00 4.564886e+00 9.935611e-02
1.933594e+00 4.409572e+00 9.385473e-02
1.944336e+00 4.334813e+00 9.124685e-02
1.955078e+00 4.261915e+00 8.872922e-02
1.965820e+00 4.190826e+00 8.629828e-02
1.976562e+00 4.121497e+00 8.395065e-02
1.987305e+00 4.053879e+00 8.168307e-02
1.998047e+00 3.987924e+00 7.949242e-02
2.008789e+00 3.923585e+00 7.737570e-02
2.019531e+00 3.860817e+00 7.533005e-02
2.030273e+00 3.799576e+00 7.335271e-02
2.041016e+00 3.739817e+00 7.144105e-02
2.051758e+00 3.681499e+00 6.959253e-02
2.062500e+00 3.624580e+00 6.780472e-02
2.073242e+00 3.569022e+00 6.607531e-02
2.083984e+00 3.514783e+00 6.440206e-02
2.094727e+00 3.461827e+00 6.278283e-02
2.105469e+00 3.410117e+00 6.121556e-02
2.116211e+00 3.359617e+00 5.969830e-02
2.126953e+00 3.310291e+00 5.822915e-02
2.137695e+00 3.262106e+00 5.680630e-02
2.148438e+00 3.215028e+00 5.542803e-02
2.169922e+00 3.124068e+00 5.279860e-02
2.191406e+00 3.037165e+00 5.032835e-02
2.212891e+00 2.954086e+00 4.800576e-02
2.234375e+00 2.874612e+00 4.582023e-02
2.255859e+00 2.798537e+00 4.376200e-02
2.277344e+00 2.725667e+00 4.182210e-02
2.298828e+00 2.655820e+00 3.999224e-02
2.320312e+00 2.588822e+00 3.826479e-02
2.341797e+00 2.524513e+00 3.663273e-02
2.363281e+00 2.462740e+00 3.508956e-02
2.384766e+00 2.403362e+00 3.362931e-02
2.406250e+00 2.346244e+00 3.224644e-02
2.427734e+00 2.291260e+00 3.093586e-02
2.449219e+00 2.238293e+00 2.969286e-02
2.470703e+00 2.187232e+00 2.851307e-02
2.492188e+00 2.137974e+00 2.739246e-02
2.513672e+00 2.090419e+00 2.632730e-02
2.535156e+00 2.044479e+00 2.531415e-02
2.556641e+00 2.000066e+00 2.434979e-02
2.578125e+00 1.957102e+00 2.343126e-02
2.599609e+00 1.915509e+00 2.255580e-02
2.621094e+00 1.875219e+00 2.172086e-02
2.642578e+00 1.836165e+00 2.092407e-02
2.664062e+00 1.798285e+00 2.016322e-02
2.685547e+00 1.761521e+00 1.943625e-02
2.707031e+00 1.725818e+00 1.874126e-02
2.728516e+00 1.691126e+00 1.807646e-02
2.750000e+00 1.657397e+00 1.744019e-02
2.771484e+00 1.624586e+00 1.683092e-02
2.792969e+00 1.592650e+00 1.624719e-02
2.814453e+00 1.561550e+00 1.568766e-02
2.835938e+00 1.531250e+00 1.515106e-02
2.857422e+00 1.501714e+00 1.463621e-02
2.878906e+00 1.472910e+00 1.414202e-02
2.900391e+00 1.444808e+00 1.366744e-02
2.921875e+00 1.417377e+00 1.321151e-02
2.943359e+00 1.390592e+00 1.277331e-02
2.964844e+00 1.364427e+00 1.235199e-02
2.986328e+00 1.338858e+00 1.194674e-02
3.007812e+00 1.313862e+00 1.155682e-02
3.050781e+00 1.265508e+00 1.082014e-02
3.093750e+00 1.219209e+00 1.013673e-02
3.136719e+00 1.174828e+00 9.501957e-03
3.179688e+00 1.132241e+00 8.911690e-03
3.222656e+00 1.091339e+00 8.362226e-03
3.265625e+00 1.052024e+00 7.850245e-03
3.308594e+00 1.014207e+00 7.372759e-03
3.351562e+00 9.778093e-01 6.927071e-03
3.394531e+00 9.427578e-01 6.510745e-03
3.437500e+00 9.089873e-01 6.121566e-03
3.523438e+00 8.450551e-01 5.416791e-03
3.609375e+00 7.855914e-01 4.798692e-03
3.695312e+00 7.302367e-01 4.255508e-03
3.781250e+00 6.786796e-01 3.777323e-03
3.867188e+00 6.306462e-01 3.355718e-03
3.953125e+00 5.858919e-01 2.983504e-03
4.039062e+00 5.441954e-01 2.654507e-03
4.125000e+00 5.053543e-01 2.363405e-03
4.210938e+00 4.691823e-01 2.105592e-03
4.296875e+00 4.355062e-01 1.877064e-03
4.318359e+00 4.274580e-01 1.824089e-03
4.339844e+00 4.195532e-01 1.772675e-03
4.361328e+00 4.117895e-01 1.722772e-03
4.382812e+00 4.041645e-01 1.674336e-03
4.404297e+00 3.966760e-01 1.627320e-03
4.425781e+00 3.893216e-01 1.581680e-03
4.447266e+00 3.820990e-01 1.537375e-03
4.468750e+00 3.750062e-01 1.494364e-03
4.490234e+00 3.680409e-01 1.452607e-03
4.511719e+00 3.612010e-01 1.412066e-03
4.533203e+00 3.544844e-01 1.372704e-03
4.554688e+00 3.478890e-01 1.334485e-03
4.576172e+00 3.414128e-01 1.297374e-03
4.597656e+00 3.350538e-01 1.261339e-03
4.619141e+00 3.288100e-01 1.226345e-03
4.640625e+00 3.226794e-01 1.192363e-03
4.662109e+00 3.166601e-01 1.159361e-03
4.683594e+00 3.107503e-01 1.127310e-03
4.705078e+00 3.049480e-01 1.096181e-03
4.726562e+00 2.992515e-01 1.065947e-03
4.769531e+00 2.881684e-01 1.008057e-03
4.812500e+00 2.774869e-01 9.534351e-04
4.855469e+00 2.671933e-01 9.018895e-04
4.898438e+00 2.572742e-01 8.532401e-04
4.941406e+00 2.477168e-01 8.073177e-04
4.984375e+00 2.385085e-01 7.639635e-04
5.027344e+00 2.296373e-01 7.230283e-04
5.070312e+00 2.210912e-01 6.843719e-04
5.113281e+00 2.128590e-01 6.478625e-04
5.156250e+00 2.049296e-01 6.133762e-04
5.242188e+00 1.899367e-01 5.500142e-04
5.328125e+00 1.760309e-01 4.934353e-04
5.414062e+00 1.631358e-01 4.428870e-04
5.500000e+00 1.511801e-01 3.977034e-04
5.585938e+00 1.400968e-01 3.572945e-04
5.671875e+00 1.298237e-01 3.211373e-04
5.757812e+00 1.203025e-01 2.887684e-04
5.843750e+00 1.114789e-01 2.597763e-04
5.929688e+00 1.033025e-01 2.337961e-04
6.015625e+00 9.572617e-02 2.105035e-04
6.101562e+00 8.870622e-02 1.896104e-04
6.187500e+00 8.220198e-02 1.708606e-04
6.273438e+00 7.617567e-02 1.540264e-04
6.359375e+00 7.059224e-02 1.389051e-04
6.445312e+00 6.541913e-02 1.253161e-04
6.531250e+00 6.062616e-02 1.130987e-04
6.617188e+00 5.618534e-02 1.021095e-04
6.703125e+00 5.207072e-02 9.222084e-05
6.789062e+00 4.825826e-02 8.331864e-05
6.875000e+00 4.472568e-02 7.530116e-05
7.046875e+00 3.841909e-02 6.156644e-05
7.218750e+00 3.300346e-02 5.039943e-05
7.390625e+00 2.835228e-02 4.130625e-05
7.562500e+00 2.435713e-02 3.389109e-05
7.734375e+00 2.092508e-02 2.783600e-05
7.906250e+00 1.797644e-02 2.288510e-05
8.078125e+00 1.544290e-02 1.883206e-05
8.250000e+00 1.326586e-02 1.551021e-05
8.421875e+00 1.139507e-02 1.278467e-05
8.593750e+00 9.787397e-03 1.054610e-05
8.765625e+00 8.405841e-03 8.705737e-06
8.937500e+00 7.218621e-03 7.191381e-06
9.109375e+00 6.198428e-03 5.944215e-06
9.281250e+00 5.321811e-03 4.916280e-06
9.453125e+00 4.568622e-03 4.068409e-06
9.625000e+00 3.921543e-03 3.368570e-06
9.796875e+00 3.365674e-03 2.790532e-06
9.968750e+00 2.888205e-03 2.312793e-06
1.014062e+01 2.478133e-03 1.917720e-06
1.031250e+01 2.125989e-03 1.590828e-06
1.065625e+01 1.564064e-03 1.096064e-06
1.100000e+01 1.150041e-03 7.563415e-07
1.134375e+01 8.451718e-04 5.226631e-07
1.168750e+01 6.208103e-04 3.616644e-07
1.203125e+01 4.557907e-04 2.505729e-07
1.237500e+01 3.344846e-04 1.738105e-07
1.271875e+01 2.453616e-04 1.207002e-07
1.306250e+01 1.799202e-04 8.391072e-08
1.340625e+01 1.318915e-04 5.839724e-08
1.375000e+01 9.665231e-05 4.068150e-08
1.443750e+01 5.186314e-05 1.979999e-08
1.512500e+01 2.780890e-05 9.673491e-09
1.581250e+01 1.490147e-05 4.742618e-09
1.650000e+01 7.979513e-06 2.332376e-09
1.718750e+01 4.273465e-06 1.151184e-09
1.787500e+01 2.288894e-06 5.700642e-10
1.856250e+01 1.223773e-06 2.826299e-10
1.925000e+01 6.552815e-07 1.407202e-10
1.993750e+01 3.520484e-07 7.047761e-11
2.062500e+01 1.879041e-07 3.515107e-11
2.131250e+01 1.006150e-07 1.762722e-11
2.200000e+01 5.389275e-08 8.860845e-12
2.268750e+01 2.887299e-08 4.463839e-12
2.337500e+01 1.547036e-08 2.253136e-12
2.406250e+01 8.298379e-09 1.140517e-12
2.475000e+01 4.457175e-09 5.790278e-13
2.543750e+01 2.393779e-09 2.943915e-13
2.612500e+01 1.292267e-09 1.506710e-13
2.681250e+01 7.045539e-10 7.798836e-14
2.750000e+01 3.858364e-10 4.060018e-14
3.025000e+01 4.724024e-11 4.108199e-15
3.300000e+01 2.985797e-11 2.181838e-15
3.575000e+01 2.693754e-11 1.677243e-15
3.850000e+01 2.406997e-11 1.292243e-15
4.125000e+01 2.778286e-11 1.299329e-15
4.400000e+01 2.786041e-11 1.145176e-15
4.675000e+01 2.348507e-11 8.551035e-16
4.950000e+01 2.534998e-11 8.232986e-16
5.225000e+01 2.794607e-11 8.145885e-16
5.500000e+01 2.828169e-11 7.439952e-16
6.050000e+01 3.402443e-11 7.397248e-16
6.600000e+01 3.833608e-11 7.003416e-16
7.150000e+01 3.799319e-11 5.914034e-16
7.700000e+01 3.617790e-11 4.855702e-16
8.250000e+01 3.745138e-11 4.378749e-16
8.800000e+01 4.062479e-11 4.174610e-16
9.350000e+01 3.848730e-11 3.503357e-16
9.900000e+01 2.564842e-11 2.082477e-16
1.045000e+02 8.049827e-12 5.866028e-17
1.100000e+02 0.000000e+00 0.000000e+00
