# 
# Output from RAtom program.
# 
# Total radial electron density.
# The first column contains radius $r$ in bohr units.
# The second column holds $\rho(r)$.
# The third column holds $\tilde{\rho}(r) = \rho(r) / (\pi * r * r)$
# 
# Use this file with gnuplot to create the plot.
# 
# R     Rho     RhoTilde
#
0.000000e+00 0.000000e+00 1.380555e+05
1.220703e-04 2.548789e-02 1.361144e+05
2.441406e-04 1.005182e-01 1.342006e+05
3.662109e-04 2.229861e-01 1.323138e+05
4.882812e-04 3.908464e-01 1.304536e+05
6.103516e-04 6.021119e-01 1.286196e+05
7.324219e-04 8.548523e-01 1.268115e+05
8.544922e-04 1.147192e+00 1.250288e+05
9.765625e-04 1.477311e+00 1.232713e+05
1.098633e-03 1.843441e+00 1.215386e+05
1.220703e-03 2.243865e+00 1.198304e+05
1.342773e-03 2.676918e+00 1.181462e+05
1.464844e-03 3.140982e+00 1.164858e+05
1.586914e-03 3.634488e+00 1.148488e+05
1.708984e-03 4.155916e+00 1.132350e+05
1.831055e-03 4.703787e+00 1.116439e+05
1.953125e-03 5.276672e+00 1.100754e+05
2.075195e-03 5.873182e+00 1.085290e+05
2.197266e-03 6.491972e+00 1.070044e+05
2.319336e-03 7.131738e+00 1.055014e+05
2.441406e-03 7.791218e+00 1.040196e+05
2.685547e-03 9.164458e+00 1.011187e+05
2.929688e-03 1.060236e+01 9.829925e+04
3.173828e-03 1.209619e+01 9.555904e+04
3.417969e-03 1.363774e+01 9.289589e+04
3.662109e-03 1.521938e+01 9.030764e+04
3.906250e-03 1.683395e+01 8.779223e+04
4.150391e-03 1.847478e+01 8.534764e+04
4.394531e-03 2.013567e+01 8.297191e+04
4.638672e-03 2.181083e+01 8.066311e+04
4.882812e-03 2.349489e+01 7.841940e+04
5.126953e-03 2.518289e+01 7.623897e+04
5.371094e-03 2.687021e+01 7.412005e+04
5.615234e-03 2.855260e+01 7.206095e+04
5.859375e-03 3.022613e+01 7.005999e+04
6.103516e-03 3.188720e+01 6.811557e+04
6.347656e-03 3.353249e+01 6.622610e+04
6.591797e-03 3.515899e+01 6.439007e+04
6.835938e-03 3.676392e+01 6.260597e+04
7.080078e-03 3.834477e+01 6.087237e+04
7.324219e-03 3.989929e+01 5.918786e+04
7.568359e-03 4.142541e+01 5.755107e+04
7.812500e-03 4.292130e+01 5.596068e+04
8.056641e-03 4.438533e+01 5.441538e+04
8.300781e-03 4.581606e+01 5.291392e+04
8.544922e-03 4.721220e+01 5.145507e+04
8.789062e-03 4.857266e+01 5.003765e+04
9.033203e-03 4.989650e+01 4.866051e+04
9.277344e-03 5.118290e+01 4.732251e+04
9.521484e-03 5.243121e+01 4.602256e+04
9.765625e-03 5.364090e+01 4.475959e+04
1.000977e-02 5.481155e+01 4.353258e+04
1.025391e-02 5.594287e+01 4.234052e+04
1.049805e-02 5.703465e+01 4.118243e+04
1.074219e-02 5.808681e+01 4.005735e+04
1.098633e-02 5.909934e+01 3.896437e+04
1.123047e-02 6.007232e+01 3.790258e+04
1.147461e-02 6.100591e+01 3.687111e+04
1.171875e-02 6.190034e+01 3.586911e+04
1.196289e-02 6.275592e+01 3.489575e+04
1.220703e-02 6.357301e+01 3.395023e+04
1.245117e-02 6.435202e+01 3.303177e+04
1.269531e-02 6.509343e+01 3.213960e+04
1.293945e-02 6.579777e+01 3.127299e+04
1.318359e-02 6.646560e+01 3.043122e+04
1.342773e-02 6.709751e+01 2.961359e+04
1.367188e-02 6.769417e+01 2.881942e+04
1.391602e-02 6.825623e+01 2.804805e+04
1.416016e-02 6.878441e+01 2.729883e+04
1.440430e-02 6.927944e+01 2.657115e+04
1.464844e-02 6.974206e+01 2.586439e+04
1.489258e-02 7.017305e+01 2.517797e+04
1.513672e-02 7.057320e+01 2.451131e+04
1.538086e-02 7.094332e+01 2.386385e+04
1.562500e-02 7.128423e+01 2.323505e+04
1.586914e-02 7.159675e+01 2.262438e+04
1.611328e-02 7.188172e+01 2.203132e+04
1.635742e-02 7.213998e+01 2.145539e+04
1.660156e-02 7.237239e+01 2.089609e+04
1.684570e-02 7.257979e+01 2.035296e+04
1.708984e-02 7.276304e+01 1.982553e+04
1.733398e-02 7.292299e+01 1.931336e+04
1.757812e-02 7.306048e+01 1.881601e+04
1.782227e-02 7.317636e+01 1.833307e+04
1.806641e-02 7.327148e+01 1.786412e+04
1.831055e-02 7.334668e+01 1.740876e+04
1.855469e-02 7.340277e+01 1.696662e+04
1.879883e-02 7.344059e+01 1.653731e+04
1.904297e-02 7.346095e+01 1.612046e+04
1.928711e-02 7.346465e+01 1.571572e+04
1.953125e-02 7.345249e+01 1.532275e+04
2.001953e-02 7.338372e+01 1.457076e+04
2.050781e-02 7.326077e+01 1.386190e+04
2.099609e-02 7.308956e+01 1.319376e+04
2.148438e-02 7.287583e+01 1.256401e+04
2.197266e-02 7.262506e+01 1.197048e+04
2.246094e-02 7.234253e+01 1.141111e+04
2.294922e-02 7.203325e+01 1.088397e+04
2.343750e-02 7.170200e+01 1.038721e+04
2.392578e-02 7.135331e+01 9.919094e+03
2.441406e-02 7.099146e+01 9.477988e+03
2.465820e-02 7.080687e+01 9.267076e+03
2.490234e-02 7.062049e+01 9.062341e+03
2.514648e-02 7.043277e+01 8.863604e+03
2.539062e-02 7.024417e+01 8.670690e+03
2.563477e-02 7.005513e+01 8.483428e+03
2.587891e-02 6.986606e+01 8.301652e+03
2.612305e-02 6.967737e+01 8.125203e+03
2.636719e-02 6.948946e+01 7.953924e+03
2.661133e-02 6.930269e+01 7.787662e+03
2.685547e-02 6.911743e+01 7.626271e+03
2.709961e-02 6.893402e+01 7.469606e+03
2.734375e-02 6.875281e+01 7.317529e+03
2.758789e-02 6.857411e+01 7.169904e+03
2.783203e-02 6.839823e+01 7.026599e+03
2.807617e-02 6.822546e+01 6.887487e+03
2.832031e-02 6.805607e+01 6.752443e+03
2.856445e-02 6.789035e+01 6.621347e+03
2.880859e-02 6.772853e+01 6.494081e+03
2.905273e-02 6.757088e+01 6.370531e+03
2.929688e-02 6.741760e+01 6.250587e+03
2.978516e-02 6.712506e+01 6.021089e+03
3.027344e-02 6.685251e+01 5.804762e+03
3.076172e-02 6.660138e+01 5.600827e+03
3.125000e-02 6.637291e+01 5.408551e+03
3.173828e-02 6.616818e+01 5.227241e+03
3.222656e-02 6.598812e+01 5.056243e+03
3.271484e-02 6.583351e+01 4.894941e+03
3.320312e-02 6.570497e+01 4.742753e+03
3.369141e-02 6.560302e+01 4.599130e+03
3.417969e-02 6.552801e+01 4.463555e+03
3.466797e-02 6.548021e+01 4.335542e+03
3.515625e-02 6.545975e+01 4.214629e+03
3.564453e-02 6.546667e+01 4.100384e+03
3.613281e-02 6.550091e+01 3.992399e+03
3.662109e-02 6.556232e+01 3.890289e+03
3.710938e-02 6.565065e+01 3.793690e+03
3.759766e-02 6.576558e+01 3.702263e+03
3.808594e-02 6.590673e+01 3.615685e+03
3.857422e-02 6.607364e+01 3.533654e+03
3.906250e-02 6.626577e+01 3.455885e+03
3.955078e-02 6.648256e+01 3.382110e+03
4.003906e-02 6.672337e+01 3.312076e+03
4.052734e-02 6.698753e+01 3.245546e+03
4.101562e-02 6.727432e+01 3.182298e+03
4.150391e-02 6.758298e+01 3.122120e+03
4.199219e-02 6.791273e+01 3.064816e+03
4.248047e-02 6.826275e+01 3.010200e+03
4.296875e-02 6.863219e+01 2.958098e+03
4.345703e-02 6.902019e+01 2.908347e+03
4.394531e-02 6.942587e+01 2.860793e+03
4.443359e-02 6.984833e+01 2.815291e+03
4.492188e-02 7.028666e+01 2.771707e+03
4.541016e-02 7.073995e+01 2.729913e+03
4.589844e-02 7.120726e+01 2.689792e+03
4.638672e-02 7.168768e+01 2.651230e+03
4.687500e-02 7.218027e+01 2.614123e+03
4.736328e-02 7.268410e+01 2.578375e+03
4.785156e-02 7.319826e+01 2.543892e+03
4.833984e-02 7.372183e+01 2.510590e+03
4.882812e-02 7.425389e+01 2.478388e+03
4.907227e-02 7.452282e+01 2.462676e+03
4.931641e-02 7.479354e+01 2.447211e+03
4.956055e-02 7.506594e+01 2.431985e+03
4.980469e-02 7.533990e+01 2.416989e+03
5.004883e-02 7.561531e+01 2.402216e+03
5.029297e-02 7.589208e+01 2.387658e+03
5.053711e-02 7.617008e+01 2.373306e+03
5.078125e-02 7.644922e+01 2.359155e+03
5.102539e-02 7.672938e+01 2.345196e+03
5.126953e-02 7.701047e+01 2.331424e+03
5.139160e-02 7.715132e+01 2.324605e+03
5.151367e-02 7.729237e+01 2.317831e+03
5.163574e-02 7.743360e+01 2.311100e+03
5.175781e-02 7.757499e+01 2.304412e+03
5.187988e-02 7.771654e+01 2.297765e+03
5.200195e-02 7.785823e+01 2.291160e+03
5.212402e-02 7.800004e+01 2.284594e+03
5.224609e-02 7.814197e+01 2.278069e+03
5.236816e-02 7.828401e+01 2.271582e+03
5.249023e-02 7.842613e+01 2.265134e+03
5.261230e-02 7.856833e+01 2.258723e+03
5.273438e-02 7.871060e+01 2.252349e+03
5.285645e-02 7.885293e+01 2.246012e+03
5.297852e-02 7.899529e+01 2.239710e+03
5.310059e-02 7.913769e+01 2.233443e+03
5.322266e-02 7.928010e+01 2.227210e+03
5.334473e-02 7.942252e+01 2.221012e+03
5.346680e-02 7.956494e+01 2.214846e+03
5.358887e-02 7.970734e+01 2.208713e+03
5.371094e-02 7.984971e+01 2.202612e+03
5.419922e-02 8.041868e+01 2.178517e+03
5.468750e-02 8.098629e+01 2.154892e+03
5.517578e-02 8.155185e+01 2.131704e+03
5.566406e-02 8.211466e+01 2.108924e+03
5.615234e-02 8.267407e+01 2.086525e+03
5.664062e-02 8.322945e+01 2.064482e+03
5.712891e-02 8.378018e+01 2.042771e+03
5.761719e-02 8.432567e+01 2.021370e+03
5.810547e-02 8.486535e+01 2.000260e+03
5.859375e-02 8.539867e+01 1.979423e+03
5.957031e-02 8.644417e+01 1.938501e+03
6.054688e-02 8.745827e+01 1.898487e+03
6.152344e-02 8.843739e+01 1.859280e+03
6.250000e-02 8.937835e+01 1.820801e+03
6.347656e-02 9.027831e+01 1.782981e+03
6.445312e-02 9.113475e+01 1.745767e+03
6.542969e-02 9.194550e+01 1.709114e+03
6.640625e-02 9.270871e+01 1.672988e+03
6.738281e-02 9.342285e+01 1.637363e+03
6.835938e-02 9.408667e+01 1.602220e+03
6.884766e-02 9.439939e+01 1.584824e+03
6.933594e-02 9.469920e+01 1.567544e+03
6.982422e-02 9.498600e+01 1.550378e+03
7.031250e-02 9.525975e+01 1.533326e+03
7.080078e-02 9.552039e+01 1.516387e+03
7.128906e-02 9.576788e+01 1.499561e+03
7.177734e-02 9.600222e+01 1.482848e+03
7.226562e-02 9.622341e+01 1.466248e+03
7.275391e-02 9.643144e+01 1.449760e+03
7.324219e-02 9.662634e+01 1.433386e+03
7.373047e-02 9.680816e+01 1.417125e+03
7.421875e-02 9.697694e+01 1.400978e+03
7.470703e-02 9.713273e+01 1.384946e+03
7.519531e-02 9.727562e+01 1.369029e+03
7.568359e-02 9.740569e+01 1.353228e+03
7.617188e-02 9.752303e+01 1.337544e+03
7.666016e-02 9.762774e+01 1.321977e+03
7.714844e-02 9.771994e+01 1.306529e+03
7.763672e-02 9.779975e+01 1.291200e+03
7.812500e-02 9.786731e+01 1.275991e+03
7.861328e-02 9.792275e+01 1.260904e+03
7.910156e-02 9.796622e+01 1.245938e+03
7.958984e-02 9.799788e+01 1.231095e+03
8.007812e-02 9.801789e+01 1.216376e+03
8.056641e-02 9.802642e+01 1.201781e+03
8.105469e-02 9.802364e+01 1.187312e+03
8.154297e-02 9.800975e+01 1.172969e+03
8.203125e-02 9.798493e+01 1.158753e+03
8.251953e-02 9.794937e+01 1.144665e+03
8.300781e-02 9.790328e+01 1.130705e+03
8.349609e-02 9.784685e+01 1.116875e+03
8.398438e-02 9.778029e+01 1.103175e+03
8.447266e-02 9.770382e+01 1.089606e+03
8.496094e-02 9.761766e+01 1.076168e+03
8.544922e-02 9.752201e+01 1.062861e+03
8.593750e-02 9.741711e+01 1.049687e+03
8.642578e-02 9.730319e+01 1.036646e+03
8.691406e-02 9.718046e+01 1.023738e+03
8.740234e-02 9.704915e+01 1.010964e+03
8.789062e-02 9.690951e+01 9.983238e+02
8.886719e-02 9.660615e+01 9.734464e+02
8.984375e-02 9.627225e+01 9.491078e+02
9.082031e-02 9.590973e+01 9.253091e+02
9.179688e-02 9.552050e+01 9.020506e+02
9.277344e-02 9.510646e+01 8.793319e+02
9.375000e-02 9.466953e+01 8.571519e+02
9.472656e-02 9.421161e+01 8.355088e+02
9.570312e-02 9.373458e+01 8.144000e+02
9.667969e-02 9.324031e+01 7.938224e+02
9.765625e-02 9.273062e+01 7.737723e+02
9.814453e-02 9.247056e+01 7.639438e+02
9.863281e-02 9.220732e+01 7.542454e+02
9.912109e-02 9.194112e+01 7.446767e+02
9.960938e-02 9.167217e+01 7.352368e+02
1.000977e-01 9.140070e+01 7.259252e+02
1.005859e-01 9.112692e+01 7.167411e+02
1.010742e-01 9.085103e+01 7.076837e+02
1.015625e-01 9.057324e+01 6.987524e+02
1.020508e-01 9.029376e+01 6.899462e+02
1.025391e-01 9.001279e+01 6.812644e+02
1.026611e-01 8.994234e+01 6.791133e+02
1.027832e-01 8.987181e+01 6.769698e+02
1.029053e-01 8.980120e+01 6.748341e+02
1.030273e-01 8.973053e+01 6.727061e+02
1.031494e-01 8.965978e+01 6.705857e+02
1.032715e-01 8.958897e+01 6.684729e+02
1.033936e-01 8.951809e+01 6.663678e+02
1.035156e-01 8.944716e+01 6.642704e+02
1.036377e-01 8.937617e+01 6.621805e+02
1.037598e-01 8.930513e+01 6.600982e+02
1.038818e-01 8.923403e+01 6.580235e+02
1.040039e-01 8.916289e+01 6.559564e+02
1.041260e-01 8.909170e+01 6.538968e+02
1.042480e-01 8.902047e+01 6.518448e+02
1.043701e-01 8.894921e+01 6.498003e+02
1.044922e-01 8.887791e+01 6.477633e+02
1.046143e-01 8.880657e+01 6.457337e+02
1.047363e-01 8.873520e+01 6.437117e+02
1.048584e-01 8.866381e+01 6.416971e+02
1.049805e-01 8.859239e+01 6.396900e+02
1.052246e-01 8.844949e+01 6.356980e+02
1.054688e-01 8.830653e+01 6.317356e+02
1.057129e-01 8.816352e+01 6.278027e+02
1.059570e-01 8.802049e+01 6.238991e+02
1.062012e-01 8.787747e+01 6.200248e+02
1.064453e-01 8.773447e+01 6.161796e+02
1.066895e-01 8.759151e+01 6.123633e+02
1.069336e-01 8.744862e+01 6.085759e+02
1.071777e-01 8.730581e+01 6.048172e+02
1.074219e-01 8.716311e+01 6.010871e+02
1.083984e-01 8.659381e+01 5.864499e+02
1.093750e-01 8.602783e+01 5.722595e+02
1.103516e-01 8.546641e+01 5.585070e+02
1.113281e-01 8.491071e+01 5.451836e+02
1.123047e-01 8.436183e+01 5.322803e+02
1.132812e-01 8.382083e+01 5.197877e+02
1.142578e-01 8.328870e+01 5.076968e+02
1.152344e-01 8.276637e+01 4.959980e+02
1.162109e-01 8.225472e+01 4.846820e+02
1.171875e-01 8.175456e+01 4.737395e+02
1.181641e-01 8.126667e+01 4.631608e+02
1.191406e-01 8.079174e+01 4.529365e+02
1.201172e-01 8.033043e+01 4.430573e+02
1.210938e-01 7.988334e+01 4.335138e+02
1.220703e-01 7.945101e+01 4.242965e+02
1.230469e-01 7.903393e+01 4.153962e+02
1.240234e-01 7.863254e+01 4.068037e+02
1.250000e-01 7.824725e+01 3.985100e+02
1.259766e-01 7.787838e+01 3.905058e+02
1.269531e-01 7.752624e+01 3.827825e+02
1.279297e-01 7.719108e+01 3.753311e+02
1.289062e-01 7.687310e+01 3.681430e+02
1.298828e-01 7.657246e+01 3.612097e+02
1.308594e-01 7.628929e+01 3.545227e+02
1.318359e-01 7.602367e+01 3.480738e+02
1.328125e-01 7.577565e+01 3.418550e+02
1.337891e-01 7.554521e+01 3.358581e+02
1.347656e-01 7.533235e+01 3.300756e+02
1.357422e-01 7.513698e+01 3.244996e+02
1.367188e-01 7.495902e+01 3.191228e+02
1.376953e-01 7.479833e+01 3.139379e+02
1.386719e-01 7.465476e+01 3.089377e+02
1.396484e-01 7.452811e+01 3.041152e+02
1.406250e-01 7.441819e+01 2.994637e+02
1.416016e-01 7.432474e+01 2.949765e+02
1.425781e-01 7.424751e+01 2.906473e+02
1.435547e-01 7.418621e+01 2.864696e+02
1.445312e-01 7.414053e+01 2.824375e+02
1.455078e-01 7.411015e+01 2.785449e+02
1.464844e-01 7.409472e+01 2.747861e+02
1.474609e-01 7.409388e+01 2.711555e+02
1.484375e-01 7.410725e+01 2.676477e+02
1.494141e-01 7.413445e+01 2.642575e+02
1.503906e-01 7.417506e+01 2.609796e+02
1.513672e-01 7.422867e+01 2.578092e+02
1.523438e-01 7.429485e+01 2.547414e+02
1.533203e-01 7.437316e+01 2.517717e+02
1.542969e-01 7.446315e+01 2.488956e+02
1.552734e-01 7.456437e+01 2.461088e+02
1.562500e-01 7.467635e+01 2.434071e+02
1.582031e-01 7.493073e+01 2.382429e+02
1.601562e-01 7.522249e+01 2.333727e+02
1.621094e-01 7.554779e+01 2.287682e+02
1.640625e-01 7.590275e+01 2.244032e+02
1.660156e-01 7.628351e+01 2.202535e+02
1.679688e-01 7.668623e+01 2.162970e+02
1.699219e-01 7.710711e+01 2.125132e+02
1.718750e-01 7.754242e+01 2.088835e+02
1.738281e-01 7.798852e+01 2.053907e+02
1.757812e-01 7.844185e+01 2.020193e+02
1.777344e-01 7.889896e+01 1.987552e+02
1.796875e-01 7.935653e+01 1.955857e+02
1.816406e-01 7.981136e+01 1.924992e+02
1.835938e-01 8.026040e+01 1.894854e+02
1.855469e-01 8.070075e+01 1.865350e+02
1.875000e-01 8.112963e+01 1.836399e+02
1.894531e-01 8.154445e+01 1.807928e+02
1.914062e-01 8.194277e+01 1.779871e+02
1.933594e-01 8.232229e+01 1.752174e+02
1.953125e-01 8.268091e+01 1.724786e+02
1.962891e-01 8.285175e+01 1.711196e+02
1.972656e-01 8.301665e+01 1.697667e+02
1.982422e-01 8.317538e+01 1.684197e+02
1.992188e-01 8.332773e+01 1.670780e+02
2.001953e-01 8.347350e+01 1.657414e+02
2.011719e-01 8.361251e+01 1.644095e+02
2.021484e-01 8.374457e+01 1.630820e+02
2.031250e-01 8.386952e+01 1.617587e+02
2.041016e-01 8.398718e+01 1.604392e+02
2.050781e-01 8.409743e+01 1.591234e+02
2.053223e-01 8.412381e+01 1.587951e+02
2.055664e-01 8.414972e+01 1.584669e+02
2.058105e-01 8.417515e+01 1.581389e+02
2.060547e-01 8.420010e+01 1.578112e+02
2.062988e-01 8.422457e+01 1.574836e+02
2.065430e-01 8.424856e+01 1.571563e+02
2.067871e-01 8.427206e+01 1.568292e+02
2.070312e-01 8.429508e+01 1.565022e+02
2.072754e-01 8.431760e+01 1.561755e+02
2.075195e-01 8.433964e+01 1.558490e+02
2.076416e-01 8.435047e+01 1.556858e+02
2.077637e-01 8.436118e+01 1.555226e+02
2.078857e-01 8.437177e+01 1.553595e+02
2.080078e-01 8.438223e+01 1.551965e+02
2.081299e-01 8.439257e+01 1.550335e+02
2.082520e-01 8.440278e+01 1.548705e+02
2.083740e-01 8.441287e+01 1.547076e+02
2.084961e-01 8.442284e+01 1.545447e+02
2.086182e-01 8.443268e+01 1.543819e+02
2.087402e-01 8.444240e+01 1.542192e+02
2.088623e-01 8.445199e+01 1.540565e+02
2.089844e-01 8.446146e+01 1.538938e+02
2.091064e-01 8.447080e+01 1.537312e+02
2.092285e-01 8.448001e+01 1.535686e+02
2.093506e-01 8.448910e+01 1.534060e+02
2.094727e-01 8.449806e+01 1.532435e+02
2.095947e-01 8.450690e+01 1.530811e+02
2.097168e-01 8.451560e+01 1.529187e+02
2.098389e-01 8.452419e+01 1.527564e+02
2.099609e-01 8.453264e+01 1.525940e+02
2.104492e-01 8.456519e+01 1.519453e+02
2.109375e-01 8.459569e+01 1.512972e+02
2.114258e-01 8.462414e+01 1.506498e+02
2.119141e-01 8.465052e+01 1.500031e+02
2.124023e-01 8.467483e+01 1.493571e+02
2.128906e-01 8.469705e+01 1.487118e+02
2.133789e-01 8.471718e+01 1.480671e+02
2.138672e-01 8.473521e+01 1.474232e+02
2.143555e-01 8.475113e+01 1.467799e+02
2.148438e-01 8.476494e+01 1.461373e+02
2.158203e-01 8.478619e+01 1.448540e+02
2.167969e-01 8.479891e+01 1.435735e+02
2.177734e-01 8.480306e+01 1.422957e+02
2.187500e-01 8.479862e+01 1.410207e+02
2.197266e-01 8.478557e+01 1.397484e+02
2.207031e-01 8.476388e+01 1.384790e+02
2.216797e-01 8.473356e+01 1.372125e+02
2.226562e-01 8.469459e+01 1.359490e+02
2.236328e-01 8.464699e+01 1.346885e+02
2.246094e-01 8.459077e+01 1.334312e+02
2.255859e-01 8.452595e+01 1.321771e+02
2.265625e-01 8.445254e+01 1.309263e+02
2.275391e-01 8.437059e+01 1.296789e+02
2.285156e-01 8.428013e+01 1.284350e+02
2.294922e-01 8.418121e+01 1.271948e+02
2.304688e-01 8.407386e+01 1.259584e+02
2.314453e-01 8.395815e+01 1.247258e+02
2.324219e-01 8.383414e+01 1.234972e+02
2.333984e-01 8.370188e+01 1.222727e+02
2.343750e-01 8.356144e+01 1.210524e+02
2.353516e-01 8.341290e+01 1.198365e+02
2.363281e-01 8.325635e+01 1.186251e+02
2.373047e-01 8.309185e+01 1.174183e+02
2.382812e-01 8.291949e+01 1.162163e+02
2.392578e-01 8.273937e+01 1.150191e+02
2.402344e-01 8.255158e+01 1.138270e+02
2.412109e-01 8.235622e+01 1.126400e+02
2.421875e-01 8.215338e+01 1.114582e+02
2.431641e-01 8.194318e+01 1.102819e+02
2.441406e-01 8.172571e+01 1.091111e+02
2.451172e-01 8.150110e+01 1.079459e+02
2.460938e-01 8.126946e+01 1.067865e+02
2.470703e-01 8.103089e+01 1.056330e+02
2.480469e-01 8.078553e+01 1.044855e+02
2.490234e-01 8.053349e+01 1.033442e+02
2.500000e-01 8.027489e+01 1.022092e+02
2.509766e-01 8.000986e+01 1.010805e+02
2.519531e-01 7.973854e+01 9.995831e+01
2.529297e-01 7.946104e+01 9.884274e+01
2.539062e-01 7.917750e+01 9.773388e+01
2.548828e-01 7.888806e+01 9.663185e+01
2.558594e-01 7.859284e+01 9.553675e+01
2.568359e-01 7.829199e+01 9.444868e+01
2.578125e-01 7.798565e+01 9.336774e+01
2.587891e-01 7.767394e+01 9.229403e+01
2.597656e-01 7.735701e+01 9.122764e+01
2.607422e-01 7.703500e+01 9.016866e+01
2.617188e-01 7.670805e+01 8.911717e+01
2.626953e-01 7.637630e+01 8.807327e+01
2.636719e-01 7.603990e+01 8.703703e+01
2.646484e-01 7.569899e+01 8.600854e+01
2.656250e-01 7.535371e+01 8.498785e+01
2.666016e-01 7.500420e+01 8.397506e+01
2.675781e-01 7.465061e+01 8.297022e+01
2.685547e-01 7.429307e+01 8.197341e+01
2.695312e-01 7.393175e+01 8.098468e+01
2.705078e-01 7.356677e+01 8.000409e+01
2.714844e-01 7.319828e+01 7.903170e+01
2.724609e-01 7.282643e+01 7.806757e+01
2.734375e-01 7.245135e+01 7.711174e+01
2.773438e-01 7.092165e+01 7.337231e+01
2.812500e-01 6.935164e+01 6.976889e+01
2.851562e-01 6.775012e+01 6.630319e+01
2.890625e-01 6.612564e+01 6.297620e+01
2.929688e-01 6.448640e+01 5.978823e+01
2.968750e-01 6.284029e+01 5.673892e+01
3.007812e-01 6.119477e+01 5.382734e+01
3.046875e-01 5.955691e+01 5.105203e+01
3.085938e-01 5.793333e+01 4.841103e+01
3.125000e-01 5.633018e+01 4.590196e+01
3.203125e-01 5.320737e+01 4.126807e+01
3.281250e-01 5.022826e+01 3.712442e+01
3.359375e-01 4.742509e+01 3.344116e+01
3.437500e-01 4.482279e+01 3.018586e+01
3.515625e-01 4.243947e+01 2.732468e+01
3.593750e-01 4.028691e+01 2.482323e+01
3.671875e-01 3.837120e+01 2.264747e+01
3.750000e-01 3.669340e+01 2.076422e+01
3.828125e-01 3.525021e+01 1.914166e+01
3.906250e-01 3.403464e+01 1.774971e+01
3.925781e-01 3.376520e+01 1.743441e+01
3.945312e-01 3.350918e+01 1.713133e+01
3.964844e-01 3.326640e+01 1.684007e+01
3.984375e-01 3.303665e+01 1.656021e+01
4.003906e-01 3.281974e+01 1.629136e+01
4.023438e-01 3.261544e+01 1.603315e+01
4.042969e-01 3.242353e+01 1.578518e+01
4.062500e-01 3.224379e+01 1.554710e+01
4.082031e-01 3.207597e+01 1.531854e+01
4.101562e-01 3.191985e+01 1.509914e+01
4.111328e-01 3.184610e+01 1.499278e+01
4.121094e-01 3.177518e+01 1.488857e+01
4.130859e-01 3.170705e+01 1.478649e+01
4.140625e-01 3.164170e+01 1.468649e+01
4.150391e-01 3.157908e+01 1.458854e+01
4.160156e-01 3.151917e+01 1.449258e+01
4.169922e-01 3.146194e+01 1.439858e+01
4.179688e-01 3.140734e+01 1.430651e+01
4.189453e-01 3.135535e+01 1.421632e+01
4.199219e-01 3.130594e+01 1.412797e+01
4.208984e-01 3.125907e+01 1.404144e+01
4.218750e-01 3.121471e+01 1.395667e+01
4.228516e-01 3.117283e+01 1.387364e+01
4.238281e-01 3.113339e+01 1.379231e+01
4.248047e-01 3.109636e+01 1.371264e+01
4.257812e-01 3.106171e+01 1.363460e+01
4.267578e-01 3.102941e+01 1.355816e+01
4.277344e-01 3.099941e+01 1.348327e+01
4.287109e-01 3.097169e+01 1.340991e+01
4.296875e-01 3.094622e+01 1.333805e+01
4.316406e-01 3.090187e+01 1.319867e+01
4.335938e-01 3.086609e+01 1.306489e+01
4.355469e-01 3.083861e+01 1.293645e+01
4.375000e-01 3.081916e+01 1.281312e+01
4.394531e-01 3.080747e+01 1.269466e+01
4.414062e-01 3.080328e+01 1.258085e+01
4.433594e-01 3.080631e+01 1.247148e+01
4.453125e-01 3.081630e+01 1.236633e+01
4.472656e-01 3.083299e+01 1.226520e+01
4.492188e-01 3.085611e+01 1.216790e+01
4.511719e-01 3.088540e+01 1.207422e+01
4.531250e-01 3.092059e+01 1.198400e+01
4.550781e-01 3.096145e+01 1.189706e+01
4.570312e-01 3.100770e+01 1.181321e+01
4.589844e-01 3.105910e+01 1.173230e+01
4.609375e-01 3.111539e+01 1.165417e+01
4.628906e-01 3.117634e+01 1.157867e+01
4.648438e-01 3.124170e+01 1.150564e+01
4.667969e-01 3.131122e+01 1.143495e+01
4.687500e-01 3.138467e+01 1.136646e+01
4.726562e-01 3.154244e+01 1.123556e+01
4.765625e-01 3.171318e+01 1.111195e+01
4.804688e-01 3.189513e+01 1.099472e+01
4.843750e-01 3.208658e+01 1.088304e+01
4.882812e-01 3.228591e+01 1.077614e+01
4.921875e-01 3.249154e+01 1.067331e+01
4.960938e-01 3.270197e+01 1.057393e+01
5.000000e-01 3.291577e+01 1.047741e+01
5.039062e-01 3.313158e+01 1.038324e+01
5.078125e-01 3.334810e+01 1.029093e+01
5.097656e-01 3.345625e+01 1.024534e+01
5.117188e-01 3.356412e+01 1.020006e+01
5.136719e-01 3.367157e+01 1.015505e+01
5.156250e-01 3.377847e+01 1.011026e+01
5.175781e-01 3.388468e+01 1.006565e+01
5.195312e-01 3.399007e+01 1.002118e+01
5.214844e-01 3.409453e+01 9.976821e+00
5.234375e-01 3.419792e+01 9.932535e+00
5.253906e-01 3.430012e+01 9.888290e+00
5.273438e-01 3.440104e+01 9.844057e+00
5.292969e-01 3.450056e+01 9.799809e+00
5.312500e-01 3.459857e+01 9.755520e+00
5.332031e-01 3.469498e+01 9.711166e+00
5.351562e-01 3.478968e+01 9.666726e+00
5.371094e-01 3.488259e+01 9.622179e+00
5.390625e-01 3.497362e+01 9.577508e+00
5.410156e-01 3.506268e+01 9.532694e+00
5.429688e-01 3.514970e+01 9.487724e+00
5.449219e-01 3.523458e+01 9.442582e+00
5.468750e-01 3.531727e+01 9.397257e+00
5.507812e-01 3.547576e+01 9.306012e+00
5.546875e-01 3.562467e+01 9.213914e+00
5.585938e-01 3.576351e+01 9.120908e+00
5.625000e-01 3.589187e+01 9.026954e+00
5.664062e-01 3.600941e+01 8.932028e+00
5.703125e-01 3.611580e+01 8.836119e+00
5.742188e-01 3.621077e+01 8.739230e+00
5.781250e-01 3.629411e+01 8.641373e+00
5.820312e-01 3.636563e+01 8.542572e+00
5.859375e-01 3.642520e+01 8.442858e+00
5.898438e-01 3.647271e+01 8.342270e+00
5.937500e-01 3.650811e+01 8.240854e+00
5.976562e-01 3.653135e+01 8.138661e+00
6.015625e-01 3.654245e+01 8.035748e+00
6.054688e-01 3.654143e+01 7.932174e+00
6.093750e-01 3.652836e+01 7.828005e+00
6.132812e-01 3.650333e+01 7.723306e+00
6.171875e-01 3.646645e+01 7.618147e+00
6.210938e-01 3.641785e+01 7.512597e+00
6.250000e-01 3.635769e+01 7.406728e+00
6.289062e-01 3.628616e+01 7.300614e+00
6.328125e-01 3.620345e+01 7.194324e+00
6.367188e-01 3.610977e+01 7.087932e+00
6.406250e-01 3.600534e+01 6.981510e+00
6.445312e-01 3.589042e+01 6.875128e+00
6.484375e-01 3.576526e+01 6.768857e+00
6.523438e-01 3.563013e+01 6.662765e+00
6.562500e-01 3.548530e+01 6.556921e+00
6.601562e-01 3.533106e+01 6.451390e+00
6.640625e-01 3.516769e+01 6.346234e+00
6.679688e-01 3.499551e+01 6.241518e+00
6.718750e-01 3.481482e+01 6.137300e+00
6.757812e-01 3.462592e+01 6.033637e+00
6.796875e-01 3.442913e+01 5.930587e+00
6.835938e-01 3.422477e+01 5.828201e+00
6.875000e-01 3.401315e+01 5.726531e+00
6.914062e-01 3.379460e+01 5.625625e+00
6.953125e-01 3.356942e+01 5.525530e+00
6.992188e-01 3.333795e+01 5.426289e+00
7.031250e-01 3.310050e+01 5.327943e+00
7.070312e-01 3.285739e+01 5.230533e+00
7.109375e-01 3.260893e+01 5.134094e+00
7.148438e-01 3.235543e+01 5.038660e+00
7.187500e-01 3.209721e+01 4.944265e+00
7.226562e-01 3.183457e+01 4.850937e+00
7.265625e-01 3.156782e+01 4.758705e+00
7.304688e-01 3.129724e+01 4.667593e+00
7.343750e-01 3.102314e+01 4.577625e+00
7.382812e-01 3.074581e+01 4.488821e+00
7.421875e-01 3.046551e+01 4.401202e+00
7.460938e-01 3.018254e+01 4.314785e+00
7.500000e-01 2.989716e+01 4.229583e+00
7.539062e-01 2.960964e+01 4.145612e+00
7.578125e-01 2.932024e+01 4.062882e+00
7.617188e-01 2.902921e+01 3.981403e+00
7.656250e-01 2.873680e+01 3.901183e+00
7.695312e-01 2.844325e+01 3.822230e+00
7.734375e-01 2.814879e+01 3.744548e+00
7.773438e-01 2.785364e+01 3.668140e+00
7.812500e-01 2.755804e+01 3.593010e+00
7.851562e-01 2.726218e+01 3.519157e+00
7.890625e-01 2.696629e+01 3.446581e+00
7.929688e-01 2.667054e+01 3.375281e+00
7.968750e-01 2.637515e+01 3.305253e+00
8.007812e-01 2.608029e+01 3.236494e+00
8.046875e-01 2.578615e+01 3.168999e+00
8.085938e-01 2.549289e+01 3.102762e+00
8.125000e-01 2.520069e+01 3.037776e+00
8.164062e-01 2.490969e+01 2.974034e+00
8.203125e-01 2.462006e+01 2.911526e+00
8.212891e-01 2.454789e+01 2.896091e+00
8.222656e-01 2.447580e+01 2.880732e+00
8.232422e-01 2.440382e+01 2.865449e+00
8.242188e-01 2.433194e+01 2.850243e+00
8.251953e-01 2.426016e+01 2.835113e+00
8.261719e-01 2.418849e+01 2.820058e+00
8.271484e-01 2.411693e+01 2.805080e+00
8.281250e-01 2.404547e+01 2.790176e+00
8.291016e-01 2.397413e+01 2.775348e+00
8.300781e-01 2.390290e+01 2.760595e+00
8.305664e-01 2.386732e+01 2.753247e+00
8.310547e-01 2.383178e+01 2.745917e+00
8.315430e-01 2.379627e+01 2.738606e+00
8.320312e-01 2.376078e+01 2.731314e+00
8.325195e-01 2.372533e+01 2.724040e+00
8.330078e-01 2.368990e+01 2.716785e+00
8.334961e-01 2.365451e+01 2.709549e+00
8.339844e-01 2.361915e+01 2.702331e+00
8.344727e-01 2.358381e+01 2.695131e+00
8.349609e-01 2.354851e+01 2.687951e+00
8.354492e-01 2.351324e+01 2.680788e+00
8.359375e-01 2.347800e+01 2.673644e+00
8.364258e-01 2.344279e+01 2.666519e+00
8.369141e-01 2.340762e+01 2.659412e+00
8.374023e-01 2.337248e+01 2.652324e+00
8.378906e-01 2.333736e+01 2.645253e+00
8.383789e-01 2.330229e+01 2.638202e+00
8.388672e-01 2.326724e+01 2.631168e+00
8.393555e-01 2.323223e+01 2.624153e+00
8.398438e-01 2.319725e+01 2.617156e+00
8.417969e-01 2.305767e+01 2.589351e+00
8.437500e-01 2.291864e+01 2.561836e+00
8.457031e-01 2.278017e+01 2.534611e+00
8.476562e-01 2.264228e+01 2.507672e+00
8.496094e-01 2.250498e+01 2.481019e+00
8.515625e-01 2.236828e+01 2.454650e+00
8.535156e-01 2.223219e+01 2.428563e+00
8.554688e-01 2.209672e+01 2.402756e+00
8.574219e-01 2.196189e+01 2.377228e+00
8.593750e-01 2.182771e+01 2.351976e+00
8.632812e-01 2.156133e+01 2.302296e+00
8.671875e-01 2.129766e+01 2.253699e+00
8.710938e-01 2.103677e+01 2.206172e+00
8.750000e-01 2.077874e+01 2.159699e+00
8.789062e-01 2.052362e+01 2.114263e+00
8.828125e-01 2.027149e+01 2.069850e+00
8.867188e-01 2.002239e+01 2.026442e+00
8.906250e-01 1.977638e+01 1.984025e+00
8.945312e-01 1.953350e+01 1.942581e+00
8.984375e-01 1.929380e+01 1.902095e+00
9.023438e-01 1.905731e+01 1.862549e+00
9.062500e-01 1.882407e+01 1.823928e+00
9.101562e-01 1.859411e+01 1.786214e+00
9.140625e-01 1.836745e+01 1.749392e+00
9.179688e-01 1.814412e+01 1.713445e+00
9.218750e-01 1.792413e+01 1.678357e+00
9.257812e-01 1.770751e+01 1.644110e+00
9.296875e-01 1.749426e+01 1.610689e+00
9.335938e-01 1.728439e+01 1.578078e+00
9.375000e-01 1.707792e+01 1.546260e+00
9.414062e-01 1.687483e+01 1.515219e+00
9.453125e-01 1.667514e+01 1.484939e+00
9.492188e-01 1.647883e+01 1.455405e+00
9.531250e-01 1.628592e+01 1.426601e+00
9.570312e-01 1.609638e+01 1.398511e+00
9.609375e-01 1.591020e+01 1.371120e+00
9.648438e-01 1.572738e+01 1.344413e+00
9.687500e-01 1.554791e+01 1.318374e+00
9.726562e-01 1.537176e+01 1.292989e+00
9.765625e-01 1.519891e+01 1.268243e+00
9.804688e-01 1.502935e+01 1.244122e+00
9.843750e-01 1.486305e+01 1.220610e+00
9.882812e-01 1.470000e+01 1.197695e+00
9.921875e-01 1.454015e+01 1.175362e+00
9.960938e-01 1.438350e+01 1.153597e+00
1.000000e+00 1.423000e+01 1.132388e+00
1.003906e+00 1.407964e+01 1.111720e+00
1.007812e+00 1.393237e+01 1.091580e+00
1.011719e+00 1.378817e+01 1.071956e+00
1.015625e+00 1.364700e+01 1.052836e+00
1.019531e+00 1.350883e+01 1.034206e+00
1.023438e+00 1.337363e+01 1.016054e+00
1.027344e+00 1.324135e+01 9.983683e-01
1.031250e+00 1.311196e+01 9.811375e-01
1.035156e+00 1.298543e+01 9.643497e-01
1.039062e+00 1.286171e+01 9.479936e-01
1.042969e+00 1.274076e+01 9.320580e-01
1.046875e+00 1.262255e+01 9.165321e-01
1.050781e+00 1.250704e+01 9.014051e-01
1.054688e+00 1.239418e+01 8.866665e-01
1.058594e+00 1.228393e+01 8.723061e-01
1.062500e+00 1.217626e+01 8.583139e-01
1.066406e+00 1.207112e+01 8.446800e-01
1.070312e+00 1.196846e+01 8.313947e-01
1.074219e+00 1.186825e+01 8.184487e-01
1.078125e+00 1.177045e+01 8.058327e-01
1.082031e+00 1.167500e+01 7.935376e-01
1.085938e+00 1.158188e+01 7.815548e-01
1.089844e+00 1.149103e+01 7.698755e-01
1.093750e+00 1.140241e+01 7.584914e-01
1.101562e+00 1.123170e+01 7.365759e-01
1.109375e+00 1.106942e+01 7.157447e-01
1.117188e+00 1.091521e+01 6.959373e-01
1.125000e+00 1.076875e+01 6.770961e-01
1.132812e+00 1.062970e+01 6.591662e-01
1.140625e+00 1.049772e+01 6.420953e-01
1.148438e+00 1.037251e+01 6.258341e-01
1.156250e+00 1.025373e+01 6.103356e-01
1.164062e+00 1.014108e+01 5.955550e-01
1.171875e+00 1.003425e+01 5.814503e-01
1.179688e+00 9.932942e+00 5.679814e-01
1.187500e+00 9.836860e+00 5.551104e-01
1.195312e+00 9.745722e+00 5.428017e-01
1.203125e+00 9.659251e+00 5.310215e-01
1.210938e+00 9.577179e+00 5.197378e-01
1.218750e+00 9.499245e+00 5.089205e-01
1.226562e+00 9.425197e+00 4.985414e-01
1.234375e+00 9.354790e+00 4.885736e-01
1.242188e+00 9.287790e+00 4.789920e-01
1.250000e+00 9.223969e+00 4.697729e-01
1.265625e+00 9.104998e+00 4.523347e-01
1.281250e+00 8.996229e+00 4.360968e-01
1.296875e+00 8.896144e+00 4.209163e-01
1.312500e+00 8.803354e+00 4.066677e-01
1.328125e+00 8.716597e+00 3.932414e-01
1.343750e+00 8.634727e+00 3.805413e-01
1.359375e+00 8.556717e+00 3.684841e-01
1.375000e+00 8.481646e+00 3.569973e-01
1.390625e+00 8.408697e+00 3.460180e-01
1.406250e+00 8.337147e+00 3.354923e-01
1.421875e+00 8.266367e+00 3.253734e-01
1.437500e+00 8.195809e+00 3.156213e-01
1.453125e+00 8.125002e+00 3.062018e-01
1.468750e+00 8.053549e+00 2.970857e-01
1.484375e+00 7.981118e+00 2.882482e-01
1.500000e+00 7.907436e+00 2.796683e-01
1.515625e+00 7.832284e+00 2.713283e-01
1.531250e+00 7.755496e+00 2.632131e-01
1.546875e+00 7.676948e+00 2.553103e-01
1.562500e+00 7.596554e+00 2.476092e-01
1.570312e+00 7.555650e+00 2.438315e-01
1.578125e+00 7.514268e+00 2.401010e-01
1.585938e+00 7.472409e+00 2.364170e-01
1.593750e+00 7.430072e+00 2.327785e-01
1.601562e+00 7.387261e+00 2.291848e-01
1.609375e+00 7.343978e+00 2.256353e-01
1.617188e+00 7.300228e+00 2.221293e-01
1.625000e+00 7.256019e+00 2.186663e-01
1.632812e+00 7.211358e+00 2.152457e-01
1.640625e+00 7.166253e+00 2.118671e-01
1.644531e+00 7.143537e+00 2.101935e-01
1.648438e+00 7.120715e+00 2.085301e-01
1.652344e+00 7.097786e+00 2.068770e-01
1.656250e+00 7.074753e+00 2.052342e-01
1.660156e+00 7.051618e+00 2.036015e-01
1.664062e+00 7.028381e+00 2.019790e-01
1.667969e+00 7.005045e+00 2.003666e-01
1.671875e+00 6.981610e+00 1.987642e-01
1.675781e+00 6.958079e+00 1.971718e-01
1.679688e+00 6.934453e+00 1.955894e-01
1.683594e+00 6.910734e+00 1.940170e-01
1.687500e+00 6.886924e+00 1.924544e-01
1.691406e+00 6.863025e+00 1.909017e-01
1.695312e+00 6.839038e+00 1.893588e-01
1.699219e+00 6.814965e+00 1.878258e-01
1.703125e+00 6.790808e+00 1.863024e-01
1.707031e+00 6.766570e+00 1.847888e-01
1.710938e+00 6.742251e+00 1.832849e-01
1.714844e+00 6.717855e+00 1.817907e-01
1.718750e+00 6.693383e+00 1.803061e-01
1.734375e+00 6.594776e+00 1.744633e-01
1.750000e+00 6.495118e+00 1.687723e-01
1.765625e+00 6.394545e+00 1.632311e-01
1.781250e+00 6.293194e+00 1.578380e-01
1.796875e+00 6.191201e+00 1.525911e-01
1.812500e+00 6.088705e+00 1.474888e-01
1.828125e+00 5.985841e+00 1.425291e-01
1.843750e+00 5.882743e+00 1.377101e-01
1.859375e+00 5.779541e+00 1.330300e-01
1.875000e+00 5.676363e+00 1.284866e-01
1.890625e+00 5.573334e+00 1.240779e-01
1.906250e+00 5.470571e+00 1.198017e-01
1.921875e+00 5.368189e+00 1.156559e-01
1.937500e+00 5.266299e+00 1.116380e-01
1.953125e+00 5.165004e+00 1.077459e-01
1.968750e+00 5.064403e+00 1.039770e-01
1.984375e+00 4.964590e+00 1.003289e-01
2.000000e+00 4.865654e+00 9.679911e-02
2.015625e+00 4.767676e+00 9.338506e-02
2.031250e+00 4.670734e+00 9.008417e-02
2.035156e+00 4.646668e+00 8.927632e-02
2.039062e+00 4.622673e+00 8.847535e-02
2.042969e+00 4.598750e+00 8.768120e-02
2.046875e+00 4.574899e+00 8.689384e-02
2.050781e+00 4.551121e+00 8.611322e-02
2.054688e+00 4.527417e+00 8.533930e-02
2.058594e+00 4.503789e+00 8.457205e-02
2.062500e+00 4.480237e+00 8.381142e-02
2.066406e+00 4.456762e+00 8.305737e-02
2.070312e+00 4.433366e+00 8.230986e-02
2.074219e+00 4.410048e+00 8.156885e-02
2.078125e+00 4.386810e+00 8.083429e-02
2.082031e+00 4.363653e+00 8.010614e-02
2.085938e+00 4.340577e+00 7.938437e-02
2.089844e+00 4.317583e+00 7.866893e-02
2.093750e+00 4.294673e+00 7.795978e-02
2.097656e+00 4.271846e+00 7.725687e-02
2.101562e+00 4.249104e+00 7.656017e-02
2.105469e+00 4.226447e+00 7.586963e-02
2.109375e+00 4.203876e+00 7.518522e-02
2.117188e+00 4.158995e+00 7.383460e-02
2.125000e+00 4.114466e+00 7.250797e-02
2.132812e+00 4.070293e+00 7.120500e-02
2.140625e+00 4.026482e+00 6.992536e-02
2.148438e+00 3.983037e+00 6.866873e-02
2.156250e+00 3.939962e+00 6.743478e-02
2.164062e+00 3.897261e+00 6.622317e-02
2.171875e+00 3.854937e+00 6.503359e-02
2.179688e+00 3.812993e+00 6.386571e-02
2.187500e+00 3.771434e+00 6.271920e-02
2.203125e+00 3.689477e+00 6.048904e-02
2.218750e+00 3.609086e+00 5.834056e-02
2.234375e+00 3.530275e+00 5.627125e-02
2.250000e+00 3.453059e+00 5.427865e-02
2.265625e+00 3.377444e+00 5.236032e-02
2.281250e+00 3.303438e+00 5.051386e-02
2.296875e+00 3.231043e+00 4.873692e-02
2.312500e+00 3.160258e+00 4.702721e-02
2.328125e+00 3.091081e+00 4.538245e-02
2.343750e+00 3.023507e+00 4.380045e-02
2.359375e+00 2.957529e+00 4.227904e-02
2.375000e+00 2.893136e+00 4.081612e-02
2.390625e+00 2.830317e+00 3.940962e-02
2.406250e+00 2.769058e+00 3.805754e-02
2.421875e+00 2.709345e+00 3.675792e-02
2.437500e+00 2.651160e+00 3.550887e-02
2.453125e+00 2.594485e+00 3.430852e-02
2.468750e+00 2.539302e+00 3.315509e-02
2.484375e+00 2.485588e+00 3.204682e-02
2.500000e+00 2.433323e+00 3.098203e-02
2.531250e+00 2.333046e+00 2.897633e-02
2.562500e+00 2.238280e+00 2.712544e-02
2.593750e+00 2.148823e+00 2.541760e-02
2.625000e+00 2.064466e+00 2.384182e-02
2.656250e+00 1.984995e+00 2.238781e-02
2.687500e+00 1.910191e+00 2.104602e-02
2.718750e+00 1.839837e+00 1.980755e-02
2.750000e+00 1.773713e+00 1.866415e-02
2.781250e+00 1.711604e+00 1.760814e-02
2.812500e+00 1.653298e+00 1.663244e-02
2.843750e+00 1.598584e+00 1.573050e-02
2.875000e+00 1.547259e+00 1.489627e-02
2.906250e+00 1.499125e+00 1.412414e-02
2.937500e+00 1.453991e+00 1.340899e-02
2.968750e+00 1.411672e+00 1.274608e-02
3.000000e+00 1.371988e+00 1.213104e-02
3.031250e+00 1.334771e+00 1.155988e-02
3.062500e+00 1.299856e+00 1.102892e-02
3.093750e+00 1.267087e+00 1.053480e-02
3.125000e+00 1.236317e+00 1.007442e-02
3.156250e+00 1.207404e+00 9.644953e-03
3.187500e+00 1.180216e+00 9.243812e-03
3.218750e+00 1.154624e+00 8.868626e-03
3.250000e+00 1.130511e+00 8.517229e-03
3.281250e+00 1.107764e+00 8.187642e-03
3.312500e+00 1.086278e+00 7.878058e-03
3.343750e+00 1.065952e+00 7.586826e-03
3.375000e+00 1.046694e+00 7.312442e-03
3.406250e+00 1.028418e+00 7.053532e-03
3.437500e+00 1.011041e+00 6.808844e-03
3.468750e+00 9.944876e-01 6.577237e-03
3.500000e+00 9.786875e-01 6.357672e-03
3.531250e+00 9.635749e-01 6.149201e-03
3.562500e+00 9.490887e-01 5.950962e-03
3.593750e+00 9.351724e-01 5.762170e-03
3.625000e+00 9.217737e-01 5.582111e-03
3.656250e+00 9.088444e-01 5.410133e-03
3.687500e+00 8.963400e-01 5.245644e-03
3.718750e+00 8.842194e-01 5.088107e-03
3.750000e+00 8.724450e-01 4.937029e-03
3.812500e+00 8.497999e-01 4.652508e-03
3.875000e+00 8.281629e-01 4.388969e-03
3.937500e+00 8.073336e-01 4.143831e-03
4.000000e+00 7.871474e-01 3.914950e-03
4.062500e+00 7.674711e-01 3.700543e-03
4.125000e+00 7.481980e-01 3.499119e-03
4.187500e+00 7.292446e-01 3.309434e-03
4.250000e+00 7.105467e-01 3.130437e-03
4.312500e+00 6.920569e-01 2.961241e-03
4.375000e+00 6.737414e-01 2.801091e-03
4.437500e+00 6.555778e-01 2.649340e-03
4.500000e+00 6.375534e-01 2.505427e-03
4.562500e+00 6.196629e-01 2.368863e-03
4.625000e+00 6.019074e-01 2.239218e-03
4.687500e+00 5.842926e-01 2.116109e-03
4.750000e+00 5.668280e-01 1.999191e-03
4.812500e+00 5.495258e-01 1.888151e-03
4.875000e+00 5.324000e-01 1.782703e-03
4.937500e+00 5.154662e-01 1.682582e-03
5.000000e+00 4.987403e-01 1.587540e-03
5.125000e+00 4.659770e-01 1.411779e-03
5.250000e+00 4.342360e-01 1.253711e-03
5.375000e+00 4.036320e-01 1.111780e-03
5.500000e+00 3.742631e-01 9.845591e-04
5.625000e+00 3.462080e-01 8.707274e-04
5.750000e+00 3.195250e-01 7.690584e-04
5.875000e+00 2.942525e-01 6.784137e-04
6.000000e+00 2.704102e-01 5.977377e-04
6.125000e+00 2.480007e-01 5.260545e-04
6.250000e+00 2.270116e-01 4.624642e-04
6.312500e+00 2.170422e-01 4.334426e-04
6.375000e+00 2.074177e-01 4.061398e-04
6.437500e+00 1.981331e-01 3.804631e-04
6.500000e+00 1.891830e-01 3.563244e-04
6.562500e+00 1.805617e-01 3.336392e-04
6.625000e+00 1.722628e-01 3.123272e-04
6.687500e+00 1.642797e-01 2.923118e-04
6.750000e+00 1.566054e-01 2.735201e-04
6.812500e+00 1.492327e-01 2.558828e-04
6.875000e+00 1.421541e-01 2.393339e-04
6.937500e+00 1.353620e-01 2.238108e-04
7.000000e+00 1.288486e-01 2.092540e-04
7.062500e+00 1.226060e-01 1.956072e-04
7.125000e+00 1.166262e-01 1.828170e-04
7.187500e+00 1.109013e-01 1.708327e-04
7.250000e+00 1.054232e-01 1.596064e-04
7.312500e+00 1.001839e-01 1.490927e-04
7.375000e+00 9.517559e-02 1.392489e-04
7.437500e+00 9.039027e-02 1.300343e-04
7.500000e+00 8.582017e-02 1.214107e-04
7.750000e+00 6.953973e-02 9.213396e-05
8.000000e+00 5.611029e-02 6.976742e-05
8.250000e+00 4.510009e-02 5.273022e-05
8.500000e+00 3.612290e-02 3.978642e-05
8.750000e+00 2.883965e-02 2.997533e-05
9.000000e+00 2.295725e-02 2.255407e-05
9.250000e+00 1.822560e-02 1.695073e-05
9.500000e+00 1.443365e-02 1.272680e-05
9.750000e+00 1.140498e-02 9.547183e-06
1.000000e+01 8.993322e-03 7.156659e-06
1.025000e+01 7.078317e-03 5.361328e-06
1.050000e+01 5.561537e-03 4.014268e-06
1.075000e+01 4.362918e-03 3.004348e-06
1.100000e+01 3.417714e-03 2.247711e-06
1.125000e+01 2.673779e-03 1.681166e-06
1.150000e+01 2.089278e-03 1.257161e-06
1.175000e+01 1.630771e-03 9.399555e-07
1.200000e+01 1.271615e-03 7.027215e-07
1.225000e+01 9.906519e-04 5.253383e-07
1.250000e+01 7.711234e-04 3.927299e-07
1.275000e+01 5.997875e-04 2.936075e-07
1.300000e+01 4.662003e-04 2.195209e-07
1.325000e+01 3.621375e-04 1.641466e-07
1.350000e+01 2.811403e-04 1.227568e-07
1.375000e+01 2.181441e-04 9.181807e-08
1.400000e+01 1.691827e-04 6.868944e-08
1.425000e+01 1.311533e-04 5.139722e-08
1.450000e+01 1.016318e-04 3.846660e-08
1.475000e+01 7.872708e-05 2.879587e-08
1.500000e+01 6.096445e-05 2.156176e-08
1.550000e+01 3.652583e-05 1.209837e-08
1.600000e+01 2.186237e-05 6.795906e-09
1.650000e+01 1.307463e-05 3.821657e-09
1.700000e+01 7.813489e-06 2.151480e-09
1.750000e+01 4.667125e-06 1.212728e-09
1.800000e+01 2.786607e-06 6.844171e-10
1.850000e+01 1.662837e-06 3.866306e-10
1.900000e+01 9.921271e-07 2.187007e-10
1.950000e+01 5.919655e-07 1.238846e-10
2.000000e+01 3.529158e-07 7.021037e-11
2.100000e+01 1.253338e-07 2.261621e-11
2.200000e+01 4.466205e-08 7.343168e-12
2.300000e+01 1.591676e-08 2.394358e-12
2.400000e+01 5.566408e-09 7.690290e-13
2.500000e+01 2.061526e-09 2.624817e-13
2.600000e+01 8.345605e-10 9.824292e-14
2.700000e+01 2.323790e-10 2.536643e-14
2.800000e+01 1.184687e-10 1.202480e-14
2.900000e+01 1.562756e-10 1.478718e-14
3.000000e+01 5.953346e-11 5.263914e-15
3.100000e+01 5.461452e-11 4.522461e-15
3.200000e+01 5.481570e-11 4.259858e-15
3.300000e+01 5.549695e-11 4.055378e-15
3.400000e+01 5.374451e-11 3.699699e-15
3.500000e+01 4.791977e-11 3.112926e-15
3.600000e+01 3.789653e-11 2.326937e-15
3.700000e+01 2.519920e-11 1.464783e-15
3.800000e+01 1.263557e-11 6.963341e-16
3.900000e+01 3.399513e-12 1.778597e-16
4.000000e+01 0.000000e+00 0.000000e+00
