# 
# Output from RAtom program.
# 
# Total radial electron density.
# The first column contains radius $r$ in bohr units.
# The second column holds $\rho(r)$.
# The third column holds $\tilde{\rho}(r) = \rho(r) / (\pi * r * r)$
# 
# Use this file with gnuplot to create the plot.
# 
# R     Rho     RhoTilde
#
0.000000e+00 0.000000e+00 3.532841e+05
7.629395e-05 2.553165e-02 3.490510e+05
1.525879e-04 1.009029e-01 3.448687e+05
2.288818e-04 2.243114e-01 3.407367e+05
3.051758e-04 3.939980e-01 3.366542e+05
3.814697e-04 6.082461e-01 3.326207e+05
4.577637e-04 8.653807e-01 3.286357e+05
5.340576e-04 1.163768e+00 3.246985e+05
6.103516e-04 1.501813e+00 3.208086e+05
6.866455e-04 1.877963e+00 3.169654e+05
7.629395e-04 2.290699e+00 3.131685e+05
8.392334e-04 2.738544e+00 3.094171e+05
9.155273e-04 3.220056e+00 3.057109e+05
9.918213e-04 3.733829e+00 3.020492e+05
1.068115e-03 4.278492e+00 2.984315e+05
1.144409e-03 4.852712e+00 2.948574e+05
1.220703e-03 5.455186e+00 2.913262e+05
1.296997e-03 6.084646e+00 2.878376e+05
1.373291e-03 6.739858e+00 2.843909e+05
1.449585e-03 7.419617e+00 2.809857e+05
1.525879e-03 8.122752e+00 2.776216e+05
1.678467e-03 9.594614e+00 2.710142e+05
1.831055e-03 1.114667e+01 2.645652e+05
1.983643e-03 1.277061e+01 2.582706e+05
2.136230e-03 1.445857e+01 2.521269e+05
2.288818e-03 1.620310e+01 2.461305e+05
2.441406e-03 1.799716e+01 2.402780e+05
2.593994e-03 1.983411e+01 2.345659e+05
2.746582e-03 2.170767e+01 2.289909e+05
2.899170e-03 2.361193e+01 2.235498e+05
3.051758e-03 2.554131e+01 2.182394e+05
3.204346e-03 2.749057e+01 2.130567e+05
3.356934e-03 2.945477e+01 2.079986e+05
3.509521e-03 3.142929e+01 2.030621e+05
3.662109e-03 3.340978e+01 1.982445e+05
3.814697e-03 3.539216e+01 1.935428e+05
3.967285e-03 3.737264e+01 1.889544e+05
4.119873e-03 3.934765e+01 1.844766e+05
4.272461e-03 4.131387e+01 1.801067e+05
4.425049e-03 4.326822e+01 1.758422e+05
4.577637e-03 4.520782e+01 1.716806e+05
4.730225e-03 4.713002e+01 1.676194e+05
4.882812e-03 4.903235e+01 1.636563e+05
5.035400e-03 5.091252e+01 1.597889e+05
5.187988e-03 5.276846e+01 1.560151e+05
5.340576e-03 5.459823e+01 1.523325e+05
5.493164e-03 5.640007e+01 1.487389e+05
5.645752e-03 5.817239e+01 1.452324e+05
5.798340e-03 5.991372e+01 1.418107e+05
5.950928e-03 6.162276e+01 1.384720e+05
6.103516e-03 6.329831e+01 1.352141e+05
6.256104e-03 6.493933e+01 1.320353e+05
6.408691e-03 6.654488e+01 1.289336e+05
6.561279e-03 6.811414e+01 1.259071e+05
6.713867e-03 6.964640e+01 1.229542e+05
6.866455e-03 7.114105e+01 1.200730e+05
7.019043e-03 7.259758e+01 1.172618e+05
7.171631e-03 7.401557e+01 1.145190e+05
7.324219e-03 7.539469e+01 1.118429e+05
7.476807e-03 7.673468e+01 1.092319e+05
7.629395e-03 7.803537e+01 1.066845e+05
7.781982e-03 7.929666e+01 1.041992e+05
7.934570e-03 8.051851e+01 1.017745e+05
8.087158e-03 8.170096e+01 9.940894e+04
8.239746e-03 8.284410e+01 9.710108e+04
8.392334e-03 8.394807e+01 9.484957e+04
8.544922e-03 8.501309e+01 9.265305e+04
8.697510e-03 8.603939e+01 9.051021e+04
8.850098e-03 8.702728e+01 8.841977e+04
9.002686e-03 8.797709e+01 8.638047e+04
9.155273e-03 8.888922e+01 8.439109e+04
9.307861e-03 8.976407e+01 8.245042e+04
9.460449e-03 9.060211e+01 8.055731e+04
9.613037e-03 9.140381e+01 7.871060e+04
9.765625e-03 9.216970e+01 7.690919e+04
9.918213e-03 9.290031e+01 7.515198e+04
1.007080e-02 9.359620e+01 7.343792e+04
1.022339e-02 9.425798e+01 7.176597e+04
1.037598e-02 9.488625e+01 7.013511e+04
1.052856e-02 9.548164e+01 6.854435e+04
1.068115e-02 9.604479e+01 6.699274e+04
1.083374e-02 9.657637e+01 6.547933e+04
1.098633e-02 9.707705e+01 6.400319e+04
1.113892e-02 9.754752e+01 6.256342e+04
1.129150e-02 9.798847e+01 6.115916e+04
1.144409e-02 9.840060e+01 5.978954e+04
1.159668e-02 9.878464e+01 5.845373e+04
1.174927e-02 9.914129e+01 5.715090e+04
1.190186e-02 9.947127e+01 5.588027e+04
1.205444e-02 9.977533e+01 5.464104e+04
1.220703e-02 1.000542e+02 5.343247e+04
1.251221e-02 1.005392e+02 5.110433e+04
1.281738e-02 1.009321e+02 4.889010e+04
1.312256e-02 1.012389e+02 4.678432e+04
1.342773e-02 1.014651e+02 4.478179e+04
1.373291e-02 1.016166e+02 4.287753e+04
1.403809e-02 1.016990e+02 4.106681e+04
1.434326e-02 1.017177e+02 3.934513e+04
1.464844e-02 1.016782e+02 3.770817e+04
1.495361e-02 1.015857e+02 3.615184e+04
1.525879e-02 1.014453e+02 3.467224e+04
1.541138e-02 1.013587e+02 3.396003e+04
1.556396e-02 1.012619e+02 3.326563e+04
1.571655e-02 1.011556e+02 3.258859e+04
1.586914e-02 1.010404e+02 3.192847e+04
1.602173e-02 1.009167e+02 3.128488e+04
1.617432e-02 1.007852e+02 3.065739e+04
1.632690e-02 1.006465e+02 3.004561e+04
1.647949e-02 1.005010e+02 2.944915e+04
1.663208e-02 1.003493e+02 2.886763e+04
1.678467e-02 1.001918e+02 2.830069e+04
1.693726e-02 1.000292e+02 2.774795e+04
1.708984e-02 9.986189e+01 2.720907e+04
1.724243e-02 9.969034e+01 2.668371e+04
1.739502e-02 9.951504e+01 2.617152e+04
1.754761e-02 9.933643e+01 2.567219e+04
1.770020e-02 9.915497e+01 2.518538e+04
1.785278e-02 9.897109e+01 2.471079e+04
1.800537e-02 9.878521e+01 2.424811e+04
1.815796e-02 9.859775e+01 2.379705e+04
1.831055e-02 9.840911e+01 2.335731e+04
1.861572e-02 9.802982e+01 2.251068e+04
1.892090e-02 9.765031e+01 2.170602e+04
1.922607e-02 9.727340e+01 2.094127e+04
1.953125e-02 9.690170e+01 2.021443e+04
1.983643e-02 9.653768e+01 1.952361e+04
2.014160e-02 9.618362e+01 1.886702e+04
2.044678e-02 9.584166e+01 1.824293e+04
2.075195e-02 9.551374e+01 1.764973e+04
2.105713e-02 9.520169e+01 1.708585e+04
2.136230e-02 9.490718e+01 1.654981e+04
2.166748e-02 9.463171e+01 1.604021e+04
2.197266e-02 9.437666e+01 1.555570e+04
2.227783e-02 9.414328e+01 1.509502e+04
2.258301e-02 9.393267e+01 1.465694e+04
2.288818e-02 9.374582e+01 1.424031e+04
2.319336e-02 9.358359e+01 1.384403e+04
2.349854e-02 9.344672e+01 1.346705e+04
2.380371e-02 9.333586e+01 1.310839e+04
2.410889e-02 9.325153e+01 1.276709e+04
2.441406e-02 9.319416e+01 1.244224e+04
2.471924e-02 9.316409e+01 1.213301e+04
2.502441e-02 9.316156e+01 1.183856e+04
2.532959e-02 9.318671e+01 1.155814e+04
2.563477e-02 9.323963e+01 1.129099e+04
2.593994e-02 9.332030e+01 1.103642e+04
2.624512e-02 9.342864e+01 1.079377e+04
2.655029e-02 9.356451e+01 1.056240e+04
2.685547e-02 9.372769e+01 1.034172e+04
2.716064e-02 9.391791e+01 1.013114e+04
2.746582e-02 9.413482e+01 9.930138e+03
2.777100e-02 9.437805e+01 9.738190e+03
2.807617e-02 9.464716e+01 9.554808e+03
2.838135e-02 9.494167e+01 9.379528e+03
2.868652e-02 9.526105e+01 9.211909e+03
2.899170e-02 9.560474e+01 9.051534e+03
2.929688e-02 9.597213e+01 8.898006e+03
2.960205e-02 9.636260e+01 8.750947e+03
2.990723e-02 9.677548e+01 8.610000e+03
3.021240e-02 9.721008e+01 8.474828e+03
3.051758e-02 9.766568e+01 8.345109e+03
3.067017e-02 9.790113e+01 8.282198e+03
3.082275e-02 9.814156e+01 8.220538e+03
3.097534e-02 9.838687e+01 8.160092e+03
3.112793e-02 9.863695e+01 8.100826e+03
3.128052e-02 9.889173e+01 8.042707e+03
3.143311e-02 9.915109e+01 7.985701e+03
3.158569e-02 9.941495e+01 7.929777e+03
3.173828e-02 9.968319e+01 7.874904e+03
3.189087e-02 9.995573e+01 7.821051e+03
3.204346e-02 1.002325e+02 7.768188e+03
3.211975e-02 1.003724e+02 7.742120e+03
3.219604e-02 1.005133e+02 7.716289e+03
3.227234e-02 1.006552e+02 7.690691e+03
3.234863e-02 1.007981e+02 7.665323e+03
3.242493e-02 1.009419e+02 7.640182e+03
3.250122e-02 1.010867e+02 7.615265e+03
3.257751e-02 1.012325e+02 7.590568e+03
3.265381e-02 1.013792e+02 7.566088e+03
3.273010e-02 1.015268e+02 7.541821e+03
3.280640e-02 1.016754e+02 7.517766e+03
3.288269e-02 1.018248e+02 7.493918e+03
3.295898e-02 1.019751e+02 7.470274e+03
3.303528e-02 1.021262e+02 7.446832e+03
3.311157e-02 1.022783e+02 7.423588e+03
3.318787e-02 1.024311e+02 7.400541e+03
3.326416e-02 1.025848e+02 7.377685e+03
3.334045e-02 1.027393e+02 7.355020e+03
3.341675e-02 1.028946e+02 7.332542e+03
3.349304e-02 1.030508e+02 7.310248e+03
3.356934e-02 1.032076e+02 7.288136e+03
3.387451e-02 1.038427e+02 7.201449e+03
3.417969e-02 1.044891e+02 7.117459e+03
3.448486e-02 1.051461e+02 7.036008e+03
3.479004e-02 1.058129e+02 6.956948e+03
3.509521e-02 1.064885e+02 6.880139e+03
3.540039e-02 1.071723e+02 6.805449e+03
3.570557e-02 1.078635e+02 6.732752e+03
3.601074e-02 1.085611e+02 6.661931e+03
3.631592e-02 1.092644e+02 6.592875e+03
3.662109e-02 1.099727e+02 6.525479e+03
3.723145e-02 1.114011e+02 6.395282e+03
3.784180e-02 1.128401e+02 6.270617e+03
3.845215e-02 1.142842e+02 6.150848e+03
3.906250e-02 1.157276e+02 6.035414e+03
3.967285e-02 1.171651e+02 5.923817e+03
4.028320e-02 1.185917e+02 5.815625e+03
4.089355e-02 1.200025e+02 5.710455e+03
4.150391e-02 1.213931e+02 5.607977e+03
4.211426e-02 1.227593e+02 5.507901e+03
4.272461e-02 1.240970e+02 5.409976e+03
4.302979e-02 1.247541e+02 5.361752e+03
4.333496e-02 1.254028e+02 5.313987e+03
4.364014e-02 1.260426e+02 5.266660e+03
4.394531e-02 1.266732e+02 5.219749e+03
4.425049e-02 1.272941e+02 5.173236e+03
4.455566e-02 1.279051e+02 5.127104e+03
4.486084e-02 1.285057e+02 5.081335e+03
4.516602e-02 1.290958e+02 5.035916e+03
4.547119e-02 1.296748e+02 4.990834e+03
4.577637e-02 1.302427e+02 4.946075e+03
4.608154e-02 1.307990e+02 4.901630e+03
4.638672e-02 1.313436e+02 4.857487e+03
4.669189e-02 1.318761e+02 4.813637e+03
4.699707e-02 1.323965e+02 4.770072e+03
4.730225e-02 1.329044e+02 4.726786e+03
4.760742e-02 1.333997e+02 4.683770e+03
4.791260e-02 1.338822e+02 4.641020e+03
4.821777e-02 1.343517e+02 4.598530e+03
4.852295e-02 1.348081e+02 4.556295e+03
4.882812e-02 1.352513e+02 4.514312e+03
4.913330e-02 1.356812e+02 4.472577e+03
4.943848e-02 1.360975e+02 4.431086e+03
4.974365e-02 1.365004e+02 4.389839e+03
5.004883e-02 1.368896e+02 4.348832e+03
5.035400e-02 1.372651e+02 4.308064e+03
5.065918e-02 1.376268e+02 4.267534e+03
5.096436e-02 1.379748e+02 4.227241e+03
5.126953e-02 1.383090e+02 4.187184e+03
5.157471e-02 1.386294e+02 4.147362e+03
5.187988e-02 1.389360e+02 4.107777e+03
5.218506e-02 1.392287e+02 4.068428e+03
5.249023e-02 1.395077e+02 4.029315e+03
5.279541e-02 1.397729e+02 3.990439e+03
5.310059e-02 1.400243e+02 3.951801e+03
5.340576e-02 1.402621e+02 3.913401e+03
5.371094e-02 1.404863e+02 3.875241e+03
5.401611e-02 1.406969e+02 3.837321e+03
5.432129e-02 1.408941e+02 3.799644e+03
5.462646e-02 1.410779e+02 3.762210e+03
5.493164e-02 1.412484e+02 3.725020e+03
5.523682e-02 1.414058e+02 3.688077e+03
5.554199e-02 1.415500e+02 3.651381e+03
5.584717e-02 1.416813e+02 3.614935e+03
5.615234e-02 1.417998e+02 3.578739e+03
5.645752e-02 1.419056e+02 3.542796e+03
5.676270e-02 1.419988e+02 3.507106e+03
5.706787e-02 1.420797e+02 3.471672e+03
5.737305e-02 1.421482e+02 3.436496e+03
5.767822e-02 1.422047e+02 3.401578e+03
5.798340e-02 1.422492e+02 3.366920e+03
5.828857e-02 1.422820e+02 3.332524e+03
5.859375e-02 1.423032e+02 3.298391e+03
5.889893e-02 1.423129e+02 3.264523e+03
5.920410e-02 1.423115e+02 3.230922e+03
5.950928e-02 1.422989e+02 3.197587e+03
5.981445e-02 1.422755e+02 3.164522e+03
6.011963e-02 1.422415e+02 3.131727e+03
6.042480e-02 1.421970e+02 3.099203e+03
6.072998e-02 1.421422e+02 3.066951e+03
6.103516e-02 1.420773e+02 3.034973e+03
6.134033e-02 1.420026e+02 3.003269e+03
6.164551e-02 1.419183e+02 2.971841e+03
6.195068e-02 1.418245e+02 2.940689e+03
6.225586e-02 1.417215e+02 2.909815e+03
6.256104e-02 1.416095e+02 2.879218e+03
6.286621e-02 1.414886e+02 2.848900e+03
6.317139e-02 1.413593e+02 2.818861e+03
6.347656e-02 1.412215e+02 2.789101e+03
6.378174e-02 1.410757e+02 2.759622e+03
6.408691e-02 1.409219e+02 2.730423e+03
6.423950e-02 1.408421e+02 2.715929e+03
6.439209e-02 1.407605e+02 2.701505e+03
6.454468e-02 1.406769e+02 2.687151e+03
6.469727e-02 1.405915e+02 2.672868e+03
6.484985e-02 1.405044e+02 2.658655e+03
6.500244e-02 1.404154e+02 2.644512e+03
6.515503e-02 1.403247e+02 2.630439e+03
6.530762e-02 1.402322e+02 2.616437e+03
6.546021e-02 1.401381e+02 2.602505e+03
6.561279e-02 1.400423e+02 2.588643e+03
6.576538e-02 1.399448e+02 2.574852e+03
6.591797e-02 1.398457e+02 2.561131e+03
6.607056e-02 1.397451e+02 2.547480e+03
6.622314e-02 1.396429e+02 2.533899e+03
6.637573e-02 1.395392e+02 2.520389e+03
6.652832e-02 1.394339e+02 2.506949e+03
6.668091e-02 1.393272e+02 2.493579e+03
6.683350e-02 1.392191e+02 2.480279e+03
6.698608e-02 1.391095e+02 2.467049e+03
6.713867e-02 1.389985e+02 2.453889e+03
6.774902e-02 1.385414e+02 2.401948e+03
6.835938e-02 1.380642e+02 2.351122e+03
6.896973e-02 1.375688e+02 2.301405e+03
6.958008e-02 1.370568e+02 2.252792e+03
7.019043e-02 1.365301e+02 2.205274e+03
7.080078e-02 1.359901e+02 2.158845e+03
7.141113e-02 1.354387e+02 2.113494e+03
7.202148e-02 1.348774e+02 2.069213e+03
7.263184e-02 1.343078e+02 2.025990e+03
7.324219e-02 1.337314e+02 1.983814e+03
7.385254e-02 1.331498e+02 1.942673e+03
7.446289e-02 1.325644e+02 1.902555e+03
7.507324e-02 1.319765e+02 1.863445e+03
7.568359e-02 1.313877e+02 1.825330e+03
7.629395e-02 1.307992e+02 1.788196e+03
7.690430e-02 1.302123e+02 1.752028e+03
7.751465e-02 1.296282e+02 1.716810e+03
7.812500e-02 1.290482e+02 1.682527e+03
7.873535e-02 1.284733e+02 1.649163e+03
7.934570e-02 1.279047e+02 1.616701e+03
7.995605e-02 1.273434e+02 1.585126e+03
8.056641e-02 1.267903e+02 1.554419e+03
8.117676e-02 1.262465e+02 1.524565e+03
8.178711e-02 1.257128e+02 1.495546e+03
8.239746e-02 1.251900e+02 1.467345e+03
8.300781e-02 1.246790e+02 1.439944e+03
8.361816e-02 1.241805e+02 1.413326e+03
8.422852e-02 1.236952e+02 1.387473e+03
8.483887e-02 1.232237e+02 1.362369e+03
8.544922e-02 1.227667e+02 1.337995e+03
8.605957e-02 1.223246e+02 1.314334e+03
8.666992e-02 1.218980e+02 1.291368e+03
8.728027e-02 1.214874e+02 1.269081e+03
8.789062e-02 1.210932e+02 1.247455e+03
8.850098e-02 1.207157e+02 1.226472e+03
8.911133e-02 1.203553e+02 1.206117e+03
8.972168e-02 1.200122e+02 1.186372e+03
9.033203e-02 1.196868e+02 1.167220e+03
9.094238e-02 1.193792e+02 1.148646e+03
9.155273e-02 1.190896e+02 1.130632e+03
9.216309e-02 1.188181e+02 1.113163e+03
9.277344e-02 1.185648e+02 1.096223e+03
9.338379e-02 1.183299e+02 1.079796e+03
9.399414e-02 1.181132e+02 1.063867e+03
9.460449e-02 1.179149e+02 1.048420e+03
9.521484e-02 1.177348e+02 1.033441e+03
9.582520e-02 1.175730e+02 1.018916e+03
9.643555e-02 1.174292e+02 1.004829e+03
9.704590e-02 1.173035e+02 9.911668e+02
9.765625e-02 1.171956e+02 9.779154e+02
9.826660e-02 1.171053e+02 9.650613e+02
9.887695e-02 1.170325e+02 9.525911e+02
9.948730e-02 1.169769e+02 9.404919e+02
1.000977e-01 1.169383e+02 9.287509e+02
1.007080e-01 1.169164e+02 9.173557e+02
1.013184e-01 1.169110e+02 9.062941e+02
1.019287e-01 1.169216e+02 8.955542e+02
1.025391e-01 1.169480e+02 8.851246e+02
1.031494e-01 1.169899e+02 8.749939e+02
1.037598e-01 1.170468e+02 8.651510e+02
1.043701e-01 1.171185e+02 8.555853e+02
1.049805e-01 1.172045e+02 8.462862e+02
1.055908e-01 1.173043e+02 8.372437e+02
1.062012e-01 1.174177e+02 8.284479e+02
1.068115e-01 1.175442e+02 8.198891e+02
1.074219e-01 1.176833e+02 8.115580e+02
1.080322e-01 1.178346e+02 8.034455e+02
1.086426e-01 1.179977e+02 7.955428e+02
1.092529e-01 1.181721e+02 7.878414e+02
1.098633e-01 1.183573e+02 7.803329e+02
1.110840e-01 1.187583e+02 7.658632e+02
1.123047e-01 1.191970e+02 7.520723e+02
1.135254e-01 1.196694e+02 7.389030e+02
1.147461e-01 1.201718e+02 7.263016e+02
1.159668e-01 1.207003e+02 7.142183e+02
1.171875e-01 1.212508e+02 7.026067e+02
1.184082e-01 1.218197e+02 6.914236e+02
1.196289e-01 1.224032e+02 6.806291e+02
1.208496e-01 1.229974e+02 6.701864e+02
1.220703e-01 1.235988e+02 6.600613e+02
1.226807e-01 1.239011e+02 6.551081e+02
1.232910e-01 1.242038e+02 6.502228e+02
1.239014e-01 1.245066e+02 6.454020e+02
1.245117e-01 1.248090e+02 6.406422e+02
1.251221e-01 1.251106e+02 6.359403e+02
1.257324e-01 1.254110e+02 6.312932e+02
1.263428e-01 1.257098e+02 6.266981e+02
1.269531e-01 1.260066e+02 6.221521e+02
1.275635e-01 1.263010e+02 6.176526e+02
1.281738e-01 1.265927e+02 6.131971e+02
1.283264e-01 1.266652e+02 6.120898e+02
1.284790e-01 1.267374e+02 6.109851e+02
1.286316e-01 1.268094e+02 6.098829e+02
1.287842e-01 1.268813e+02 6.087832e+02
1.289368e-01 1.269529e+02 6.076860e+02
1.290894e-01 1.270243e+02 6.065911e+02
1.292419e-01 1.270955e+02 6.054987e+02
1.293945e-01 1.271664e+02 6.044086e+02
1.295471e-01 1.272371e+02 6.033209e+02
1.296997e-01 1.273075e+02 6.022354e+02
1.297379e-01 1.273251e+02 6.019644e+02
1.297760e-01 1.273427e+02 6.016935e+02
1.298141e-01 1.273602e+02 6.014228e+02
1.298523e-01 1.273777e+02 6.011522e+02
1.298904e-01 1.273953e+02 6.008818e+02
1.299286e-01 1.274128e+02 6.006114e+02
1.299667e-01 1.274302e+02 6.003413e+02
1.300049e-01 1.274477e+02 6.000712e+02
1.300430e-01 1.274651e+02 5.998013e+02
1.300812e-01 1.274826e+02 5.995316e+02
1.301193e-01 1.275000e+02 5.992619e+02
1.301575e-01 1.275174e+02 5.989924e+02
1.301956e-01 1.275348e+02 5.987231e+02
1.302338e-01 1.275521e+02 5.984539e+02
1.302719e-01 1.275695e+02 5.981848e+02
1.303101e-01 1.275868e+02 5.979159e+02
1.303482e-01 1.276041e+02 5.976470e+02
1.303864e-01 1.276214e+02 5.973784e+02
1.304245e-01 1.276387e+02 5.971098e+02
1.304626e-01 1.276560e+02 5.968414e+02
1.305389e-01 1.276905e+02 5.963050e+02
1.306152e-01 1.277249e+02 5.957691e+02
1.306915e-01 1.277592e+02 5.952337e+02
1.307678e-01 1.277935e+02 5.946988e+02
1.308441e-01 1.278277e+02 5.941645e+02
1.309204e-01 1.278618e+02 5.936306e+02
1.309967e-01 1.278959e+02 5.930972e+02
1.310730e-01 1.279298e+02 5.925644e+02
1.311493e-01 1.279638e+02 5.920321e+02
1.312256e-01 1.279976e+02 5.915002e+02
1.315308e-01 1.281322e+02 5.893777e+02
1.318359e-01 1.282655e+02 5.872627e+02
1.321411e-01 1.283976e+02 5.851553e+02
1.324463e-01 1.285284e+02 5.830550e+02
1.327515e-01 1.286578e+02 5.809617e+02
1.330566e-01 1.287858e+02 5.788753e+02
1.333618e-01 1.289124e+02 5.767955e+02
1.336670e-01 1.290376e+02 5.747222e+02
1.339722e-01 1.291612e+02 5.726552e+02
1.342773e-01 1.292834e+02 5.705942e+02
1.354980e-01 1.297561e+02 5.624083e+02
1.367188e-01 1.302018e+02 5.543079e+02
1.379395e-01 1.306188e+02 5.462844e+02
1.391602e-01 1.310052e+02 5.383305e+02
1.403809e-01 1.313596e+02 5.304398e+02
1.416016e-01 1.316805e+02 5.226072e+02
1.428223e-01 1.319666e+02 5.148282e+02
1.440430e-01 1.322169e+02 5.070991e+02
1.452637e-01 1.324303e+02 4.994173e+02
1.464844e-01 1.326062e+02 4.917805e+02
1.470947e-01 1.326798e+02 4.879785e+02
1.477051e-01 1.327437e+02 4.841872e+02
1.483154e-01 1.327980e+02 4.804065e+02
1.489258e-01 1.328424e+02 4.766364e+02
1.495361e-01 1.328771e+02 4.728768e+02
1.501465e-01 1.329019e+02 4.691276e+02
1.507568e-01 1.329168e+02 4.653890e+02
1.513672e-01 1.329219e+02 4.616609e+02
1.519775e-01 1.329170e+02 4.579433e+02
1.525879e-01 1.329021e+02 4.542365e+02
1.531982e-01 1.328774e+02 4.505403e+02
1.538086e-01 1.328427e+02 4.468551e+02
1.544189e-01 1.327981e+02 4.431808e+02
1.550293e-01 1.327437e+02 4.395177e+02
1.556396e-01 1.326793e+02 4.358659e+02
1.562500e-01 1.326052e+02 4.322256e+02
1.568604e-01 1.325212e+02 4.285970e+02
1.574707e-01 1.324275e+02 4.249803e+02
1.580811e-01 1.323241e+02 4.213756e+02
1.586914e-01 1.322111e+02 4.177833e+02
1.593018e-01 1.320884e+02 4.142036e+02
1.599121e-01 1.319563e+02 4.106366e+02
1.605225e-01 1.318148e+02 4.070827e+02
1.611328e-01 1.316639e+02 4.035421e+02
1.617432e-01 1.315037e+02 4.000150e+02
1.623535e-01 1.313344e+02 3.965017e+02
1.629639e-01 1.311559e+02 3.930026e+02
1.635742e-01 1.309685e+02 3.895177e+02
1.641846e-01 1.307722e+02 3.860475e+02
1.647949e-01 1.305671e+02 3.825922e+02
1.654053e-01 1.303533e+02 3.791521e+02
1.660156e-01 1.301310e+02 3.757274e+02
1.666260e-01 1.299002e+02 3.723184e+02
1.672363e-01 1.296611e+02 3.689254e+02
1.678467e-01 1.294138e+02 3.655487e+02
1.684570e-01 1.291584e+02 3.621885e+02
1.690674e-01 1.288952e+02 3.588451e+02
1.696777e-01 1.286241e+02 3.555189e+02
1.702881e-01 1.283453e+02 3.522099e+02
1.708984e-01 1.280590e+02 3.489186e+02
1.721191e-01 1.274645e+02 3.423899e+02
1.733398e-01 1.268415e+02 3.359346e+02
1.745605e-01 1.261914e+02 3.295548e+02
1.757812e-01 1.255153e+02 3.232524e+02
1.770020e-01 1.248146e+02 3.170292e+02
1.782227e-01 1.240904e+02 3.108869e+02
1.794434e-01 1.233440e+02 3.048270e+02
1.806641e-01 1.225768e+02 2.988512e+02
1.818848e-01 1.217901e+02 2.929609e+02
1.831055e-01 1.209852e+02 2.871573e+02
1.843262e-01 1.201634e+02 2.814417e+02
1.855469e-01 1.193260e+02 2.758151e+02
1.867676e-01 1.184744e+02 2.702787e+02
1.879883e-01 1.176099e+02 2.648332e+02
1.892090e-01 1.167337e+02 2.594794e+02
1.904297e-01 1.158472e+02 2.542180e+02
1.916504e-01 1.149516e+02 2.490496e+02
1.928711e-01 1.140483e+02 2.439746e+02
1.940918e-01 1.131384e+02 2.389934e+02
1.953125e-01 1.122233e+02 2.341062e+02
1.965332e-01 1.113040e+02 2.293132e+02
1.977539e-01 1.103818e+02 2.246143e+02
1.989746e-01 1.094579e+02 2.200097e+02
2.001953e-01 1.085333e+02 2.154991e+02
2.014160e-01 1.076093e+02 2.110823e+02
2.026367e-01 1.066868e+02 2.067590e+02
2.038574e-01 1.057669e+02 2.025288e+02
2.050781e-01 1.048507e+02 1.983913e+02
2.062988e-01 1.039391e+02 1.943460e+02
2.075195e-01 1.030331e+02 1.903921e+02
2.087402e-01 1.021336e+02 1.865291e+02
2.099609e-01 1.012416e+02 1.827561e+02
2.111816e-01 1.003578e+02 1.790725e+02
2.124023e-01 9.948306e+01 1.754772e+02
2.136230e-01 9.861823e+01 1.719694e+02
2.148438e-01 9.776404e+01 1.685481e+02
2.160645e-01 9.692121e+01 1.652123e+02
2.172852e-01 9.609043e+01 1.619609e+02
2.185059e-01 9.527235e+01 1.587928e+02
2.197266e-01 9.446758e+01 1.557069e+02
2.209473e-01 9.367671e+01 1.527019e+02
2.221680e-01 9.290029e+01 1.497767e+02
2.233887e-01 9.213884e+01 1.469300e+02
2.246094e-01 9.139284e+01 1.441606e+02
2.258301e-01 9.066274e+01 1.414671e+02
2.270508e-01 8.994896e+01 1.388482e+02
2.282715e-01 8.925187e+01 1.363026e+02
2.294922e-01 8.857184e+01 1.338289e+02
2.307129e-01 8.790918e+01 1.314258e+02
2.319336e-01 8.726418e+01 1.290919e+02
2.331543e-01 8.663711e+01 1.268257e+02
2.343750e-01 8.602819e+01 1.246259e+02
2.355957e-01 8.543763e+01 1.224911e+02
2.368164e-01 8.486560e+01 1.204199e+02
2.380371e-01 8.431224e+01 1.184108e+02
2.392578e-01 8.377768e+01 1.164625e+02
2.404785e-01 8.326200e+01 1.145736e+02
2.416992e-01 8.276527e+01 1.127425e+02
2.429199e-01 8.228753e+01 1.109680e+02
2.441406e-01 8.182880e+01 1.092487e+02
2.453613e-01 8.138908e+01 1.075831e+02
2.465820e-01 8.096834e+01 1.059699e+02
2.478027e-01 8.056652e+01 1.044077e+02
2.490234e-01 8.018355e+01 1.028952e+02
2.502441e-01 7.981935e+01 1.014309e+02
2.514648e-01 7.947379e+01 1.000137e+02
2.526855e-01 7.914676e+01 9.864214e+01
2.539062e-01 7.883811e+01 9.731495e+01
2.551270e-01 7.854766e+01 9.603083e+01
2.563477e-01 7.827524e+01 9.478854e+01
2.566528e-01 7.820992e+01 9.448435e+01
2.569580e-01 7.814572e+01 9.418268e+01
2.572632e-01 7.808263e+01 9.388351e+01
2.575684e-01 7.802064e+01 9.358681e+01
2.578735e-01 7.795976e+01 9.329257e+01
2.581787e-01 7.789997e+01 9.300077e+01
2.584839e-01 7.784127e+01 9.271139e+01
2.587891e-01 7.778367e+01 9.242441e+01
2.590942e-01 7.772715e+01 9.213982e+01
2.593994e-01 7.767171e+01 9.185759e+01
2.595520e-01 7.764440e+01 9.171735e+01
2.597046e-01 7.761736e+01 9.157770e+01
2.598572e-01 7.759058e+01 9.143863e+01
2.600098e-01 7.756408e+01 9.130014e+01
2.601624e-01 7.753784e+01 9.116223e+01
2.603149e-01 7.751187e+01 9.102489e+01
2.604675e-01 7.748617e+01 9.088812e+01
2.606201e-01 7.746073e+01 9.075193e+01
2.607727e-01 7.743557e+01 9.061630e+01
2.609253e-01 7.741066e+01 9.048124e+01
2.610779e-01 7.738602e+01 9.034675e+01
2.612305e-01 7.736165e+01 9.021281e+01
2.613831e-01 7.733754e+01 9.007943e+01
2.615356e-01 7.731370e+01 8.994661e+01
2.616882e-01 7.729012e+01 8.981434e+01
2.618408e-01 7.726680e+01 8.968263e+01
2.619934e-01 7.724374e+01 8.955146e+01
2.621460e-01 7.722094e+01 8.942085e+01
2.622986e-01 7.719841e+01 8.929077e+01
2.624512e-01 7.717613e+01 8.916124e+01
2.630615e-01 7.708963e+01 8.864851e+01
2.636719e-01 7.700725e+01 8.814428e+01
2.642822e-01 7.692896e+01 8.764842e+01
2.648926e-01 7.685473e+01 8.716079e+01
2.655029e-01 7.678452e+01 8.668125e+01
2.661133e-01 7.671829e+01 8.620966e+01
2.667236e-01 7.665600e+01 8.574588e+01
2.673340e-01 7.659762e+01 8.528979e+01
2.679443e-01 7.654311e+01 8.484125e+01
2.685547e-01 7.649242e+01 8.440012e+01
2.697754e-01 7.640238e+01 8.353960e+01
2.709961e-01 7.632718e+01 8.270720e+01
2.722168e-01 7.626648e+01 8.190191e+01
2.734375e-01 7.621995e+01 8.112275e+01
2.746582e-01 7.618724e+01 8.036875e+01
2.758789e-01 7.616801e+01 7.963899e+01
2.770996e-01 7.616189e+01 7.893253e+01
2.783203e-01 7.616854e+01 7.824849e+01
2.795410e-01 7.618759e+01 7.758599e+01
2.807617e-01 7.621867e+01 7.694417e+01
2.819824e-01 7.626141e+01 7.632220e+01
2.832031e-01 7.631544e+01 7.571928e+01
2.844238e-01 7.638039e+01 7.513462e+01
2.856445e-01 7.645589e+01 7.456744e+01
2.868652e-01 7.654155e+01 7.401701e+01
2.880859e-01 7.663699e+01 7.348259e+01
2.893066e-01 7.674185e+01 7.296349e+01
2.905273e-01 7.685574e+01 7.245902e+01
2.917480e-01 7.697829e+01 7.196851e+01
2.929688e-01 7.710912e+01 7.149131e+01
2.954102e-01 7.739412e+01 7.057441e+01
2.978516e-01 7.770776e+01 6.970353e+01
3.002930e-01 7.804711e+01 6.887421e+01
3.027344e-01 7.840926e+01 6.808227e+01
3.051758e-01 7.879137e+01 6.732381e+01
3.076172e-01 7.919066e+01 6.659519e+01
3.100586e-01 7.960440e+01 6.589306e+01
3.125000e-01 8.002997e+01 6.521428e+01
3.149414e-01 8.046479e+01 6.455598e+01
3.173828e-01 8.090638e+01 6.391549e+01
3.186035e-01 8.112897e+01 6.360115e+01
3.198242e-01 8.135236e+01 6.329036e+01
3.210449e-01 8.157627e+01 6.298286e+01
3.222656e-01 8.180042e+01 6.267837e+01
3.234863e-01 8.202454e+01 6.237665e+01
3.247070e-01 8.224836e+01 6.207747e+01
3.259277e-01 8.247162e+01 6.178058e+01
3.271484e-01 8.269406e+01 6.148579e+01
3.283691e-01 8.291545e+01 6.119288e+01
3.295898e-01 8.313553e+01 6.090166e+01
3.308105e-01 8.335407e+01 6.061195e+01
3.320312e-01 8.357083e+01 6.032356e+01
3.332520e-01 8.378561e+01 6.003633e+01
3.344727e-01 8.399817e+01 5.975012e+01
3.356934e-01 8.420832e+01 5.946475e+01
3.369141e-01 8.441584e+01 5.918011e+01
3.381348e-01 8.462053e+01 5.889606e+01
3.393555e-01 8.482221e+01 5.861247e+01
3.405762e-01 8.502068e+01 5.832922e+01
3.417969e-01 8.521577e+01 5.804622e+01
3.442383e-01 8.559512e+01 5.748054e+01
3.466797e-01 8.595895e+01 5.691470e+01
3.491211e-01 8.630602e+01 5.634807e+01
3.515625e-01 8.663523e+01 5.578014e+01
3.540039e-01 8.694553e+01 5.521045e+01
3.564453e-01 8.723601e+01 5.463867e+01
3.588867e-01 8.750579e+01 5.406450e+01
3.613281e-01 8.775413e+01 5.348773e+01
3.637695e-01 8.798035e+01 5.290822e+01
3.662109e-01 8.818384e+01 5.232588e+01
3.674316e-01 8.827691e+01 5.203363e+01
3.686523e-01 8.836411e+01 5.174067e+01
3.698730e-01 8.844538e+01 5.144699e+01
3.710938e-01 8.852069e+01 5.115259e+01
3.723145e-01 8.858999e+01 5.085750e+01
3.735352e-01 8.865324e+01 5.056171e+01
3.747559e-01 8.871041e+01 5.026525e+01
3.759766e-01 8.876145e+01 4.996812e+01
3.771973e-01 8.880636e+01 4.967034e+01
3.784180e-01 8.884510e+01 4.937193e+01
3.796387e-01 8.887767e+01 4.907292e+01
3.808594e-01 8.890403e+01 4.877332e+01
3.820801e-01 8.892419e+01 4.847315e+01
3.833008e-01 8.893813e+01 4.817245e+01
3.845215e-01 8.894586e+01 4.787123e+01
3.857422e-01 8.894736e+01 4.756954e+01
3.869629e-01 8.894266e+01 4.726739e+01
3.881836e-01 8.893175e+01 4.696481e+01
3.894043e-01 8.891464e+01 4.666185e+01
3.906250e-01 8.889135e+01 4.635852e+01
3.930664e-01 8.882629e+01 4.575092e+01
3.955078e-01 8.873673e+01 4.514228e+01
3.979492e-01 8.862288e+01 4.453287e+01
4.003906e-01 8.848500e+01 4.392300e+01
4.028320e-01 8.832337e+01 4.331295e+01
4.052734e-01 8.813833e+01 4.270303e+01
4.077148e-01 8.793024e+01 4.209353e+01
4.101562e-01 8.769950e+01 4.148476e+01
4.125977e-01 8.744654e+01 4.087702e+01
4.150391e-01 8.717179e+01 4.027061e+01
4.174805e-01 8.687575e+01 3.966582e+01
4.199219e-01 8.655891e+01 3.906294e+01
4.223633e-01 8.622178e+01 3.846226e+01
4.248047e-01 8.586490e+01 3.786406e+01
4.272461e-01 8.548883e+01 3.726862e+01
4.296875e-01 8.509413e+01 3.667620e+01
4.321289e-01 8.468138e+01 3.608706e+01
4.345703e-01 8.425118e+01 3.550144e+01
4.370117e-01 8.380411e+01 3.491960e+01
4.394531e-01 8.334079e+01 3.434177e+01
4.418945e-01 8.286183e+01 3.376816e+01
4.443359e-01 8.236784e+01 3.319900e+01
4.467773e-01 8.185945e+01 3.263448e+01
4.492188e-01 8.133729e+01 3.207481e+01
4.516602e-01 8.080196e+01 3.152017e+01
4.541016e-01 8.025410e+01 3.097073e+01
4.565430e-01 7.969433e+01 3.042666e+01
4.589844e-01 7.912326e+01 2.988812e+01
4.614258e-01 7.854151e+01 2.935524e+01
4.638672e-01 7.794969e+01 2.882818e+01
4.663086e-01 7.734840e+01 2.830705e+01
4.687500e-01 7.673825e+01 2.779198e+01
4.711914e-01 7.611981e+01 2.728306e+01
4.736328e-01 7.549368e+01 2.678041e+01
4.760742e-01 7.486043e+01 2.628410e+01
4.785156e-01 7.422063e+01 2.579423e+01
4.809570e-01 7.357484e+01 2.531086e+01
4.833984e-01 7.292359e+01 2.483406e+01
4.858398e-01 7.226743e+01 2.436388e+01
4.882812e-01 7.160689e+01 2.390038e+01
4.907227e-01 7.094248e+01 2.344360e+01
4.931641e-01 7.027470e+01 2.299356e+01
4.956055e-01 6.960404e+01 2.255030e+01
4.980469e-01 6.893099e+01 2.211384e+01
5.004883e-01 6.825602e+01 2.168419e+01
5.029297e-01 6.757958e+01 2.126136e+01
5.053711e-01 6.690212e+01 2.084535e+01
5.078125e-01 6.622406e+01 2.043615e+01
5.102539e-01 6.554584e+01 2.003376e+01
5.126953e-01 6.486785e+01 1.963817e+01
5.133057e-01 6.469843e+01 1.954033e+01
5.139160e-01 6.452907e+01 1.944291e+01
5.145264e-01 6.435975e+01 1.934591e+01
5.151367e-01 6.419049e+01 1.924934e+01
5.157471e-01 6.402129e+01 1.915319e+01
5.163574e-01 6.385217e+01 1.905746e+01
5.169678e-01 6.368312e+01 1.896215e+01
5.175781e-01 6.351415e+01 1.886726e+01
5.181885e-01 6.334526e+01 1.877279e+01
5.187988e-01 6.317647e+01 1.867874e+01
5.189514e-01 6.313429e+01 1.865529e+01
5.191040e-01 6.309211e+01 1.863187e+01
5.192566e-01 6.304994e+01 1.860848e+01
5.194092e-01 6.300778e+01 1.858511e+01
5.195618e-01 6.296562e+01 1.856177e+01
5.197144e-01 6.292347e+01 1.853845e+01
5.198669e-01 6.288133e+01 1.851516e+01
5.200195e-01 6.283919e+01 1.849189e+01
5.201721e-01 6.279706e+01 1.846866e+01
5.203247e-01 6.275494e+01 1.844545e+01
5.204773e-01 6.271282e+01 1.842226e+01
5.206299e-01 6.267071e+01 1.839910e+01
5.207825e-01 6.262861e+01 1.837597e+01
5.209351e-01 6.258651e+01 1.835286e+01
5.210876e-01 6.254442e+01 1.832978e+01
5.212402e-01 6.250234e+01 1.830672e+01
5.213928e-01 6.246027e+01 1.828369e+01
5.215454e-01 6.241820e+01 1.826069e+01
5.216980e-01 6.237614e+01 1.823771e+01
5.218506e-01 6.233409e+01 1.821476e+01
5.221558e-01 6.225002e+01 1.816893e+01
5.224609e-01 6.216597e+01 1.812321e+01
5.227661e-01 6.208196e+01 1.807760e+01
5.230713e-01 6.199798e+01 1.803208e+01
5.233765e-01 6.191403e+01 1.798667e+01
5.236816e-01 6.183012e+01 1.794137e+01
5.239868e-01 6.174624e+01 1.789616e+01
5.242920e-01 6.166240e+01 1.785106e+01
5.245972e-01 6.157859e+01 1.780607e+01
5.249023e-01 6.149483e+01 1.776117e+01
5.261230e-01 6.116014e+01 1.758263e+01
5.273438e-01 6.082609e+01 1.740574e+01
5.285645e-01 6.049273e+01 1.723048e+01
5.297852e-01 6.016010e+01 1.705686e+01
5.310059e-01 5.982822e+01 1.688486e+01
5.322266e-01 5.949714e+01 1.671449e+01
5.334473e-01 5.916689e+01 1.654573e+01
5.346680e-01 5.883751e+01 1.637857e+01
5.358887e-01 5.850904e+01 1.621302e+01
5.371094e-01 5.818150e+01 1.604906e+01
5.419922e-01 5.688140e+01 1.540900e+01
5.468750e-01 5.559886e+01 1.479381e+01
5.517578e-01 5.433572e+01 1.420295e+01
5.566406e-01 5.309363e+01 1.363587e+01
5.615234e-01 5.187410e+01 1.309197e+01
5.664062e-01 5.067846e+01 1.257064e+01
5.712891e-01 4.950786e+01 1.207126e+01
5.761719e-01 4.836333e+01 1.159317e+01
5.810547e-01 4.724574e+01 1.113573e+01
5.859375e-01 4.615584e+01 1.069829e+01
5.883789e-01 4.562147e+01 1.048685e+01
5.908203e-01 4.509423e+01 1.028017e+01
5.932617e-01 4.457420e+01 1.007815e+01
5.957031e-01 4.406141e+01 9.880724e+00
5.981445e-01 4.355591e+01 9.687796e+00
6.005859e-01 4.305774e+01 9.499289e+00
6.030273e-01 4.256693e+01 9.315120e+00
6.054688e-01 4.208350e+01 9.135210e+00
6.079102e-01 4.160747e+01 8.959476e+00
6.103516e-01 4.113884e+01 8.787839e+00
6.127930e-01 4.067764e+01 8.620219e+00
6.152344e-01 4.022385e+01 8.456537e+00
6.176758e-01 3.977747e+01 8.296714e+00
6.201172e-01 3.933849e+01 8.140673e+00
6.225586e-01 3.890691e+01 7.988337e+00
6.250000e-01 3.848269e+01 7.839629e+00
6.274414e-01 3.806582e+01 7.694475e+00
6.298828e-01 3.765627e+01 7.552798e+00
6.323242e-01 3.725400e+01 7.414526e+00
6.347656e-01 3.685898e+01 7.279586e+00
6.359863e-01 3.666418e+01 7.213343e+00
6.372070e-01 3.647118e+01 7.147905e+00
6.384277e-01 3.627996e+01 7.083265e+00
6.396484e-01 3.609054e+01 7.019413e+00
6.408691e-01 3.590289e+01 6.956341e+00
6.420898e-01 3.571702e+01 6.894040e+00
6.433105e-01 3.553292e+01 6.832500e+00
6.445312e-01 3.535058e+01 6.771715e+00
6.457520e-01 3.516999e+01 6.711675e+00
6.469727e-01 3.499115e+01 6.652372e+00
6.481934e-01 3.481405e+01 6.593797e+00
6.494141e-01 3.463869e+01 6.535942e+00
6.506348e-01 3.446505e+01 6.478799e+00
6.518555e-01 3.429313e+01 6.422360e+00
6.530762e-01 3.412292e+01 6.366616e+00
6.542969e-01 3.395442e+01 6.311560e+00
6.555176e-01 3.378760e+01 6.257183e+00
6.567383e-01 3.362248e+01 6.203478e+00
6.579590e-01 3.345904e+01 6.150436e+00
6.591797e-01 3.329726e+01 6.098051e+00
6.616211e-01 3.297869e+01 5.995216e+00
6.640625e-01 3.266670e+01 5.894913e+00
6.665039e-01 3.236121e+01 5.797082e+00
6.689453e-01 3.206215e+01 5.701663e+00
6.713867e-01 3.176945e+01 5.608598e+00
6.738281e-01 3.148302e+01 5.517830e+00
6.762695e-01 3.120280e+01 5.429303e+00
6.787109e-01 3.092870e+01 5.342963e+00
6.811523e-01 3.066064e+01 5.258754e+00
6.835938e-01 3.039854e+01 5.176626e+00
6.884766e-01 2.989189e+01 5.018399e+00
6.933594e-01 2.940807e+01 4.867880e+00
6.982422e-01 2.894639e+01 4.724680e+00
7.031250e-01 2.850618e+01 4.588429e+00
7.080078e-01 2.808672e+01 4.458770e+00
7.128906e-01 2.768732e+01 4.335360e+00
7.177734e-01 2.730727e+01 4.217874e+00
7.226562e-01 2.694587e+01 4.105999e+00
7.275391e-01 2.660243e+01 3.999437e+00
7.324219e-01 2.627625e+01 3.897902e+00
7.348633e-01 2.611941e+01 3.848934e+00
7.373047e-01 2.596664e+01 3.801122e+00
7.397461e-01 2.581783e+01 3.754434e+00
7.421875e-01 2.567291e+01 3.708839e+00
7.446289e-01 2.553180e+01 3.664306e+00
7.470703e-01 2.539441e+01 3.620806e+00
7.495117e-01 2.526065e+01 3.578309e+00
7.519531e-01 2.513046e+01 3.536788e+00
7.543945e-01 2.500374e+01 3.496214e+00
7.568359e-01 2.488041e+01 3.456561e+00
7.592773e-01 2.476040e+01 3.417802e+00
7.617188e-01 2.464363e+01 3.379913e+00
7.641602e-01 2.453002e+01 3.342868e+00
7.666016e-01 2.441948e+01 3.306642e+00
7.690430e-01 2.431196e+01 3.271213e+00
7.714844e-01 2.420736e+01 3.236558e+00
7.739258e-01 2.410562e+01 3.202653e+00
7.763672e-01 2.400667e+01 3.169477e+00
7.788086e-01 2.391042e+01 3.137010e+00
7.812500e-01 2.381681e+01 3.105229e+00
7.861328e-01 2.363722e+01 3.043650e+00
7.910156e-01 2.346735e+01 2.984586e+00
7.958984e-01 2.330667e+01 2.927892e+00
8.007812e-01 2.315464e+01 2.873428e+00
8.056641e-01 2.301076e+01 2.821065e+00
8.105469e-01 2.287454e+01 2.770679e+00
8.154297e-01 2.274551e+01 2.722154e+00
8.203125e-01 2.262320e+01 2.675380e+00
8.251953e-01 2.250719e+01 2.630255e+00
8.300781e-01 2.239703e+01 2.586680e+00
8.349609e-01 2.229233e+01 2.544564e+00
8.398438e-01 2.219270e+01 2.503821e+00
8.447266e-01 2.209774e+01 2.464369e+00
8.496094e-01 2.200711e+01 2.426133e+00
8.544922e-01 2.192045e+01 2.389040e+00
8.593750e-01 2.183744e+01 2.353024e+00
8.642578e-01 2.175775e+01 2.318022e+00
8.691406e-01 2.168108e+01 2.283973e+00
8.740234e-01 2.160716e+01 2.250824e+00
8.789062e-01 2.153569e+01 2.218522e+00
8.886719e-01 2.139910e+01 2.156268e+00
8.984375e-01 2.126939e+01 2.096860e+00
9.082031e-01 2.114482e+01 2.039990e+00
9.179688e-01 2.102385e+01 1.985393e+00
9.277344e-01 2.090510e+01 1.932836e+00
9.375000e-01 2.078736e+01 1.882118e+00
9.472656e-01 2.066959e+01 1.833067e+00
9.570312e-01 2.055086e+01 1.785533e+00
9.667969e-01 2.043041e+01 1.739389e+00
9.765625e-01 2.030756e+01 1.694524e+00
9.814453e-01 2.024506e+01 1.672542e+00
9.863281e-01 2.018176e+01 1.650845e+00
9.912109e-01 2.011762e+01 1.629425e+00
9.960938e-01 2.005257e+01 1.608273e+00
1.000977e+00 1.998659e+01 1.587380e+00
1.005859e+00 1.991962e+01 1.566739e+00
1.010742e+00 1.985165e+01 1.546344e+00
1.015625e+00 1.978264e+01 1.526187e+00
1.020508e+00 1.971258e+01 1.506263e+00
1.025391e+00 1.964143e+01 1.486567e+00
1.026611e+00 1.962347e+01 1.481678e+00
1.027832e+00 1.960545e+01 1.476803e+00
1.029053e+00 1.958735e+01 1.471942e+00
1.030273e+00 1.956919e+01 1.467094e+00
1.031494e+00 1.955096e+01 1.462260e+00
1.032715e+00 1.953266e+01 1.457440e+00
1.033936e+00 1.951429e+01 1.452633e+00
1.035156e+00 1.949585e+01 1.447840e+00
1.036377e+00 1.947734e+01 1.443060e+00
1.037598e+00 1.945876e+01 1.438293e+00
1.038818e+00 1.944011e+01 1.433539e+00
1.040039e+00 1.942139e+01 1.428799e+00
1.041260e+00 1.940260e+01 1.424072e+00
1.042480e+00 1.938375e+01 1.419358e+00
1.043701e+00 1.936482e+01 1.414657e+00
1.044922e+00 1.934582e+01 1.409969e+00
1.046143e+00 1.932675e+01 1.405294e+00
1.047363e+00 1.930761e+01 1.400632e+00
1.048584e+00 1.928841e+01 1.395983e+00
1.049805e+00 1.926913e+01 1.391346e+00
1.052246e+00 1.923037e+01 1.382111e+00
1.054688e+00 1.919132e+01 1.372927e+00
1.057129e+00 1.915200e+01 1.363793e+00
1.059570e+00 1.911240e+01 1.354709e+00
1.062012e+00 1.907253e+01 1.345674e+00
1.064453e+00 1.903238e+01 1.336688e+00
1.066895e+00 1.899195e+01 1.327752e+00
1.069336e+00 1.895126e+01 1.318863e+00
1.071777e+00 1.891029e+01 1.310024e+00
1.074219e+00 1.886905e+01 1.301232e+00
1.083984e+00 1.870144e+01 1.266541e+00
1.093750e+00 1.852968e+01 1.232600e+00
1.103516e+00 1.835393e+01 1.199395e+00
1.113281e+00 1.817435e+01 1.166915e+00
1.123047e+00 1.799115e+01 1.135150e+00
1.132812e+00 1.780454e+01 1.104091e+00
1.142578e+00 1.761474e+01 1.073729e+00
1.152344e+00 1.742198e+01 1.044055e+00
1.162109e+00 1.722649e+01 1.015063e+00
1.171875e+00 1.702852e+01 9.867440e-01
1.181641e+00 1.682831e+01 9.590912e-01
1.191406e+00 1.662611e+01 9.320969e-01
1.201172e+00 1.642215e+01 9.057534e-01
1.210938e+00 1.621669e+01 8.800529e-01
1.220703e+00 1.600994e+01 8.549873e-01
1.230469e+00 1.580215e+01 8.305485e-01
1.240234e+00 1.559353e+01 8.067280e-01
1.250000e+00 1.538432e+01 7.835169e-01
1.259766e+00 1.517472e+01 7.609063e-01
1.269531e+00 1.496493e+01 7.388870e-01
1.271973e+00 1.491248e+01 7.334734e-01
1.274414e+00 1.486003e+01 7.280960e-01
1.276855e+00 1.480759e+01 7.227547e-01
1.279297e+00 1.475516e+01 7.174494e-01
1.281738e+00 1.470274e+01 7.121797e-01
1.284180e+00 1.465033e+01 7.069457e-01
1.286621e+00 1.459795e+01 7.017471e-01
1.289062e+00 1.454558e+01 6.965838e-01
1.291504e+00 1.449325e+01 6.914557e-01
1.293945e+00 1.444093e+01 6.863625e-01
1.296387e+00 1.438865e+01 6.813041e-01
1.298828e+00 1.433640e+01 6.762804e-01
1.301270e+00 1.428418e+01 6.712913e-01
1.303711e+00 1.423200e+01 6.663364e-01
1.306152e+00 1.417986e+01 6.614158e-01
1.308594e+00 1.412777e+01 6.565291e-01
1.311035e+00 1.407572e+01 6.516764e-01
1.313477e+00 1.402371e+01 6.468573e-01
1.315918e+00 1.397176e+01 6.420718e-01
1.318359e+00 1.391986e+01 6.373196e-01
1.323242e+00 1.381622e+01 6.279148e-01
1.328125e+00 1.371282e+01 6.186415e-01
1.333008e+00 1.360968e+01 6.094984e-01
1.337891e+00 1.350681e+01 6.004842e-01
1.342773e+00 1.340423e+01 5.915976e-01
1.347656e+00 1.330195e+01 5.828372e-01
1.352539e+00 1.320000e+01 5.742017e-01
1.357422e+00 1.309839e+01 5.656897e-01
1.362305e+00 1.299713e+01 5.572999e-01
1.367188e+00 1.289623e+01 5.490310e-01
1.376953e+00 1.269560e+01 5.328502e-01
1.386719e+00 1.249660e+01 5.171367e-01
1.396484e+00 1.229933e+01 5.018795e-01
1.406250e+00 1.210388e+01 4.870679e-01
1.416016e+00 1.191032e+01 4.726913e-01
1.425781e+00 1.171875e+01 4.587389e-01
1.435547e+00 1.152922e+01 4.452001e-01
1.445312e+00 1.134180e+01 4.320644e-01
1.455078e+00 1.115654e+01 4.193215e-01
1.464844e+00 1.097351e+01 4.069611e-01
1.474609e+00 1.079273e+01 3.949731e-01
1.484375e+00 1.061426e+01 3.833473e-01
1.494141e+00 1.043812e+01 3.720740e-01
1.503906e+00 1.026434e+01 3.611435e-01
1.513672e+00 1.009296e+01 3.505462e-01
1.523438e+00 9.923987e+00 3.402726e-01
1.533203e+00 9.757440e+00 3.303137e-01
1.542969e+00 9.593333e+00 3.206604e-01
1.552734e+00 9.431672e+00 3.113039e-01
1.562500e+00 9.272465e+00 3.022354e-01
1.572266e+00 9.115711e+00 2.934464e-01
1.582031e+00 8.961411e+00 2.849288e-01
1.591797e+00 8.809561e+00 2.766745e-01
1.601562e+00 8.660153e+00 2.686754e-01
1.611328e+00 8.513179e+00 2.609239e-01
1.621094e+00 8.368627e+00 2.534125e-01
1.630859e+00 8.226482e+00 2.461338e-01
1.640625e+00 8.086730e+00 2.390807e-01
1.650391e+00 7.949353e+00 2.322461e-01
1.660156e+00 7.814331e+00 2.256233e-01
1.669922e+00 7.681645e+00 2.192058e-01
1.679688e+00 7.551272e+00 2.129871e-01
1.689453e+00 7.423188e+00 2.069609e-01
1.699219e+00 7.297370e+00 2.011212e-01
1.708984e+00 7.173792e+00 1.954622e-01
1.718750e+00 7.052428e+00 1.899780e-01
1.728516e+00 6.933249e+00 1.846632e-01
1.738281e+00 6.816229e+00 1.795123e-01
1.748047e+00 6.701339e+00 1.745202e-01
1.757812e+00 6.588550e+00 1.696816e-01
1.777344e+00 6.369153e+00 1.604460e-01
1.796875e+00 6.157797e+00 1.517679e-01
1.816406e+00 5.954237e+00 1.436118e-01
1.835938e+00 5.758222e+00 1.359449e-01
1.855469e+00 5.569505e+00 1.287358e-01
1.875000e+00 5.387837e+00 1.219557e-01
1.894531e+00 5.212969e+00 1.155771e-01
1.914062e+00 5.044660e+00 1.095746e-01
1.933594e+00 4.882669e+00 1.039243e-01
1.953125e+00 4.726761e+00 9.860380e-02
1.962891e+00 4.651015e+00 9.606069e-02
1.972656e+00 4.576705e+00 9.359232e-02
1.982422e+00 4.503801e+00 9.119629e-02
1.992188e+00 4.432277e+00 8.887028e-02
2.001953e+00 4.362105e+00 8.661207e-02
2.011719e+00 4.293258e+00 8.441946e-02
2.021484e+00 4.225710e+00 8.229038e-02
2.031250e+00 4.159436e+00 8.022279e-02
2.041016e+00 4.094408e+00 7.821474e-02
2.050781e+00 4.030603e+00 7.626434e-02
2.055664e+00 3.999151e+00 7.531018e-02
2.060547e+00 3.967996e+00 7.436975e-02
2.065430e+00 3.937133e+00 7.344283e-02
2.070312e+00 3.906561e+00 7.252921e-02
2.075195e+00 3.876276e+00 7.162867e-02
2.080078e+00 3.846275e+00 7.074100e-02
2.084961e+00 3.816556e+00 6.986600e-02
2.089844e+00 3.787115e+00 6.900348e-02
2.094727e+00 3.757950e+00 6.815324e-02
2.099609e+00 3.729058e+00 6.731507e-02
2.104492e+00 3.700436e+00 6.648879e-02
2.109375e+00 3.672081e+00 6.567420e-02
2.114258e+00 3.643991e+00 6.487114e-02
2.119141e+00 3.616162e+00 6.407940e-02
2.124023e+00 3.588592e+00 6.329882e-02
2.128906e+00 3.561279e+00 6.252922e-02
2.133789e+00 3.534219e+00 6.177043e-02
2.138672e+00 3.507410e+00 6.102227e-02
2.143555e+00 3.480850e+00 6.028458e-02
2.148438e+00 3.454535e+00 5.955720e-02
2.167969e+00 3.351683e+00 5.674755e-02
2.187500e+00 3.252564e+00 5.409036e-02
2.207031e+00 3.157023e+00 5.157638e-02
2.226562e+00 3.064913e+00 4.919699e-02
2.246094e+00 2.976093e+00 4.694408e-02
2.265625e+00 2.890427e+00 4.481012e-02
2.285156e+00 2.807785e+00 4.278802e-02
2.304688e+00 2.728043e+00 4.087119e-02
2.324219e+00 2.651082e+00 3.905344e-02
2.343750e+00 2.576788e+00 3.732899e-02
2.363281e+00 2.505051e+00 3.569241e-02
2.382812e+00 2.435768e+00 3.413865e-02
2.402344e+00 2.368838e+00 3.266294e-02
2.421875e+00 2.304167e+00 3.126084e-02
2.441406e+00 2.241663e+00 2.992818e-02
2.460938e+00 2.181239e+00 2.866106e-02
2.480469e+00 2.122812e+00 2.745581e-02
2.500000e+00 2.066303e+00 2.630899e-02
2.519531e+00 2.011635e+00 2.521737e-02
2.539062e+00 1.958736e+00 2.417794e-02
2.558594e+00 1.907537e+00 2.318785e-02
2.578125e+00 1.857971e+00 2.224442e-02
2.597656e+00 1.809974e+00 2.134515e-02
2.617188e+00 1.763487e+00 2.048767e-02
2.636719e+00 1.718451e+00 1.966979e-02
2.656250e+00 1.674811e+00 1.888940e-02
2.675781e+00 1.632514e+00 1.814454e-02
2.695312e+00 1.591510e+00 1.743337e-02
2.714844e+00 1.551751e+00 1.675415e-02
2.734375e+00 1.513189e+00 1.610524e-02
2.773438e+00 1.439484e+00 1.489225e-02
2.812500e+00 1.370065e+00 1.378308e-02
2.851562e+00 1.304627e+00 1.276764e-02
2.890625e+00 1.242893e+00 1.183697e-02
2.929688e+00 1.184607e+00 1.098302e-02
2.968750e+00 1.129535e+00 1.019864e-02
3.007812e+00 1.077460e+00 9.477413e-03
3.046875e+00 1.028185e+00 8.813576e-03
3.085938e+00 9.815268e-01 8.201967e-03
3.125000e+00 9.373168e-01 7.637944e-03
3.203125e+00 8.556318e-01 6.636350e-03
3.281250e+00 7.820225e-01 5.780039e-03
3.359375e+00 7.155396e-01 5.045531e-03
3.437500e+00 6.553668e-01 4.413561e-03
3.515625e+00 6.007991e-01 3.868248e-03
3.593750e+00 5.512255e-01 3.396438e-03
3.671875e+00 5.061140e-01 2.987189e-03
3.750000e+00 4.650004e-01 2.631364e-03
3.828125e+00 4.274776e-01 2.321300e-03
3.906250e+00 3.931881e-01 2.050550e-03
3.925781e+00 3.850831e-01 1.988348e-03
3.945312e+00 3.771557e-01 1.928182e-03
3.964844e+00 3.694016e-01 1.869979e-03
3.984375e+00 3.618163e-01 1.813668e-03
4.003906e+00 3.543959e-01 1.759183e-03
4.023438e+00 3.471361e-01 1.706457e-03
4.042969e+00 3.400332e-01 1.655430e-03
4.062500e+00 3.330833e-01 1.606040e-03
4.082031e+00 3.262827e-01 1.558230e-03
4.101562e+00 3.196277e-01 1.511945e-03
4.121094e+00 3.131151e-01 1.467132e-03
4.140625e+00 3.067412e-01 1.423739e-03
4.160156e+00 3.005029e-01 1.381718e-03
4.179688e+00 2.943969e-01 1.341022e-03
4.199219e+00 2.884202e-01 1.301604e-03
4.218750e+00 2.825697e-01 1.263421e-03
4.238281e+00 2.768424e-01 1.226431e-03
4.257812e+00 2.712356e-01 1.190594e-03
4.277344e+00 2.657464e-01 1.155870e-03
4.296875e+00 2.603720e-01 1.122223e-03
4.335938e+00 2.499577e-01 1.058012e-03
4.375000e+00 2.399723e-01 9.976889e-04
4.414062e+00 2.303967e-01 9.409997e-04
4.453125e+00 2.212128e-01 8.877089e-04
4.492188e+00 2.124032e-01 8.375976e-04
4.531250e+00 2.039516e-01 7.904623e-04
4.570312e+00 1.958424e-01 7.461138e-04
4.609375e+00 1.880609e-01 7.043759e-04
4.648438e+00 1.805929e-01 6.650845e-04
4.687500e+00 1.734252e-01 6.280868e-04
4.765625e+00 1.599399e-01 5.604118e-04
4.843750e+00 1.475104e-01 5.003216e-04
4.921875e+00 1.360504e-01 4.469191e-04
5.000000e+00 1.254818e-01 3.994209e-04
5.078125e+00 1.157330e-01 3.571416e-04
5.156250e+00 1.067388e-01 3.194806e-04
5.234375e+00 9.843971e-02 2.859110e-04
5.312500e+00 9.078112e-02 2.559692e-04
5.390625e+00 8.371301e-02 2.292476e-04
5.468750e+00 7.718949e-02 2.053866e-04
5.546875e+00 7.116841e-02 1.840690e-04
5.625000e+00 6.561100e-02 1.650144e-04
5.703125e+00 6.048162e-02 1.479748e-04
5.781250e+00 5.574741e-02 1.327307e-04
5.859375e+00 5.137810e-02 1.190873e-04
5.937500e+00 4.734581e-02 1.068721e-04
6.015625e+00 4.362480e-02 9.593168e-05
6.093750e+00 4.019132e-02 8.612973e-05
6.171875e+00 3.702345e-02 7.734510e-05
6.250000e+00 3.410097e-02 6.946992e-05
6.406250e+00 2.891863e-02 5.607381e-05
6.562500e+00 2.451101e-02 4.529109e-05
6.718750e+00 2.076423e-02 3.660404e-05
6.875000e+00 1.758094e-02 2.959967e-05
7.031250e+00 1.487792e-02 2.394790e-05
7.187500e+00 1.258405e-02 1.938450e-05
7.343750e+00 1.063850e-02 1.569766e-05
7.500000e+00 8.989356e-03 1.271734e-05
7.656250e+00 7.592247e-03 1.030690e-05
7.812500e+00 6.409326e-03 8.356462e-06
7.968750e+00 5.408314e-03 6.777532e-06
8.125000e+00 4.561696e-03 5.498824e-06
8.281250e+00 3.846029e-03 4.462836e-06
8.437500e+00 3.241364e-03 3.623184e-06
8.593750e+00 2.730736e-03 2.942418e-06
8.750000e+00 2.299726e-03 2.390287e-06
8.906250e+00 1.936080e-03 1.942333e-06
9.062500e+00 1.629400e-03 1.578781e-06
9.218750e+00 1.370871e-03 1.283638e-06
9.375000e+00 1.153020e-03 1.043961e-06
9.687500e+00 8.149967e-04 6.910708e-07
1.000000e+01 5.754879e-04 4.579587e-07
1.031250e+01 4.059970e-04 3.037981e-07
1.062500e+01 2.861907e-04 2.017381e-07
1.093750e+01 2.015908e-04 1.340987e-07
1.125000e+01 1.419058e-04 8.922474e-08
1.156250e+01 9.983309e-05 5.942390e-08
1.187500e+01 7.019887e-05 3.961439e-08
1.218750e+01 4.933971e-05 2.643367e-08
1.250000e+01 3.466365e-05 1.765405e-08
1.312500e+01 1.709042e-05 7.894856e-09
1.375000e+01 8.418616e-06 3.543443e-09
1.437500e+01 4.143076e-06 1.595502e-09
1.500000e+01 2.036069e-06 7.201123e-10
1.562500e+01 1.001479e-06 3.264314e-10
1.625000e+01 4.929971e-07 1.485688e-10
1.687500e+01 2.411352e-07 6.738500e-11
1.750000e+01 1.187179e-07 3.084823e-11
1.812500e+01 5.944035e-08 1.439844e-11
1.875000e+01 2.897833e-08 6.559351e-12
1.937500e+01 1.445714e-08 3.064707e-12
2.000000e+01 7.349415e-09 1.462120e-12
2.062500e+01 3.876535e-09 7.251802e-13
2.125000e+01 2.187484e-09 3.854936e-13
2.187500e+01 1.377586e-09 2.290935e-13
2.250000e+01 9.973437e-10 1.567725e-13
2.312500e+01 8.259112e-10 1.229023e-13
2.375000e+01 7.599662e-10 1.072154e-13
2.437500e+01 7.450606e-10 9.979125e-14
2.500000e+01 7.528027e-10 9.584982e-14
2.750000e+01 8.509446e-10 8.954185e-14
3.000000e+01 9.441449e-10 8.348074e-14
3.250000e+01 1.000079e-09 7.534555e-14
3.500000e+01 1.015998e-09 6.600045e-14
3.750000e+01 1.000602e-09 5.662249e-14
4.000000e+01 9.705308e-10 4.827024e-14
4.250000e+01 9.482184e-10 4.177540e-14
4.500000e+01 9.553126e-10 3.754141e-14
4.750000e+01 1.003352e-09 3.538803e-14
5.000000e+01 1.090860e-09 3.472315e-14
5.500000e+01 1.317527e-09 3.465966e-14
6.000000e+01 1.457561e-09 3.221918e-14
6.500000e+01 1.430114e-09 2.693606e-14
7.000000e+01 1.381453e-09 2.243522e-14
7.500000e+01 1.454617e-09 2.057862e-14
8.000000e+01 1.569446e-09 1.951445e-14
8.500000e+01 1.456735e-09 1.604475e-14
9.000000e+01 9.495064e-10 9.328311e-15
9.500000e+01 2.937137e-10 2.589805e-15
1.000000e+02 0.000000e+00 0.000000e+00
