# 
# Output from RAtom program.
# 
# Total radial electron density.
# The first column contains radius $r$ in bohr units.
# The second column holds $\rho(r)$.
# The third column holds $\tilde{\rho}(r) = \rho(r) / (\pi * r * r)$
# 
# Use this file with gnuplot to create the plot.
# 
# R     Rho     RhoTilde
#
0.000000e+00 0.000000e+00 9.893026e+04
1.831055e-04 4.089512e-02 9.706418e+04
3.662109e-04 1.604951e-01 9.523338e+04
5.493164e-04 3.543029e-01 9.343718e+04
7.324219e-04 6.179924e-01 9.167495e+04
9.155273e-04 9.474027e-01 8.994605e+04
1.098633e-03 1.338533e+00 8.824986e+04
1.281738e-03 1.787537e+00 8.658578e+04
1.464844e-03 2.290721e+00 8.495319e+04
1.647949e-03 2.844533e+00 8.335152e+04
1.831055e-03 3.445566e+00 8.178018e+04
2.014160e-03 4.090546e+00 8.023862e+04
2.197266e-03 4.776333e+00 7.872627e+04
2.380371e-03 5.499915e+00 7.724258e+04
2.563477e-03 6.258402e+00 7.578703e+04
2.746582e-03 7.049025e+00 7.435909e+04
2.929688e-03 7.869131e+00 7.295823e+04
3.112793e-03 8.716177e+00 7.158396e+04
3.295898e-03 9.587732e+00 7.023577e+04
3.479004e-03 1.048147e+01 6.891319e+04
3.662109e-03 1.139515e+01 6.761572e+04
4.028320e-03 1.327396e+01 6.509426e+04
4.394531e-03 1.520824e+01 6.266775e+04
4.760742e-03 1.718350e+01 6.033265e+04
5.126953e-03 1.918655e+01 5.808557e+04
5.493164e-03 2.120544e+01 5.592325e+04
5.859375e-03 2.322939e+01 5.384252e+04
6.225586e-03 2.524865e+01 5.184035e+04
6.591797e-03 2.725450e+01 4.991381e+04
6.958008e-03 2.923913e+01 4.806010e+04
7.324219e-03 3.119557e+01 4.627650e+04
7.507324e-03 3.216128e+01 4.541017e+04
7.690430e-03 3.311769e+01 4.456039e+04
7.873535e-03 3.406416e+01 4.372686e+04
8.056641e-03 3.500007e+01 4.290926e+04
8.239746e-03 3.592485e+01 4.210730e+04
8.422852e-03 3.683797e+01 4.132068e+04
8.605957e-03 3.773893e+01 4.054912e+04
8.789062e-03 3.862729e+01 3.979233e+04
8.972168e-03 3.950263e+01 3.905002e+04
9.155273e-03 4.036454e+01 3.832194e+04
9.338379e-03 4.121268e+01 3.760781e+04
9.521484e-03 4.204673e+01 3.690736e+04
9.704590e-03 4.286638e+01 3.622034e+04
9.887695e-03 4.367138e+01 3.554650e+04
1.007080e-02 4.446148e+01 3.488559e+04
1.025391e-02 4.523648e+01 3.423736e+04
1.043701e-02 4.599618e+01 3.360157e+04
1.062012e-02 4.674042e+01 3.297799e+04
1.080322e-02 4.746907e+01 3.236638e+04
1.098633e-02 4.818200e+01 3.176653e+04
1.135254e-02 4.956034e+01 3.060120e+04
1.171875e-02 5.087492e+01 2.948026e+04
1.208496e-02 5.212547e+01 2.840205e+04
1.245117e-02 5.331203e+01 2.736496e+04
1.281738e-02 5.443484e+01 2.636746e+04
1.318359e-02 5.549439e+01 2.540806e+04
1.354980e-02 5.649134e+01 2.448533e+04
1.391602e-02 5.742656e+01 2.359789e+04
1.428223e-02 5.830105e+01 2.274441e+04
1.464844e-02 5.911594e+01 2.192361e+04
1.501465e-02 5.987253e+01 2.113428e+04
1.538086e-02 6.057217e+01 2.037521e+04
1.574707e-02 6.121635e+01 1.964527e+04
1.611328e-02 6.180661e+01 1.894336e+04
1.647949e-02 6.234459e+01 1.826843e+04
1.684570e-02 6.283196e+01 1.761945e+04
1.721191e-02 6.327044e+01 1.699545e+04
1.757812e-02 6.366182e+01 1.639548e+04
1.794434e-02 6.400787e+01 1.581862e+04
1.831055e-02 6.431042e+01 1.526402e+04
1.867676e-02 6.457131e+01 1.473081e+04
1.904297e-02 6.479236e+01 1.421820e+04
1.940918e-02 6.497543e+01 1.372540e+04
1.977539e-02 6.512233e+01 1.325165e+04
2.014160e-02 6.523491e+01 1.279624e+04
2.050781e-02 6.531497e+01 1.235846e+04
2.087402e-02 6.536431e+01 1.193764e+04
2.124023e-02 6.538469e+01 1.153314e+04
2.160645e-02 6.537786e+01 1.114434e+04
2.197266e-02 6.534553e+01 1.077063e+04
2.270508e-02 6.521111e+01 1.006620e+04
2.343750e-02 6.499448e+01 9.415514e+03
2.416992e-02 6.470811e+01 8.814513e+03
2.490234e-02 6.436380e+01 8.259454e+03
2.563477e-02 6.397268e+01 7.746865e+03
2.636719e-02 6.354518e+01 7.273529e+03
2.709961e-02 6.309102e+01 6.836465e+03
2.783203e-02 6.261918e+01 6.432913e+03
2.856445e-02 6.213794e+01 6.060315e+03
2.929688e-02 6.165490e+01 5.716301e+03
3.002930e-02 6.117693e+01 5.398679e+03
3.076172e-02 6.071028e+01 5.105416e+03
3.149414e-02 6.026051e+01 4.834632e+03
3.222656e-02 5.983260e+01 4.584585e+03
3.295898e-02 5.943092e+01 4.353664e+03
3.369141e-02 5.905927e+01 4.140377e+03
3.442383e-02 5.872093e+01 3.943344e+03
3.515625e-02 5.841866e+01 3.761288e+03
3.588867e-02 5.815476e+01 3.593029e+03
3.662109e-02 5.793109e+01 3.437472e+03
3.698730e-02 5.783480e+01 3.364140e+03
3.735352e-02 5.774908e+01 3.293610e+03
3.771973e-02 5.767403e+01 3.225770e+03
3.808594e-02 5.760977e+01 3.160509e+03
3.845215e-02 5.755637e+01 3.097721e+03
3.881836e-02 5.751388e+01 3.037305e+03
3.918457e-02 5.748233e+01 2.979164e+03
3.955078e-02 5.746176e+01 2.923202e+03
3.991699e-02 5.745214e+01 2.869332e+03
4.028320e-02 5.745347e+01 2.817464e+03
4.064941e-02 5.746572e+01 2.767518e+03
4.101562e-02 5.748882e+01 2.719411e+03
4.138184e-02 5.752273e+01 2.673068e+03
4.174805e-02 5.756734e+01 2.628415e+03
4.211426e-02 5.762259e+01 2.585381e+03
4.248047e-02 5.768835e+01 2.543898e+03
4.284668e-02 5.776451e+01 2.503899e+03
4.321289e-02 5.785095e+01 2.465324e+03
4.357910e-02 5.794751e+01 2.428110e+03
4.394531e-02 5.805406e+01 2.392201e+03
4.467773e-02 5.829647e+01 2.324075e+03
4.541016e-02 5.857678e+01 2.260527e+03
4.614258e-02 5.889351e+01 2.201171e+03
4.687500e-02 5.924503e+01 2.145653e+03
4.760742e-02 5.962966e+01 2.093645e+03
4.833984e-02 6.004562e+01 2.044848e+03
4.907227e-02 6.049108e+01 1.998984e+03
4.980469e-02 6.096415e+01 1.955799e+03
5.053711e-02 6.146292e+01 1.915061e+03
5.126953e-02 6.198543e+01 1.876554e+03
5.200195e-02 6.252974e+01 1.840083e+03
5.273438e-02 6.309388e+01 1.805468e+03
5.346680e-02 6.367588e+01 1.772543e+03
5.419922e-02 6.427380e+01 1.741158e+03
5.493164e-02 6.488571e+01 1.711173e+03
5.566406e-02 6.550969e+01 1.682464e+03
5.639648e-02 6.614388e+01 1.654915e+03
5.712891e-02 6.678644e+01 1.628421e+03
5.786133e-02 6.743557e+01 1.602885e+03
5.859375e-02 6.808952e+01 1.578221e+03
5.932617e-02 6.874658e+01 1.554349e+03
6.005859e-02 6.940511e+01 1.531198e+03
6.079102e-02 7.006350e+01 1.508701e+03
6.152344e-02 7.072021e+01 1.486800e+03
6.225586e-02 7.137377e+01 1.465441e+03
6.298828e-02 7.202275e+01 1.444576e+03
6.372070e-02 7.266579e+01 1.424161e+03
6.445312e-02 7.330161e+01 1.404157e+03
6.518555e-02 7.392895e+01 1.384529e+03
6.591797e-02 7.454666e+01 1.365245e+03
6.665039e-02 7.515363e+01 1.346278e+03
6.738281e-02 7.574882e+01 1.327601e+03
6.811523e-02 7.633124e+01 1.309194e+03
6.884766e-02 7.689998e+01 1.291035e+03
6.958008e-02 7.745419e+01 1.273108e+03
7.031250e-02 7.799307e+01 1.255397e+03
7.104492e-02 7.851590e+01 1.237889e+03
7.177734e-02 7.902199e+01 1.220572e+03
7.250977e-02 7.951074e+01 1.203436e+03
7.324219e-02 7.998160e+01 1.186472e+03
7.360840e-02 8.021015e+01 1.178053e+03
7.397461e-02 8.043405e+01 1.169674e+03
7.434082e-02 8.065323e+01 1.161334e+03
7.470703e-02 8.086765e+01 1.153034e+03
7.507324e-02 8.107726e+01 1.144772e+03
7.543945e-02 8.128201e+01 1.136547e+03
7.580566e-02 8.148187e+01 1.128360e+03
7.617188e-02 8.167679e+01 1.120210e+03
7.653809e-02 8.186675e+01 1.112097e+03
7.690430e-02 8.205170e+01 1.104019e+03
7.708740e-02 8.214229e+01 1.099994e+03
7.727051e-02 8.223162e+01 1.095977e+03
7.745361e-02 8.231969e+01 1.091969e+03
7.763672e-02 8.240648e+01 1.087971e+03
7.781982e-02 8.249201e+01 1.083981e+03
7.800293e-02 8.257627e+01 1.080000e+03
7.818604e-02 8.265925e+01 1.076027e+03
7.836914e-02 8.274095e+01 1.072063e+03
7.855225e-02 8.282138e+01 1.068108e+03
7.873535e-02 8.290052e+01 1.064162e+03
7.891846e-02 8.297838e+01 1.060225e+03
7.910156e-02 8.305495e+01 1.056296e+03
7.928467e-02 8.313024e+01 1.052376e+03
7.946777e-02 8.320424e+01 1.048464e+03
7.965088e-02 8.327695e+01 1.044561e+03
7.983398e-02 8.334837e+01 1.040667e+03
8.001709e-02 8.341850e+01 1.036781e+03
8.020020e-02 8.348734e+01 1.032904e+03
8.038330e-02 8.355489e+01 1.029035e+03
8.056641e-02 8.362115e+01 1.025176e+03
8.129883e-02 8.387325e+01 1.009822e+03
8.203125e-02 8.410469e+01 9.946074e+02
8.276367e-02 8.431552e+01 9.795310e+02
8.349609e-02 8.450582e+01 9.645938e+02
8.422852e-02 8.467571e+01 9.497967e+02
8.496094e-02 8.482533e+01 9.351410e+02
8.569336e-02 8.495485e+01 9.206276e+02
8.642578e-02 8.506450e+01 9.062580e+02
8.715820e-02 8.515449e+01 8.920335e+02
8.789062e-02 8.522510e+01 8.779555e+02
8.862305e-02 8.527659e+01 8.640256e+02
8.935547e-02 8.530927e+01 8.502450e+02
9.008789e-02 8.532347e+01 8.366153e+02
9.082031e-02 8.531953e+01 8.231379e+02
9.155273e-02 8.529782e+01 8.098143e+02
9.228516e-02 8.525871e+01 7.966457e+02
9.301758e-02 8.520260e+01 7.836334e+02
9.375000e-02 8.512990e+01 7.707787e+02
9.448242e-02 8.504103e+01 7.580828e+02
9.521484e-02 8.493642e+01 7.455466e+02
9.594727e-02 8.481652e+01 7.331712e+02
9.667969e-02 8.468178e+01 7.209575e+02
9.741211e-02 8.453266e+01 7.089062e+02
9.814453e-02 8.436963e+01 6.970181e+02
9.887695e-02 8.419317e+01 6.852939e+02
9.960938e-02 8.400375e+01 6.737339e+02
1.003418e-01 8.380186e+01 6.623386e+02
1.010742e-01 8.358800e+01 6.511083e+02
1.018066e-01 8.336264e+01 6.400433e+02
1.025391e-01 8.312628e+01 6.291436e+02
1.040039e-01 8.262253e+01 6.078401e+02
1.054688e-01 8.208071e+01 5.871967e+02
1.069336e-01 8.150472e+01 5.672109e+02
1.083984e-01 8.089844e+01 5.478785e+02
1.098633e-01 8.026571e+01 5.291941e+02
1.113281e-01 7.961025e+01 5.111511e+02
1.127930e-01 7.893573e+01 4.937416e+02
1.142578e-01 7.824570e+01 4.769566e+02
1.157227e-01 7.754361e+01 4.607861e+02
1.171875e-01 7.683277e+01 4.452194e+02
1.186523e-01 7.611637e+01 4.302447e+02
1.201172e-01 7.539743e+01 4.158497e+02
1.215820e-01 7.467888e+01 4.020214e+02
1.230469e-01 7.396346e+01 3.887462e+02
1.245117e-01 7.325378e+01 3.760103e+02
1.259766e-01 7.255227e+01 3.637991e+02
1.274414e-01 7.186125e+01 3.520982e+02
1.289062e-01 7.118284e+01 3.408925e+02
1.303711e-01 7.051903e+01 3.301671e+02
1.318359e-01 6.987164e+01 3.199068e+02
1.333008e-01 6.924236e+01 3.100963e+02
1.347656e-01 6.863271e+01 3.007205e+02
1.362305e-01 6.804407e+01 2.917641e+02
1.376953e-01 6.747767e+01 2.832122e+02
1.391602e-01 6.693462e+01 2.750496e+02
1.406250e-01 6.641586e+01 2.672618e+02
1.420898e-01 6.592223e+01 2.598340e+02
1.435547e-01 6.545443e+01 2.527519e+02
1.450195e-01 6.501302e+01 2.460014e+02
1.464844e-01 6.459847e+01 2.395685e+02
1.472168e-01 6.440138e+01 2.364670e+02
1.479492e-01 6.421112e+01 2.334399e+02
1.486816e-01 6.402772e+01 2.304854e+02
1.494141e-01 6.385120e+01 2.276021e+02
1.501465e-01 6.368157e+01 2.247882e+02
1.508789e-01 6.351883e+01 2.220422e+02
1.516113e-01 6.336300e+01 2.193626e+02
1.523438e-01 6.321406e+01 2.167477e+02
1.530762e-01 6.307200e+01 2.141961e+02
1.538086e-01 6.293681e+01 2.117063e+02
1.539917e-01 6.290409e+01 2.110933e+02
1.541748e-01 6.287179e+01 2.104840e+02
1.543579e-01 6.283992e+01 2.098785e+02
1.545410e-01 6.280847e+01 2.092767e+02
1.547241e-01 6.277745e+01 2.086785e+02
1.549072e-01 6.274686e+01 2.080840e+02
1.550903e-01 6.271669e+01 2.074932e+02
1.552734e-01 6.268695e+01 2.069059e+02
1.554565e-01 6.265763e+01 2.063223e+02
1.556396e-01 6.262873e+01 2.057422e+02
1.558228e-01 6.260026e+01 2.051656e+02
1.560059e-01 6.257221e+01 2.045926e+02
1.561890e-01 6.254458e+01 2.040230e+02
1.563721e-01 6.251738e+01 2.034569e+02
1.565552e-01 6.249060e+01 2.028943e+02
1.567383e-01 6.246423e+01 2.023352e+02
1.569214e-01 6.243829e+01 2.017794e+02
1.571045e-01 6.241276e+01 2.012270e+02
1.572876e-01 6.238766e+01 2.006780e+02
1.574707e-01 6.236297e+01 2.001324e+02
1.578369e-01 6.231484e+01 1.990510e+02
1.582031e-01 6.226837e+01 1.979828e+02
1.585693e-01 6.222356e+01 1.969276e+02
1.589355e-01 6.218040e+01 1.958852e+02
1.593018e-01 6.213887e+01 1.948554e+02
1.596680e-01 6.209898e+01 1.938380e+02
1.600342e-01 6.206072e+01 1.928330e+02
1.604004e-01 6.202408e+01 1.918402e+02
1.607666e-01 6.198904e+01 1.908593e+02
1.611328e-01 6.195562e+01 1.898903e+02
1.625977e-01 6.183776e+01 1.861295e+02
1.640625e-01 6.174485e+01 1.825460e+02
1.655273e-01 6.167626e+01 1.791302e+02
1.669922e-01 6.163133e+01 1.758731e+02
1.684570e-01 6.160935e+01 1.727661e+02
1.699219e-01 6.160955e+01 1.698008e+02
1.713867e-01 6.163117e+01 1.669691e+02
1.728516e-01 6.167336e+01 1.642635e+02
1.743164e-01 6.173530e+01 1.616766e+02
1.757812e-01 6.181611e+01 1.592013e+02
1.772461e-01 6.191491e+01 1.568310e+02
1.787109e-01 6.203077e+01 1.545593e+02
1.801758e-01 6.216279e+01 1.523799e+02
1.816406e-01 6.231003e+01 1.502872e+02
1.831055e-01 6.247156e+01 1.482756e+02
1.845703e-01 6.264642e+01 1.463399e+02
1.860352e-01 6.283368e+01 1.444750e+02
1.875000e-01 6.303239e+01 1.426761e+02
1.889648e-01 6.324160e+01 1.409389e+02
1.904297e-01 6.346039e+01 1.392591e+02
1.918945e-01 6.368781e+01 1.376326e+02
1.933594e-01 6.392295e+01 1.360556e+02
1.948242e-01 6.416490e+01 1.345246e+02
1.962891e-01 6.441276e+01 1.330362e+02
1.977539e-01 6.466564e+01 1.315872e+02
1.992188e-01 6.492267e+01 1.301746e+02
2.006836e-01 6.518301e+01 1.287955e+02
2.021484e-01 6.544582e+01 1.274475e+02
2.036133e-01 6.571029e+01 1.261279e+02
2.050781e-01 6.597561e+01 1.248346e+02
2.065430e-01 6.624102e+01 1.235652e+02
2.080078e-01 6.650577e+01 1.223179e+02
2.094727e-01 6.676911e+01 1.210908e+02
2.109375e-01 6.703036e+01 1.198820e+02
2.124023e-01 6.728881e+01 1.186901e+02
2.138672e-01 6.754382e+01 1.175134e+02
2.153320e-01 6.779475e+01 1.163507e+02
2.167969e-01 6.804099e+01 1.152006e+02
2.182617e-01 6.828194e+01 1.140620e+02
2.197266e-01 6.851706e+01 1.129337e+02
2.211914e-01 6.874581e+01 1.118149e+02
2.226562e-01 6.896767e+01 1.107047e+02
2.241211e-01 6.918215e+01 1.096021e+02
2.255859e-01 6.938881e+01 1.085064e+02
2.270508e-01 6.958720e+01 1.074171e+02
2.285156e-01 6.977691e+01 1.063335e+02
2.299805e-01 6.995756e+01 1.052550e+02
2.314453e-01 7.012877e+01 1.041813e+02
2.329102e-01 7.029023e+01 1.031118e+02
2.343750e-01 7.044160e+01 1.020462e+02
2.358398e-01 7.058260e+01 1.009842e+02
2.373047e-01 7.071296e+01 9.992554e+01
2.387695e-01 7.083243e+01 9.886999e+01
2.402344e-01 7.094080e+01 9.781735e+01
2.416992e-01 7.103785e+01 9.676749e+01
2.431641e-01 7.112341e+01 9.572028e+01
2.446289e-01 7.119732e+01 9.467564e+01
2.460938e-01 7.125944e+01 9.363352e+01
2.475586e-01 7.130964e+01 9.259390e+01
2.490234e-01 7.134783e+01 9.155677e+01
2.504883e-01 7.137393e+01 9.052216e+01
2.519531e-01 7.138787e+01 8.949011e+01
2.534180e-01 7.138960e+01 8.846068e+01
2.548828e-01 7.137909e+01 8.743394e+01
2.563477e-01 7.135634e+01 8.641000e+01
2.578125e-01 7.132134e+01 8.538896e+01
2.592773e-01 7.127412e+01 8.437093e+01
2.607422e-01 7.121470e+01 8.335606e+01
2.622070e-01 7.114313e+01 8.234448e+01
2.636719e-01 7.105948e+01 8.133633e+01
2.651367e-01 7.096382e+01 8.033178e+01
2.666016e-01 7.085624e+01 7.933099e+01
2.680664e-01 7.073683e+01 7.833412e+01
2.695312e-01 7.060571e+01 7.734135e+01
2.709961e-01 7.046300e+01 7.635284e+01
2.724609e-01 7.030883e+01 7.536878e+01
2.739258e-01 7.014334e+01 7.438935e+01
2.753906e-01 6.996669e+01 7.341472e+01
2.768555e-01 6.977903e+01 7.244507e+01
2.783203e-01 6.958054e+01 7.148059e+01
2.797852e-01 6.937139e+01 7.052144e+01
2.812500e-01 6.915176e+01 6.956781e+01
2.827148e-01 6.892186e+01 6.861987e+01
2.841797e-01 6.868187e+01 6.767779e+01
2.856445e-01 6.843200e+01 6.674174e+01
2.871094e-01 6.817246e+01 6.581189e+01
2.885742e-01 6.790347e+01 6.488840e+01
2.900391e-01 6.762525e+01 6.397142e+01
2.915039e-01 6.733802e+01 6.306112e+01
2.929688e-01 6.704200e+01 6.215764e+01
2.944336e-01 6.673744e+01 6.126113e+01
2.958984e-01 6.642457e+01 6.037172e+01
2.973633e-01 6.610363e+01 5.948956e+01
2.988281e-01 6.577485e+01 5.861477e+01
3.002930e-01 6.543848e+01 5.774748e+01
3.017578e-01 6.509477e+01 5.688781e+01
3.032227e-01 6.474396e+01 5.603587e+01
3.046875e-01 6.438631e+01 5.519178e+01
3.061523e-01 6.402206e+01 5.435564e+01
3.076172e-01 6.365145e+01 5.352754e+01
3.079834e-01 6.355784e+01 5.332178e+01
3.083496e-01 6.346385e+01 5.311654e+01
3.087158e-01 6.336949e+01 5.291180e+01
3.090820e-01 6.327475e+01 5.270758e+01
3.094482e-01 6.317966e+01 5.250387e+01
3.098145e-01 6.308420e+01 5.230068e+01
3.101807e-01 6.298838e+01 5.209801e+01
3.105469e-01 6.289221e+01 5.189585e+01
3.109131e-01 6.279569e+01 5.169421e+01
3.112793e-01 6.269882e+01 5.149310e+01
3.113708e-01 6.267455e+01 5.144290e+01
3.114624e-01 6.265026e+01 5.139274e+01
3.115540e-01 6.262594e+01 5.134260e+01
3.116455e-01 6.260161e+01 5.129250e+01
3.117371e-01 6.257725e+01 5.124244e+01
3.118286e-01 6.255288e+01 5.119240e+01
3.119202e-01 6.252848e+01 5.114240e+01
3.120117e-01 6.250406e+01 5.109243e+01
3.121033e-01 6.247962e+01 5.104250e+01
3.121948e-01 6.245516e+01 5.099259e+01
3.122864e-01 6.243068e+01 5.094272e+01
3.123779e-01 6.240618e+01 5.089288e+01
3.124695e-01 6.238166e+01 5.084308e+01
3.125610e-01 6.235712e+01 5.079331e+01
3.126526e-01 6.233256e+01 5.074357e+01
3.127441e-01 6.230797e+01 5.069386e+01
3.128357e-01 6.228337e+01 5.064419e+01
3.129272e-01 6.225875e+01 5.059455e+01
3.130188e-01 6.223410e+01 5.054495e+01
3.131104e-01 6.220944e+01 5.049537e+01
3.132935e-01 6.216005e+01 5.039632e+01
3.134766e-01 6.211058e+01 5.029741e+01
3.136597e-01 6.206103e+01 5.019862e+01
3.138428e-01 6.201141e+01 5.009997e+01
3.140259e-01 6.196170e+01 5.000145e+01
3.142090e-01 6.191191e+01 4.990306e+01
3.143921e-01 6.186205e+01 4.980480e+01
3.145752e-01 6.181211e+01 4.970668e+01
3.147583e-01 6.176210e+01 4.960869e+01
3.149414e-01 6.171200e+01 4.951083e+01
3.156738e-01 6.151088e+01 4.912074e+01
3.164062e-01 6.130857e+01 4.873278e+01
3.171387e-01 6.110511e+01 4.834697e+01
3.178711e-01 6.090053e+01 4.796331e+01
3.186035e-01 6.069486e+01 4.758180e+01
3.193359e-01 6.048813e+01 4.720247e+01
3.200684e-01 6.028037e+01 4.682530e+01
3.208008e-01 6.007162e+01 4.645031e+01
3.215332e-01 5.986189e+01 4.607750e+01
3.222656e-01 5.965124e+01 4.570688e+01
3.251953e-01 5.879983e+01 4.424637e+01
3.281250e-01 5.793584e+01 4.282119e+01
3.310547e-01 5.706111e+01 4.143152e+01
3.339844e-01 5.617750e+01 4.007746e+01
3.369141e-01 5.528677e+01 3.875905e+01
3.398438e-01 5.439066e+01 3.747623e+01
3.427734e-01 5.349087e+01 3.622892e+01
3.457031e-01 5.258900e+01 3.501696e+01
3.486328e-01 5.168663e+01 3.384012e+01
3.515625e-01 5.078528e+01 3.269813e+01
3.544922e-01 4.988639e+01 3.159067e+01
3.574219e-01 4.899134e+01 3.051738e+01
3.603516e-01 4.810147e+01 2.947784e+01
3.632812e-01 4.721804e+01 2.847162e+01
3.662109e-01 4.634224e+01 2.749822e+01
3.691406e-01 4.547520e+01 2.655713e+01
3.720703e-01 4.461800e+01 2.564781e+01
3.750000e-01 4.377164e+01 2.476968e+01
3.779297e-01 4.293707e+01 2.392217e+01
3.808594e-01 4.211517e+01 2.310465e+01
3.823242e-01 4.170922e+01 2.270694e+01
3.837891e-01 4.130675e+01 2.231649e+01
3.852539e-01 4.090784e+01 2.193323e+01
3.867188e-01 4.051258e+01 2.155706e+01
3.881836e-01 4.012105e+01 2.118791e+01
3.896484e-01 3.973334e+01 2.082569e+01
3.911133e-01 3.934954e+01 2.047032e+01
3.925781e-01 3.896970e+01 2.012171e+01
3.940430e-01 3.859390e+01 1.977979e+01
3.955078e-01 3.822222e+01 1.944446e+01
3.969727e-01 3.785471e+01 1.911564e+01
3.984375e-01 3.749143e+01 1.879324e+01
3.999023e-01 3.713245e+01 1.847719e+01
4.013672e-01 3.677782e+01 1.816738e+01
4.028320e-01 3.642758e+01 1.786374e+01
4.042969e-01 3.608179e+01 1.756618e+01
4.057617e-01 3.574049e+01 1.727462e+01
4.072266e-01 3.540372e+01 1.698896e+01
4.086914e-01 3.507153e+01 1.670913e+01
4.101562e-01 3.474394e+01 1.643503e+01
4.130859e-01 3.410270e+01 1.590370e+01
4.160156e-01 3.348024e+01 1.539428e+01
4.189453e-01 3.287675e+01 1.490611e+01
4.218750e-01 3.229236e+01 1.443851e+01
4.248047e-01 3.172717e+01 1.399081e+01
4.277344e-01 3.118124e+01 1.356236e+01
4.306641e-01 3.065459e+01 1.315250e+01
4.335938e-01 3.014722e+01 1.276061e+01
4.365234e-01 2.965908e+01 1.238604e+01
4.394531e-01 2.919009e+01 1.202819e+01
4.423828e-01 2.874014e+01 1.168645e+01
4.453125e-01 2.830911e+01 1.136021e+01
4.482422e-01 2.789682e+01 1.104891e+01
4.511719e-01 2.750309e+01 1.075196e+01
4.541016e-01 2.712772e+01 1.046881e+01
4.570312e-01 2.677046e+01 1.019892e+01
4.599609e-01 2.643107e+01 9.941755e+00
4.628906e-01 2.610929e+01 9.696798e+00
4.658203e-01 2.580480e+01 9.463545e+00
4.687500e-01 2.551733e+01 9.241507e+00
4.716797e-01 2.524652e+01 9.030200e+00
4.746094e-01 2.499207e+01 8.829166e+00
4.775391e-01 2.475361e+01 8.637953e+00
4.804688e-01 2.453079e+01 8.456126e+00
4.833984e-01 2.432326e+01 8.283261e+00
4.863281e-01 2.413062e+01 8.118949e+00
4.892578e-01 2.395250e+01 7.962792e+00
4.921875e-01 2.378850e+01 7.814408e+00
4.951172e-01 2.363824e+01 7.673425e+00
4.980469e-01 2.350131e+01 7.539486e+00
5.009766e-01 2.337731e+01 7.412245e+00
5.039062e-01 2.326583e+01 7.291370e+00
5.068359e-01 2.316646e+01 7.176538e+00
5.097656e-01 2.307880e+01 7.067441e+00
5.126953e-01 2.300243e+01 6.963781e+00
5.156250e-01 2.293694e+01 6.865272e+00
5.185547e-01 2.288193e+01 6.771637e+00
5.214844e-01 2.283699e+01 6.682614e+00
5.244141e-01 2.280170e+01 6.597947e+00
5.273438e-01 2.277568e+01 6.517393e+00
5.302734e-01 2.275852e+01 6.440719e+00
5.332031e-01 2.274981e+01 6.367700e+00
5.361328e-01 2.274918e+01 6.298123e+00
5.390625e-01 2.275624e+01 6.231783e+00
5.419922e-01 2.277059e+01 6.168483e+00
5.449219e-01 2.279187e+01 6.108036e+00
5.478516e-01 2.281970e+01 6.050263e+00
5.507812e-01 2.285372e+01 5.994993e+00
5.537109e-01 2.289356e+01 5.942064e+00
5.566406e-01 2.293888e+01 5.891320e+00
5.595703e-01 2.298933e+01 5.842613e+00
5.625000e-01 2.304457e+01 5.795804e+00
5.654297e-01 2.310427e+01 5.750758e+00
5.683594e-01 2.316809e+01 5.707348e+00
5.712891e-01 2.323574e+01 5.665455e+00
5.742188e-01 2.330688e+01 5.624962e+00
5.771484e-01 2.338123e+01 5.585763e+00
5.800781e-01 2.345849e+01 5.547755e+00
5.830078e-01 2.353837e+01 5.510840e+00
5.859375e-01 2.362059e+01 5.474927e+00
5.888672e-01 2.370488e+01 5.439929e+00
5.917969e-01 2.379098e+01 5.405765e+00
5.947266e-01 2.387863e+01 5.372357e+00
5.976562e-01 2.396759e+01 5.339634e+00
6.005859e-01 2.405761e+01 5.307527e+00
6.035156e-01 2.414846e+01 5.275972e+00
6.064453e-01 2.423992e+01 5.244910e+00
6.093750e-01 2.433178e+01 5.214284e+00
6.123047e-01 2.442382e+01 5.184042e+00
6.152344e-01 2.451584e+01 5.154135e+00
6.166992e-01 2.456179e+01 5.139292e+00
6.181641e-01 2.460766e+01 5.124516e+00
6.196289e-01 2.465343e+01 5.109802e+00
6.210938e-01 2.469908e+01 5.095145e+00
6.225586e-01 2.474458e+01 5.080539e+00
6.240234e-01 2.478993e+01 5.065981e+00
6.254883e-01 2.483508e+01 5.051465e+00
6.269531e-01 2.488003e+01 5.036988e+00
6.284180e-01 2.492475e+01 5.022544e+00
6.298828e-01 2.496923e+01 5.008131e+00
6.313477e-01 2.501344e+01 4.993745e+00
6.328125e-01 2.505736e+01 4.979381e+00
6.342773e-01 2.510098e+01 4.965036e+00
6.357422e-01 2.514428e+01 4.950708e+00
6.372070e-01 2.518724e+01 4.936392e+00
6.386719e-01 2.522984e+01 4.922085e+00
6.401367e-01 2.527207e+01 4.907785e+00
6.416016e-01 2.531392e+01 4.893489e+00
6.430664e-01 2.535535e+01 4.879195e+00
6.445312e-01 2.539637e+01 4.864899e+00
6.503906e-01 2.555592e+01 4.807654e+00
6.562500e-01 2.570761e+01 4.750214e+00
6.621094e-01 2.585061e+01 4.692470e+00
6.679688e-01 2.598423e+01 4.634338e+00
6.738281e-01 2.610783e+01 4.575753e+00
6.796875e-01 2.622087e+01 4.516674e+00
6.855469e-01 2.632291e+01 4.457072e+00
6.914062e-01 2.641355e+01 4.396938e+00
6.972656e-01 2.649249e+01 4.336270e+00
7.031250e-01 2.655948e+01 4.275084e+00
7.089844e-01 2.661434e+01 4.213399e+00
7.148438e-01 2.665696e+01 4.151247e+00
7.207031e-01 2.668726e+01 4.088663e+00
7.265625e-01 2.670523e+01 4.025692e+00
7.324219e-01 2.671090e+01 3.962379e+00
7.382812e-01 2.670434e+01 3.898776e+00
7.441406e-01 2.668566e+01 3.834936e+00
7.500000e-01 2.665502e+01 3.770914e+00
7.558594e-01 2.661259e+01 3.706766e+00
7.617188e-01 2.655858e+01 3.642551e+00
7.646484e-01 2.652730e+01 3.610436e+00
7.675781e-01 2.649323e+01 3.578325e+00
7.705078e-01 2.645638e+01 3.546226e+00
7.734375e-01 2.641679e+01 3.514146e+00
7.763672e-01 2.637451e+01 3.482092e+00
7.792969e-01 2.632957e+01 3.450071e+00
7.822266e-01 2.628200e+01 3.418089e+00
7.851562e-01 2.623184e+01 3.386154e+00
7.880859e-01 2.617914e+01 3.354272e+00
7.910156e-01 2.612393e+01 3.322450e+00
7.939453e-01 2.606626e+01 3.290695e+00
7.968750e-01 2.600616e+01 3.259012e+00
7.998047e-01 2.594369e+01 3.227409e+00
8.027344e-01 2.587888e+01 3.195891e+00
8.056641e-01 2.581179e+01 3.164464e+00
8.085938e-01 2.574244e+01 3.133135e+00
8.115234e-01 2.567090e+01 3.101909e+00
8.144531e-01 2.559719e+01 3.070791e+00
8.173828e-01 2.552138e+01 3.039788e+00
8.203125e-01 2.544351e+01 3.008905e+00
8.261719e-01 2.528175e+01 2.947518e+00
8.320312e-01 2.511229e+01 2.886670e+00
8.378906e-01 2.493550e+01 2.826399e+00
8.437500e-01 2.475175e+01 2.766741e+00
8.496094e-01 2.456142e+01 2.707728e+00
8.554688e-01 2.436489e+01 2.649392e+00
8.613281e-01 2.416250e+01 2.591760e+00
8.671875e-01 2.395463e+01 2.534858e+00
8.730469e-01 2.374165e+01 2.478711e+00
8.789062e-01 2.352389e+01 2.423339e+00
8.847656e-01 2.330171e+01 2.368762e+00
8.906250e-01 2.307545e+01 2.314998e+00
8.964844e-01 2.284544e+01 2.262061e+00
9.023438e-01 2.261202e+01 2.209965e+00
9.082031e-01 2.237550e+01 2.158722e+00
9.140625e-01 2.213618e+01 2.108342e+00
9.199219e-01 2.189438e+01 2.058832e+00
9.257812e-01 2.165038e+01 2.010198e+00
9.316406e-01 2.140448e+01 1.962447e+00
9.375000e-01 2.115694e+01 1.915580e+00
9.492188e-01 2.065801e+01 1.824509e+00
9.609375e-01 2.015563e+01 1.736986e+00
9.726562e-01 1.965167e+01 1.652992e+00
9.843750e-01 1.914785e+01 1.572494e+00
9.960938e-01 1.864576e+01 1.495443e+00
1.007812e+00 1.814685e+01 1.421778e+00
1.019531e+00 1.765241e+01 1.351429e+00
1.031250e+00 1.716363e+01 1.284315e+00
1.042969e+00 1.668156e+01 1.220349e+00
1.054688e+00 1.620711e+01 1.159440e+00
1.066406e+00 1.574112e+01 1.101490e+00
1.078125e+00 1.528429e+01 1.046399e+00
1.089844e+00 1.483724e+01 9.940647e-01
1.101562e+00 1.440047e+01 9.443837e-01
1.113281e+00 1.397443e+01 8.972517e-01
1.125000e+00 1.355945e+01 8.525645e-01
1.136719e+00 1.315583e+01 8.102186e-01
1.148438e+00 1.276375e+01 7.701119e-01
1.160156e+00 1.238338e+01 7.321438e-01
1.171875e+00 1.201479e+01 6.962158e-01
1.177734e+00 1.183493e+01 6.789867e-01
1.183594e+00 1.165803e+01 6.622317e-01
1.189453e+00 1.148408e+01 6.459392e-01
1.195312e+00 1.131308e+01 6.300977e-01
1.201172e+00 1.114501e+01 6.146960e-01
1.207031e+00 1.097988e+01 5.997230e-01
1.212891e+00 1.081767e+01 5.851678e-01
1.218750e+00 1.065835e+01 5.710195e-01
1.224609e+00 1.050193e+01 5.572678e-01
1.230469e+00 1.034837e+01 5.439022e-01
1.231934e+00 1.031042e+01 5.406200e-01
1.233398e+00 1.027266e+01 5.373611e-01
1.234863e+00 1.023507e+01 5.341253e-01
1.236328e+00 1.019766e+01 5.309126e-01
1.237793e+00 1.016042e+01 5.277228e-01
1.239258e+00 1.012336e+01 5.245557e-01
1.240723e+00 1.008648e+01 5.214112e-01
1.242188e+00 1.004977e+01 5.182891e-01
1.243652e+00 1.001324e+01 5.151893e-01
1.245117e+00 9.976883e+00 5.121115e-01
1.246582e+00 9.940700e+00 5.090558e-01
1.248047e+00 9.904691e+00 5.060219e-01
1.249512e+00 9.868856e+00 5.030096e-01
1.250977e+00 9.833194e+00 5.000189e-01
1.252441e+00 9.797704e+00 4.970495e-01
1.253906e+00 9.762387e+00 4.941013e-01
1.255371e+00 9.727242e+00 4.911743e-01
1.256836e+00 9.692269e+00 4.882681e-01
1.258301e+00 9.657466e+00 4.853828e-01
1.259766e+00 9.622835e+00 4.825182e-01
1.262695e+00 9.554082e+00 4.768502e-01
1.265625e+00 9.486007e+00 4.712632e-01
1.268555e+00 9.418606e+00 4.657559e-01
1.271484e+00 9.351876e+00 4.603274e-01
1.274414e+00 9.285812e+00 4.549764e-01
1.277344e+00 9.220411e+00 4.497020e-01
1.280273e+00 9.155669e+00 4.445031e-01
1.283203e+00 9.091583e+00 4.393785e-01
1.286133e+00 9.028147e+00 4.343273e-01
1.289062e+00 8.965359e+00 4.293484e-01
1.300781e+00 8.720599e+00 4.101360e-01
1.312500e+00 8.485864e+00 3.920014e-01
1.324219e+00 8.260881e+00 3.748841e-01
1.335938e+00 8.045367e+00 3.587267e-01
1.347656e+00 7.839036e+00 3.434745e-01
1.359375e+00 7.641596e+00 3.290756e-01
1.371094e+00 7.452753e+00 3.154805e-01
1.382812e+00 7.272213e+00 3.026426e-01
1.394531e+00 7.099680e+00 2.905176e-01
1.406250e+00 6.934862e+00 2.790634e-01
1.417969e+00 6.777467e+00 2.682404e-01
1.429688e+00 6.627208e+00 2.580112e-01
1.441406e+00 6.483800e+00 2.483402e-01
1.453125e+00 6.346965e+00 2.391940e-01
1.464844e+00 6.216426e+00 2.305411e-01
1.476562e+00 6.091915e+00 2.223516e-01
1.488281e+00 5.973170e+00 2.145977e-01
1.500000e+00 5.859934e+00 2.072528e-01
1.511719e+00 5.751957e+00 2.002921e-01
1.523438e+00 5.648996e+00 1.936922e-01
1.529297e+00 5.599322e+00 1.905206e-01
1.535156e+00 5.550813e+00 1.874311e-01
1.541016e+00 5.503443e+00 1.844211e-01
1.546875e+00 5.457182e+00 1.814881e-01
1.552734e+00 5.412003e+00 1.786298e-01
1.558594e+00 5.367879e+00 1.758438e-01
1.564453e+00 5.324783e+00 1.731278e-01
1.570312e+00 5.282690e+00 1.704798e-01
1.576172e+00 5.241573e+00 1.678977e-01
1.582031e+00 5.201408e+00 1.653792e-01
1.587891e+00 5.162169e+00 1.629225e-01
1.593750e+00 5.123833e+00 1.605257e-01
1.599609e+00 5.086375e+00 1.581869e-01
1.605469e+00 5.049772e+00 1.559043e-01
1.611328e+00 5.014002e+00 1.536762e-01
1.617188e+00 4.979041e+00 1.515009e-01
1.623047e+00 4.944868e+00 1.493766e-01
1.628906e+00 4.911461e+00 1.473020e-01
1.634766e+00 4.878798e+00 1.452754e-01
1.640625e+00 4.846859e+00 1.432953e-01
1.664062e+00 4.725945e+00 1.358124e-01
1.687500e+00 4.615064e+00 1.289675e-01
1.710938e+00 4.513086e+00 1.226861e-01
1.734375e+00 4.418980e+00 1.169031e-01
1.757812e+00 4.331807e+00 1.115614e-01
1.781250e+00 4.250718e+00 1.066112e-01
1.804688e+00 4.174946e+00 1.020086e-01
1.828125e+00 4.103799e+00 9.771572e-02
1.851562e+00 4.036658e+00 9.369908e-02
1.875000e+00 3.972968e+00 8.992961e-02
1.921875e+00 3.854028e+00 8.303376e-02
1.968750e+00 3.743671e+00 7.686111e-02
2.015625e+00 3.639337e+00 7.128413e-02
2.062500e+00 3.539082e+00 6.620531e-02
2.109375e+00 3.441467e+00 6.154973e-02
2.156250e+00 3.345458e+00 5.725949e-02
2.203125e+00 3.250345e+00 5.328946e-02
2.250000e+00 3.155675e+00 4.960408e-02
2.296875e+00 3.061192e+00 4.617490e-02
2.343750e+00 2.966788e+00 4.297878e-02
2.355469e+00 2.943198e+00 4.221385e-02
2.367188e+00 2.919614e+00 4.146200e-02
2.378906e+00 2.896037e+00 4.072299e-02
2.390625e+00 2.872469e+00 3.999656e-02
2.402344e+00 2.848912e+00 3.928247e-02
2.414062e+00 2.825366e+00 3.858050e-02
2.425781e+00 2.801835e+00 3.789042e-02
2.437500e+00 2.778321e+00 3.721202e-02
2.449219e+00 2.754826e+00 3.654510e-02
2.460938e+00 2.731353e+00 3.588945e-02
2.466797e+00 2.719626e+00 3.556579e-02
2.472656e+00 2.707905e+00 3.524488e-02
2.478516e+00 2.696191e+00 3.492669e-02
2.484375e+00 2.684484e+00 3.461120e-02
2.490234e+00 2.672784e+00 3.429838e-02
2.496094e+00 2.661093e+00 3.398822e-02
2.501953e+00 2.649410e+00 3.368069e-02
2.507812e+00 2.637736e+00 3.337577e-02
2.513672e+00 2.626071e+00 3.307344e-02
2.519531e+00 2.614415e+00 3.277368e-02
2.525391e+00 2.602770e+00 3.247646e-02
2.531250e+00 2.591134e+00 3.218177e-02
2.537109e+00 2.579509e+00 3.188958e-02
2.542969e+00 2.567896e+00 3.159988e-02
2.548828e+00 2.556293e+00 3.131264e-02
2.554688e+00 2.544703e+00 3.102785e-02
2.560547e+00 2.533125e+00 3.074548e-02
2.566406e+00 2.521559e+00 3.046551e-02
2.572266e+00 2.510007e+00 3.018794e-02
2.578125e+00 2.498468e+00 2.991273e-02
2.601562e+00 2.452455e+00 2.883518e-02
2.625000e+00 2.406690e+00 2.779404e-02
2.648438e+00 2.361197e+00 2.678816e-02
2.671875e+00 2.316003e+00 2.581647e-02
2.695312e+00 2.271130e+00 2.487791e-02
2.718750e+00 2.226603e+00 2.397146e-02
2.742188e+00 2.182444e+00 2.309612e-02
2.765625e+00 2.138675e+00 2.225094e-02
2.789062e+00 2.095316e+00 2.143498e-02
2.812500e+00 2.052386e+00 2.064734e-02
2.859375e+00 1.967889e+00 1.915352e-02
2.906250e+00 1.885316e+00 1.776268e-02
2.953125e+00 1.804782e+00 1.646839e-02
3.000000e+00 1.726382e+00 1.526457e-02
3.046875e+00 1.650194e+00 1.414542e-02
3.093750e+00 1.576279e+00 1.310548e-02
3.140625e+00 1.504682e+00 1.213955e-02
3.187500e+00 1.435433e+00 1.124275e-02
3.234375e+00 1.368549e+00 1.041045e-02
3.281250e+00 1.304033e+00 9.638289e-03
3.328125e+00 1.241879e+00 8.922161e-03
3.375000e+00 1.182070e+00 8.258207e-03
3.421875e+00 1.124581e+00 7.642805e-03
3.468750e+00 1.069380e+00 7.072554e-03
3.515625e+00 1.016427e+00 6.544271e-03
3.562500e+00 9.656773e-01 6.054976e-03
3.609375e+00 9.170814e-01 5.601883e-03
3.656250e+00 8.705862e-01 5.182391e-03
3.703125e+00 8.261354e-01 4.794073e-03
3.750000e+00 7.836703e-01 4.434667e-03
3.796875e+00 7.431300e-01 4.102063e-03
3.843750e+00 7.044532e-01 3.794303e-03
3.890625e+00 6.675770e-01 3.509561e-03
3.937500e+00 6.324381e-01 3.246139e-03
3.984375e+00 5.989735e-01 3.002461e-03
4.031250e+00 5.671202e-01 2.777063e-03
4.078125e+00 5.368161e-01 2.568589e-03
4.125000e+00 5.079996e-01 2.375777e-03
4.171875e+00 4.806103e-01 2.197458e-03
4.218750e+00 4.545888e-01 2.032550e-03
4.265625e+00 4.298770e-01 1.880048e-03
4.312500e+00 4.064184e-01 1.739023e-03
4.359375e+00 3.841577e-01 1.608612e-03
4.406250e+00 3.630414e-01 1.488017e-03
4.453125e+00 3.430175e-01 1.376501e-03
4.500000e+00 3.240358e-01 1.273380e-03
4.546875e+00 3.060478e-01 1.178022e-03
4.593750e+00 2.890064e-01 1.089840e-03
4.640625e+00 2.728667e-01 1.008295e-03
4.687500e+00 2.575852e-01 9.328858e-04
4.710938e+00 2.502531e-01 8.973358e-04
4.734375e+00 2.431201e-01 8.631488e-04
4.757812e+00 2.361811e-01 8.302725e-04
4.781250e+00 2.294314e-01 7.986564e-04
4.804688e+00 2.228660e-01 7.682520e-04
4.828125e+00 2.164805e-01 7.390127e-04
4.851562e+00 2.102702e-01 7.108936e-04
4.875000e+00 2.042307e-01 6.838516e-04
4.898438e+00 1.983576e-01 6.578452e-04
4.921875e+00 1.926466e-01 6.328346e-04
4.945312e+00 1.870935e-01 6.087814e-04
4.968750e+00 1.816943e-01 5.856488e-04
4.992188e+00 1.764450e-01 5.634012e-04
5.015625e+00 1.713417e-01 5.420047e-04
5.039062e+00 1.663806e-01 5.214267e-04
5.062500e+00 1.615579e-01 5.016356e-04
5.085938e+00 1.568701e-01 4.826011e-04
5.109375e+00 1.523136e-01 4.642942e-04
5.132812e+00 1.478849e-01 4.466869e-04
5.156250e+00 1.435806e-01 4.297522e-04
5.203125e+00 1.353322e-01 3.977983e-04
5.250000e+00 1.275429e-01 3.682374e-04
5.296875e+00 1.201884e-01 3.408891e-04
5.343750e+00 1.132455e-01 3.155868e-04
5.390625e+00 1.066923e-01 2.921764e-04
5.437500e+00 1.005080e-01 2.705154e-04
5.484375e+00 9.467250e-02 2.504723e-04
5.531250e+00 8.916708e-02 2.319253e-04
5.578125e+00 8.397379e-02 2.147620e-04
5.625000e+00 7.907560e-02 1.988784e-04
5.718750e+00 7.010076e-02 1.705731e-04
5.812500e+00 6.212311e-02 1.463246e-04
5.906250e+00 5.503531e-02 1.255475e-04
6.000000e+00 4.874099e-02 1.077412e-04
6.093750e+00 4.315376e-02 9.247824e-05
6.187500e+00 3.819622e-02 7.939262e-05
6.281250e+00 3.379912e-02 6.817159e-05
6.375000e+00 2.990055e-02 5.854757e-05
6.468750e+00 2.644520e-02 5.029168e-05
6.562500e+00 2.338370e-02 4.320806e-05
6.656250e+00 2.067204e-02 3.712908e-05
6.750000e+00 1.827096e-02 3.191126e-05
6.843750e+00 1.614551e-02 2.743176e-05
6.937500e+00 1.426456e-02 2.358537e-05
7.031250e+00 1.260043e-02 2.028199e-05
7.125000e+00 1.112850e-02 1.744444e-05
7.218750e+00 9.826865e-03 1.500656e-05
7.312500e+00 8.676095e-03 1.291168e-05
7.406250e+00 7.658920e-03 1.111120e-05
7.500000e+00 6.760012e-03 9.563461e-06
7.687500e+00 5.264178e-03 7.088436e-06
7.875000e+00 4.097279e-03 5.257564e-06
8.062500e+00 3.187591e-03 3.902234e-06
8.250000e+00 2.478851e-03 2.898228e-06
8.437500e+00 1.926975e-03 2.153965e-06
8.625000e+00 1.497460e-03 1.601870e-06
8.812500e+00 1.163329e-03 1.192049e-06
9.000000e+00 9.035054e-04 8.876380e-07
9.187500e+00 7.015402e-04 6.613754e-07
9.375000e+00 5.446017e-04 4.930904e-07
9.562500e+00 4.226885e-04 3.678474e-07
9.750000e+00 3.280094e-04 2.745789e-07
9.937500e+00 2.544984e-04 2.050789e-07
1.012500e+01 1.974353e-04 1.532586e-07
1.031250e+01 1.531483e-04 1.145973e-07
1.050000e+01 1.187831e-04 8.573660e-08
1.068750e+01 9.212096e-05 6.417950e-08
1.087500e+01 7.143796e-05 4.806851e-08
1.106250e+01 5.539498e-05 3.602085e-08
1.125000e+01 4.295235e-05 2.700673e-08
1.162500e+01 2.582038e-05 1.520432e-08
1.200000e+01 1.552032e-05 8.576859e-09
1.237500e+01 9.328495e-06 4.847428e-09
1.275000e+01 5.606665e-06 2.744571e-09
1.312500e+01 3.370213e-06 1.556857e-09
1.350000e+01 2.026173e-06 8.847061e-10
1.387500e+01 1.218087e-06 5.035033e-10
1.425000e+01 7.326536e-07 2.871171e-10
1.462500e+01 4.410234e-07 1.640817e-10
1.500000e+01 2.654694e-07 9.389058e-11
1.575000e+01 9.651651e-08 3.096212e-11
1.650000e+01 3.558106e-08 1.040019e-11
1.725000e+01 1.347102e-08 3.602569e-12
1.800000e+01 5.373171e-09 1.319702e-12
1.875000e+01 2.567140e-09 5.810816e-13
1.950000e+01 1.571740e-09 3.289286e-13
2.025000e+01 1.112280e-09 2.158510e-13
2.100000e+01 1.041613e-09 1.879567e-13
2.175000e+01 1.091702e-09 1.836436e-13
2.250000e+01 1.076454e-09 1.692079e-13
2.325000e+01 1.125165e-09 1.656381e-13
2.400000e+01 1.162255e-09 1.605717e-13
2.475000e+01 1.159131e-09 1.505817e-13
2.550000e+01 1.090210e-09 1.334197e-13
2.625000e+01 9.429399e-10 1.088969e-13
2.700000e+01 7.263790e-10 7.929136e-14
2.775000e+01 4.733092e-10 4.891129e-14
2.850000e+01 2.339417e-10 2.291965e-14
2.925000e+01 6.236848e-11 5.801009e-15
3.000000e+01 0.000000e+00 0.000000e+00
