# 
# Output from RAtom program.
# 
# Total radial electron density.
# The first column contains radius $r$ in bohr units.
# The second column holds $\rho(r)$.
# The third column holds $\tilde{\rho}(r) = \rho(r) / (\pi * r * r)$
# 
# Use this file with gnuplot to create the plot.
# 
# R     Rho     RhoTilde
#
0.000000e+00 0.000000e+00 4.257560e+05
1.678467e-04 1.465379e-01 4.139184e+05
3.356934e-04 5.698551e-01 4.024103e+05
5.035400e-04 1.246528e+00 3.912228e+05
6.713867e-04 2.154446e+00 3.803472e+05
8.392334e-04 3.272749e+00 3.697748e+05
1.007080e-03 4.581772e+00 3.594973e+05
1.174927e-03 6.062991e+00 3.495067e+05
1.342773e-03 7.698965e+00 3.397950e+05
1.510620e-03 9.473289e+00 3.303546e+05
1.678467e-03 1.137054e+01 3.211781e+05
1.846313e-03 1.337625e+01 3.122581e+05
2.014160e-03 1.547683e+01 3.035877e+05
2.182007e-03 1.765955e+01 2.951600e+05
2.349854e-03 1.991248e+01 2.869682e+05
2.517700e-03 2.222447e+01 2.790059e+05
2.685547e-03 2.458510e+01 2.712668e+05
2.853394e-03 2.698467e+01 2.637448e+05
3.021240e-03 2.941409e+01 2.564337e+05
3.189087e-03 3.186496e+01 2.493279e+05
3.356934e-03 3.432943e+01 2.424216e+05
3.524780e-03 3.680025e+01 2.357094e+05
3.692627e-03 3.927068e+01 2.291858e+05
3.860474e-03 4.173452e+01 2.228458e+05
4.028320e-03 4.418602e+01 2.166841e+05
4.196167e-03 4.661992e+01 2.106959e+05
4.364014e-03 4.903138e+01 2.048764e+05
4.531860e-03 5.141596e+01 1.992210e+05
4.699707e-03 5.376963e+01 1.937250e+05
4.867554e-03 5.608871e+01 1.883840e+05
5.035400e-03 5.836989e+01 1.831939e+05
5.203247e-03 6.061015e+01 1.781503e+05
5.371094e-03 6.280682e+01 1.732493e+05
5.538940e-03 6.495748e+01 1.684868e+05
5.706787e-03 6.706003e+01 1.638591e+05
5.874634e-03 6.911260e+01 1.593624e+05
6.042480e-03 7.111357e+01 1.549930e+05
6.210327e-03 7.306154e+01 1.507475e+05
6.378174e-03 7.495534e+01 1.466223e+05
6.546021e-03 7.679399e+01 1.426142e+05
6.713867e-03 7.857671e+01 1.387198e+05
6.881714e-03 8.030288e+01 1.349361e+05
7.049561e-03 8.197207e+01 1.312599e+05
7.217407e-03 8.358399e+01 1.276882e+05
7.385254e-03 8.513848e+01 1.242182e+05
7.553101e-03 8.663554e+01 1.208469e+05
7.720947e-03 8.807528e+01 1.175717e+05
7.888794e-03 8.945793e+01 1.143899e+05
8.056641e-03 9.078382e+01 1.112988e+05
8.224487e-03 9.205340e+01 1.082960e+05
8.392334e-03 9.326719e+01 1.053789e+05
8.560181e-03 9.442580e+01 1.025451e+05
8.728027e-03 9.552993e+01 9.979239e+04
8.895874e-03 9.658033e+01 9.711841e+04
9.063721e-03 9.757783e+01 9.452099e+04
9.231567e-03 9.852332e+01 9.199798e+04
9.399414e-03 9.941773e+01 8.954728e+04
9.567261e-03 1.002620e+02 8.716687e+04
9.735107e-03 1.010573e+02 8.485478e+04
9.902954e-03 1.018046e+02 8.260909e+04
1.007080e-02 1.025049e+02 8.042792e+04
1.023865e-02 1.031595e+02 7.830948e+04
1.040649e-02 1.037695e+02 7.625198e+04
1.057434e-02 1.043361e+02 7.425372e+04
1.074219e-02 1.048605e+02 7.231302e+04
1.091003e-02 1.053438e+02 7.042827e+04
1.107788e-02 1.057874e+02 6.859788e+04
1.124573e-02 1.061924e+02 6.682032e+04
1.141357e-02 1.065601e+02 6.509409e+04
1.158142e-02 1.068918e+02 6.341775e+04
1.174927e-02 1.071886e+02 6.178987e+04
1.191711e-02 1.074519e+02 6.020910e+04
1.208496e-02 1.076829e+02 5.867409e+04
1.225281e-02 1.078828e+02 5.718354e+04
1.242065e-02 1.080528e+02 5.573620e+04
1.258850e-02 1.081943e+02 5.433084e+04
1.275635e-02 1.083083e+02 5.296625e+04
1.292419e-02 1.083962e+02 5.164129e+04
1.309204e-02 1.084590e+02 5.035482e+04
1.325989e-02 1.084980e+02 4.910575e+04
1.342773e-02 1.085144e+02 4.789300e+04
1.376343e-02 1.084838e+02 4.557238e+04
1.409912e-02 1.083761e+02 4.338499e+04
1.443481e-02 1.082000e+02 4.132331e+04
1.477051e-02 1.079640e+02 3.938023e+04
1.510620e-02 1.076760e+02 3.754902e+04
1.544189e-02 1.073438e+02 3.582334e+04
1.577759e-02 1.069747e+02 3.419716e+04
1.611328e-02 1.065757e+02 3.266482e+04
1.644897e-02 1.061533e+02 3.122094e+04
1.678467e-02 1.057139e+02 2.986047e+04
1.695251e-02 1.054896e+02 2.921001e+04
1.712036e-02 1.052633e+02 2.857861e+04
1.728821e-02 1.050355e+02 2.796574e+04
1.745605e-02 1.048070e+02 2.737084e+04
1.762390e-02 1.045783e+02 2.679339e+04
1.779175e-02 1.043501e+02 2.623288e+04
1.795959e-02 1.041230e+02 2.568880e+04
1.812744e-02 1.038976e+02 2.516068e+04
1.829529e-02 1.036743e+02 2.464805e+04
1.846313e-02 1.034537e+02 2.415045e+04
1.863098e-02 1.032363e+02 2.366743e+04
1.879883e-02 1.030226e+02 2.319856e+04
1.896667e-02 1.028131e+02 2.274343e+04
1.913452e-02 1.026081e+02 2.230163e+04
1.930237e-02 1.024082e+02 2.187276e+04
1.947021e-02 1.022136e+02 2.145643e+04
1.963806e-02 1.020249e+02 2.105228e+04
1.980591e-02 1.018423e+02 2.065994e+04
1.997375e-02 1.016663e+02 2.027905e+04
2.014160e-02 1.014970e+02 1.990928e+04
2.047729e-02 1.011803e+02 1.920175e+04
2.081299e-02 1.008943e+02 1.853480e+04
2.114868e-02 1.006412e+02 1.790602e+04
2.148438e-02 1.004226e+02 1.731314e+04
2.182007e-02 1.002400e+02 1.675402e+04
2.215576e-02 1.000947e+02 1.622662e+04
2.249146e-02 9.998782e+01 1.572904e+04
2.282715e-02 9.992008e+01 1.525947e+04
2.316284e-02 9.989215e+01 1.481623e+04
2.349854e-02 9.990448e+01 1.439771e+04
2.383423e-02 9.995732e+01 1.400240e+04
2.416992e-02 1.000508e+02 1.362888e+04
2.450562e-02 1.001848e+02 1.327581e+04
2.484131e-02 1.003593e+02 1.294192e+04
2.517700e-02 1.005737e+02 1.262602e+04
2.551270e-02 1.008278e+02 1.232701e+04
2.584839e-02 1.011208e+02 1.204381e+04
2.618408e-02 1.014522e+02 1.177544e+04
2.651978e-02 1.018212e+02 1.152096e+04
2.685547e-02 1.022268e+02 1.127949e+04
2.719116e-02 1.026681e+02 1.105020e+04
2.752686e-02 1.031442e+02 1.083233e+04
2.786255e-02 1.036539e+02 1.062513e+04
2.819824e-02 1.041960e+02 1.042791e+04
2.853394e-02 1.047694e+02 1.024003e+04
2.886963e-02 1.053728e+02 1.006089e+04
2.920532e-02 1.060050e+02 9.889910e+03
2.954102e-02 1.066645e+02 9.726557e+03
2.987671e-02 1.073500e+02 9.570327e+03
3.021240e-02 1.080602e+02 9.420751e+03
3.054810e-02 1.087937e+02 9.277385e+03
3.088379e-02 1.095490e+02 9.139815e+03
3.121948e-02 1.103247e+02 9.007652e+03
3.155518e-02 1.111194e+02 8.880532e+03
3.189087e-02 1.119317e+02 8.758115e+03
3.222656e-02 1.127602e+02 8.640082e+03
3.256226e-02 1.136033e+02 8.526133e+03
3.289795e-02 1.144597e+02 8.415990e+03
3.323364e-02 1.153281e+02 8.309393e+03
3.356934e-02 1.162069e+02 8.206097e+03
3.390503e-02 1.170949e+02 8.105875e+03
3.424072e-02 1.179907e+02 8.008515e+03
3.457642e-02 1.188929e+02 7.913819e+03
3.491211e-02 1.198003e+02 7.821603e+03
3.524780e-02 1.207115e+02 7.731695e+03
3.558350e-02 1.216254e+02 7.643936e+03
3.591919e-02 1.225406e+02 7.558176e+03
3.625488e-02 1.234560e+02 7.474278e+03
3.659058e-02 1.243704e+02 7.392113e+03
3.692627e-02 1.252827e+02 7.311563e+03
3.726196e-02 1.261917e+02 7.232518e+03
3.759766e-02 1.270965e+02 7.154876e+03
3.793335e-02 1.279959e+02 7.078543e+03
3.826904e-02 1.288890e+02 7.003430e+03
3.860474e-02 1.297748e+02 6.929459e+03
3.894043e-02 1.306524e+02 6.856555e+03
3.927612e-02 1.315208e+02 6.784649e+03
3.961182e-02 1.323793e+02 6.713680e+03
3.994751e-02 1.332269e+02 6.643589e+03
4.028320e-02 1.340630e+02 6.574324e+03
4.095459e-02 1.356974e+02 6.438084e+03
4.162598e-02 1.372770e+02 6.304622e+03
4.229736e-02 1.387967e+02 6.173661e+03
4.296875e-02 1.402522e+02 6.044973e+03
4.364014e-02 1.416396e+02 5.918375e+03
4.431152e-02 1.429555e+02 5.793720e+03
4.498291e-02 1.441971e+02 5.670895e+03
4.565430e-02 1.453622e+02 5.549812e+03
4.632568e-02 1.464489e+02 5.430410e+03
4.699707e-02 1.474559e+02 5.312643e+03
4.733276e-02 1.479291e+02 5.254364e+03
4.766846e-02 1.483822e+02 5.196484e+03
4.800415e-02 1.488149e+02 5.139003e+03
4.833984e-02 1.492272e+02 5.081919e+03
4.867554e-02 1.496193e+02 5.025232e+03
4.901123e-02 1.499910e+02 4.968944e+03
4.934692e-02 1.503424e+02 4.913053e+03
4.968262e-02 1.506736e+02 4.857563e+03
5.001831e-02 1.509847e+02 4.802474e+03
5.035400e-02 1.512757e+02 4.747789e+03
5.068970e-02 1.515469e+02 4.693510e+03
5.102539e-02 1.517982e+02 4.639639e+03
5.136108e-02 1.520300e+02 4.586178e+03
5.169678e-02 1.522422e+02 4.533132e+03
5.203247e-02 1.524353e+02 4.480503e+03
5.236816e-02 1.526093e+02 4.428293e+03
5.270386e-02 1.527644e+02 4.376506e+03
5.303955e-02 1.529010e+02 4.325146e+03
5.337524e-02 1.530192e+02 4.274215e+03
5.371094e-02 1.531193e+02 4.223716e+03
5.404663e-02 1.532016e+02 4.173653e+03
5.438232e-02 1.532664e+02 4.124028e+03
5.471802e-02 1.533139e+02 4.074845e+03
5.505371e-02 1.533445e+02 4.026107e+03
5.538940e-02 1.533585e+02 3.977816e+03
5.572510e-02 1.533562e+02 3.929975e+03
5.606079e-02 1.533379e+02 3.882587e+03
5.639648e-02 1.533040e+02 3.835654e+03
5.673218e-02 1.532547e+02 3.789179e+03
5.706787e-02 1.531906e+02 3.743164e+03
5.740356e-02 1.531118e+02 3.697610e+03
5.773926e-02 1.530189e+02 3.652521e+03
5.807495e-02 1.529120e+02 3.607897e+03
5.841064e-02 1.527918e+02 3.563740e+03
5.874634e-02 1.526584e+02 3.520052e+03
5.908203e-02 1.525122e+02 3.476834e+03
5.941772e-02 1.523538e+02 3.434087e+03
5.975342e-02 1.521833e+02 3.391812e+03
6.008911e-02 1.520013e+02 3.350009e+03
6.042480e-02 1.518082e+02 3.308680e+03
6.109619e-02 1.513898e+02 3.227442e+03
6.176758e-02 1.509314e+02 3.148100e+03
6.243896e-02 1.504360e+02 3.070651e+03
6.311035e-02 1.499068e+02 2.995093e+03
6.378174e-02 1.493469e+02 2.921417e+03
6.445312e-02 1.487593e+02 2.849615e+03
6.512451e-02 1.481470e+02 2.779675e+03
6.579590e-02 1.475130e+02 2.711583e+03
6.646729e-02 1.468603e+02 2.645323e+03
6.713867e-02 1.461916e+02 2.580876e+03
6.747437e-02 1.458522e+02 2.549326e+03
6.781006e-02 1.455098e+02 2.518223e+03
6.814575e-02 1.451648e+02 2.487562e+03
6.848145e-02 1.448175e+02 2.457341e+03
6.881714e-02 1.444683e+02 2.427557e+03
6.915283e-02 1.441174e+02 2.398207e+03
6.948853e-02 1.437652e+02 2.369288e+03
6.982422e-02 1.434120e+02 2.340796e+03
7.015991e-02 1.430581e+02 2.312728e+03
7.049561e-02 1.427038e+02 2.285081e+03
7.057953e-02 1.426152e+02 2.278234e+03
7.066345e-02 1.425266e+02 2.271414e+03
7.074738e-02 1.424380e+02 2.264620e+03
7.083130e-02 1.423494e+02 2.257851e+03
7.091522e-02 1.422608e+02 2.251108e+03
7.099915e-02 1.421722e+02 2.244391e+03
7.108307e-02 1.420836e+02 2.237700e+03
7.116699e-02 1.419951e+02 2.231034e+03
7.125092e-02 1.419066e+02 2.224394e+03
7.133484e-02 1.418181e+02 2.217780e+03
7.137680e-02 1.417739e+02 2.214482e+03
7.141876e-02 1.417297e+02 2.211191e+03
7.146072e-02 1.416855e+02 2.207906e+03
7.150269e-02 1.416413e+02 2.204628e+03
7.154465e-02 1.415971e+02 2.201355e+03
7.158661e-02 1.415529e+02 2.198090e+03
7.162857e-02 1.415088e+02 2.194830e+03
7.167053e-02 1.414646e+02 2.191577e+03
7.171249e-02 1.414205e+02 2.188330e+03
7.175446e-02 1.413764e+02 2.185089e+03
7.179642e-02 1.413323e+02 2.181855e+03
7.183838e-02 1.412882e+02 2.178627e+03
7.188034e-02 1.412441e+02 2.175405e+03
7.192230e-02 1.412000e+02 2.172190e+03
7.196426e-02 1.411560e+02 2.168981e+03
7.200623e-02 1.411120e+02 2.165778e+03
7.204819e-02 1.410680e+02 2.162581e+03
7.209015e-02 1.410240e+02 2.159391e+03
7.213211e-02 1.409800e+02 2.156207e+03
7.217407e-02 1.409361e+02 2.153029e+03
7.234192e-02 1.407605e+02 2.140380e+03
7.250977e-02 1.405852e+02 2.127830e+03
7.267761e-02 1.404104e+02 2.115378e+03
7.284546e-02 1.402359e+02 2.103025e+03
7.301331e-02 1.400619e+02 2.090769e+03
7.318115e-02 1.398883e+02 2.078610e+03
7.334900e-02 1.397152e+02 2.066548e+03
7.351685e-02 1.395427e+02 2.054583e+03
7.368469e-02 1.393708e+02 2.042712e+03
7.385254e-02 1.391994e+02 2.030938e+03
7.452393e-02 1.385203e+02 1.984779e+03
7.519531e-02 1.378529e+02 1.940101e+03
7.586670e-02 1.371987e+02 1.896871e+03
7.653809e-02 1.365595e+02 1.855055e+03
7.720947e-02 1.359365e+02 1.814617e+03
7.788086e-02 1.353312e+02 1.775524e+03
7.855225e-02 1.347449e+02 1.737741e+03
7.922363e-02 1.341786e+02 1.701233e+03
7.989502e-02 1.336335e+02 1.665965e+03
8.056641e-02 1.331105e+02 1.631903e+03
8.123779e-02 1.326104e+02 1.599011e+03
8.190918e-02 1.321341e+02 1.567256e+03
8.258057e-02 1.316823e+02 1.536603e+03
8.325195e-02 1.312555e+02 1.507019e+03
8.392334e-02 1.308542e+02 1.478469e+03
8.459473e-02 1.304788e+02 1.450921e+03
8.526611e-02 1.301298e+02 1.424341e+03
8.593750e-02 1.298073e+02 1.398698e+03
8.660889e-02 1.295116e+02 1.373960e+03
8.728027e-02 1.292428e+02 1.350095e+03
8.795166e-02 1.290009e+02 1.327072e+03
8.862305e-02 1.287858e+02 1.304863e+03
8.929443e-02 1.285975e+02 1.283435e+03
8.996582e-02 1.284359e+02 1.262762e+03
9.063721e-02 1.283007e+02 1.242814e+03
9.130859e-02 1.281917e+02 1.223564e+03
9.197998e-02 1.281085e+02 1.204985e+03
9.265137e-02 1.280508e+02 1.187049e+03
9.332275e-02 1.280181e+02 1.169732e+03
9.399414e-02 1.280100e+02 1.153008e+03
9.466553e-02 1.280259e+02 1.136853e+03
9.533691e-02 1.280654e+02 1.121243e+03
9.600830e-02 1.281277e+02 1.106154e+03
9.667969e-02 1.282124e+02 1.091565e+03
9.735107e-02 1.283188e+02 1.077454e+03
9.802246e-02 1.284461e+02 1.063800e+03
9.869385e-02 1.285937e+02 1.050581e+03
9.936523e-02 1.287608e+02 1.037779e+03
1.000366e-01 1.289466e+02 1.025374e+03
1.007080e-01 1.291505e+02 1.013347e+03
1.013794e-01 1.293716e+02 1.001682e+03
1.020508e-01 1.296091e+02 9.903596e+02
1.027222e-01 1.298621e+02 9.793645e+02
1.033936e-01 1.301300e+02 9.686803e+02
1.040649e-01 1.304117e+02 9.582917e+02
1.047363e-01 1.307064e+02 9.481836e+02
1.054077e-01 1.310134e+02 9.383420e+02
1.060791e-01 1.313318e+02 9.287530e+02
1.067505e-01 1.316606e+02 9.194035e+02
1.074219e-01 1.319990e+02 9.102808e+02
1.087646e-01 1.327014e+02 8.926682e+02
1.101074e-01 1.334320e+02 8.758244e+02
1.114502e-01 1.341842e+02 8.596665e+02
1.127930e-01 1.349514e+02 8.441186e+02
1.141357e-01 1.357271e+02 8.291123e+02
1.154785e-01 1.365051e+02 8.145853e+02
1.168213e-01 1.372794e+02 8.004817e+02
1.181641e-01 1.380442e+02 7.867512e+02
1.195068e-01 1.387940e+02 7.733489e+02
1.208496e-01 1.395238e+02 7.602349e+02
1.215210e-01 1.398795e+02 7.537748e+02
1.221924e-01 1.402284e+02 7.473740e+02
1.228638e-01 1.405699e+02 7.410286e+02
1.235352e-01 1.409035e+02 7.347351e+02
1.242065e-01 1.412286e+02 7.284904e+02
1.248779e-01 1.415447e+02 7.222913e+02
1.255493e-01 1.418514e+02 7.161351e+02
1.262207e-01 1.421481e+02 7.100191e+02
1.268921e-01 1.424345e+02 7.039410e+02
1.275635e-01 1.427101e+02 6.978985e+02
1.282349e-01 1.429746e+02 6.918895e+02
1.289062e-01 1.432275e+02 6.859123e+02
1.295776e-01 1.434685e+02 6.799651e+02
1.302490e-01 1.436973e+02 6.740464e+02
1.309204e-01 1.439135e+02 6.681547e+02
1.315918e-01 1.441169e+02 6.622889e+02
1.322632e-01 1.443072e+02 6.564477e+02
1.329346e-01 1.444841e+02 6.506303e+02
1.336060e-01 1.446474e+02 6.448358e+02
1.342773e-01 1.447969e+02 6.390633e+02
1.349487e-01 1.449324e+02 6.333122e+02
1.356201e-01 1.450536e+02 6.275821e+02
1.362915e-01 1.451606e+02 6.218724e+02
1.369629e-01 1.452530e+02 6.161827e+02
1.376343e-01 1.453309e+02 6.105129e+02
1.383057e-01 1.453940e+02 6.048627e+02
1.389771e-01 1.454424e+02 5.992319e+02
1.396484e-01 1.454759e+02 5.936206e+02
1.403198e-01 1.454945e+02 5.880287e+02
1.409912e-01 1.454981e+02 5.824564e+02
1.411591e-01 1.454967e+02 5.810663e+02
1.413269e-01 1.454943e+02 5.796775e+02
1.414948e-01 1.454910e+02 5.782900e+02
1.416626e-01 1.454868e+02 5.769036e+02
1.418304e-01 1.454816e+02 5.755185e+02
1.419983e-01 1.454755e+02 5.741347e+02
1.421661e-01 1.454685e+02 5.727521e+02
1.423340e-01 1.454605e+02 5.713707e+02
1.425018e-01 1.454516e+02 5.699906e+02
1.426697e-01 1.454417e+02 5.686118e+02
1.428375e-01 1.454310e+02 5.672342e+02
1.430054e-01 1.454192e+02 5.658578e+02
1.431732e-01 1.454066e+02 5.644828e+02
1.433411e-01 1.453930e+02 5.631090e+02
1.435089e-01 1.453785e+02 5.617365e+02
1.436768e-01 1.453631e+02 5.603653e+02
1.438446e-01 1.453467e+02 5.589953e+02
1.440125e-01 1.453294e+02 5.576267e+02
1.441803e-01 1.453112e+02 5.562594e+02
1.443481e-01 1.452920e+02 5.548933e+02
1.446838e-01 1.452509e+02 5.521652e+02
1.450195e-01 1.452061e+02 5.494423e+02
1.453552e-01 1.451576e+02 5.467248e+02
1.456909e-01 1.451055e+02 5.440127e+02
1.460266e-01 1.450496e+02 5.413060e+02
1.463623e-01 1.449902e+02 5.386047e+02
1.466980e-01 1.449270e+02 5.359091e+02
1.470337e-01 1.448602e+02 5.332190e+02
1.473694e-01 1.447899e+02 5.305346e+02
1.477051e-01 1.447159e+02 5.278560e+02
1.483765e-01 1.445571e+02 5.225160e+02
1.490479e-01 1.443842e+02 5.171997e+02
1.497192e-01 1.441971e+02 5.119076e+02
1.503906e-01 1.439962e+02 5.066402e+02
1.510620e-01 1.437815e+02 5.013980e+02
1.517334e-01 1.435532e+02 4.961816e+02
1.524048e-01 1.433115e+02 4.909915e+02
1.530762e-01 1.430566e+02 4.858283e+02
1.537476e-01 1.427887e+02 4.806926e+02
1.544189e-01 1.425080e+02 4.755850e+02
1.550903e-01 1.422147e+02 4.705060e+02
1.557617e-01 1.419091e+02 4.654562e+02
1.564331e-01 1.415913e+02 4.604361e+02
1.571045e-01 1.412616e+02 4.554463e+02
1.577759e-01 1.409204e+02 4.504874e+02
1.584473e-01 1.405677e+02 4.455600e+02
1.591187e-01 1.402039e+02 4.406645e+02
1.597900e-01 1.398292e+02 4.358015e+02
1.604614e-01 1.394440e+02 4.309715e+02
1.611328e-01 1.390484e+02 4.261751e+02
1.624756e-01 1.382273e+02 4.166849e+02
1.638184e-01 1.373683e+02 4.073348e+02
1.651611e-01 1.364736e+02 3.981284e+02
1.665039e-01 1.355456e+02 3.890691e+02
1.678467e-01 1.345867e+02 3.801603e+02
1.691895e-01 1.335993e+02 3.714049e+02
1.705322e-01 1.325857e+02 3.628054e+02
1.718750e-01 1.315484e+02 3.543645e+02
1.732178e-01 1.304898e+02 3.460841e+02
1.745605e-01 1.294123e+02 3.379663e+02
1.752319e-01 1.288672e+02 3.339688e+02
1.759033e-01 1.283182e+02 3.300125e+02
1.765747e-01 1.277658e+02 3.260976e+02
1.772461e-01 1.272100e+02 3.222242e+02
1.779175e-01 1.266514e+02 3.183925e+02
1.785889e-01 1.260900e+02 3.146024e+02
1.792603e-01 1.255263e+02 3.108542e+02
1.799316e-01 1.249605e+02 3.071480e+02
1.806030e-01 1.243928e+02 3.034837e+02
1.812744e-01 1.238236e+02 2.998614e+02
1.819458e-01 1.232531e+02 2.962811e+02
1.826172e-01 1.226816e+02 2.927429e+02
1.832886e-01 1.221094e+02 2.892468e+02
1.839600e-01 1.215368e+02 2.857927e+02
1.846313e-01 1.209639e+02 2.823807e+02
1.853027e-01 1.203910e+02 2.790106e+02
1.859741e-01 1.198185e+02 2.756824e+02
1.866455e-01 1.192465e+02 2.723960e+02
1.873169e-01 1.186753e+02 2.691514e+02
1.879883e-01 1.181052e+02 2.659485e+02
1.893311e-01 1.169689e+02 2.596671e+02
1.906738e-01 1.158396e+02 2.535508e+02
1.920166e-01 1.147190e+02 2.475984e+02
1.933594e-01 1.136088e+02 2.418085e+02
1.947021e-01 1.125106e+02 2.361795e+02
1.960449e-01 1.114261e+02 2.307096e+02
1.973877e-01 1.103566e+02 2.253971e+02
1.987305e-01 1.093036e+02 2.202398e+02
2.000732e-01 1.082685e+02 2.152356e+02
2.014160e-01 1.072524e+02 2.103822e+02
2.027588e-01 1.062566e+02 2.056774e+02
2.041016e-01 1.052821e+02 2.011185e+02
2.054443e-01 1.043300e+02 1.967030e+02
2.067871e-01 1.034012e+02 1.924282e+02
2.081299e-01 1.024966e+02 1.882916e+02
2.094727e-01 1.016171e+02 1.842902e+02
2.108154e-01 1.007632e+02 1.804212e+02
2.121582e-01 9.993579e+01 1.766817e+02
2.135010e-01 9.913533e+01 1.730688e+02
2.148438e-01 9.836235e+01 1.695796e+02
2.161865e-01 9.761731e+01 1.662110e+02
2.175293e-01 9.690059e+01 1.629600e+02
2.188721e-01 9.621251e+01 1.598236e+02
2.202148e-01 9.555332e+01 1.567988e+02
2.215576e-01 9.492322e+01 1.538825e+02
2.229004e-01 9.432236e+01 1.510717e+02
2.242432e-01 9.375080e+01 1.483634e+02
2.255859e-01 9.320858e+01 1.457545e+02
2.269287e-01 9.269567e+01 1.432421e+02
2.282715e-01 9.221199e+01 1.408232e+02
2.296143e-01 9.175741e+01 1.384948e+02
2.309570e-01 9.133176e+01 1.362541e+02
2.322998e-01 9.093482e+01 1.340981e+02
2.336426e-01 9.056633e+01 1.320240e+02
2.349854e-01 9.022599e+01 1.300290e+02
2.363281e-01 8.991345e+01 1.281103e+02
2.376709e-01 8.962835e+01 1.262652e+02
2.390137e-01 8.937026e+01 1.244909e+02
2.403564e-01 8.913875e+01 1.227849e+02
2.416992e-01 8.893334e+01 1.211447e+02
2.443848e-01 8.859878e+01 1.180510e+02
2.470703e-01 8.836226e+01 1.151903e+02
2.497559e-01 8.821908e+01 1.125437e+02
2.524414e-01 8.816423e+01 1.100934e+02
2.551270e-01 8.819244e+01 1.078224e+02
2.578125e-01 8.829825e+01 1.057144e+02
2.604980e-01 8.847604e+01 1.037545e+02
2.631836e-01 8.872008e+01 1.019282e+02
2.658691e-01 8.902456e+01 1.002222e+02
2.685547e-01 8.938366e+01 9.862404e+01
2.698975e-01 8.958187e+01 9.786167e+01
2.712402e-01 8.979155e+01 9.712195e+01
2.725830e-01 9.001199e+01 9.640353e+01
2.739258e-01 9.024247e+01 9.570515e+01
2.752686e-01 9.048228e+01 9.502556e+01
2.766113e-01 9.073071e+01 9.436360e+01
2.779541e-01 9.098706e+01 9.371813e+01
2.792969e-01 9.125065e+01 9.308805e+01
2.806396e-01 9.152079e+01 9.247234e+01
2.819824e-01 9.179682e+01 9.187000e+01
2.823181e-01 9.186667e+01 9.172139e+01
2.826538e-01 9.193683e+01 9.157354e+01
2.829895e-01 9.200730e+01 9.142643e+01
2.833252e-01 9.207806e+01 9.128006e+01
2.836609e-01 9.214911e+01 9.113441e+01
2.839966e-01 9.222044e+01 9.098946e+01
2.843323e-01 9.229203e+01 9.084521e+01
2.846680e-01 9.236387e+01 9.070163e+01
2.850037e-01 9.243596e+01 9.055871e+01
2.853394e-01 9.250829e+01 9.041645e+01
2.854233e-01 9.252641e+01 9.038098e+01
2.855072e-01 9.254454e+01 9.034556e+01
2.855911e-01 9.256268e+01 9.031017e+01
2.856750e-01 9.258084e+01 9.027482e+01
2.857590e-01 9.259901e+01 9.023951e+01
2.858429e-01 9.261720e+01 9.020424e+01
2.859268e-01 9.263540e+01 9.016901e+01
2.860107e-01 9.265361e+01 9.013382e+01
2.860947e-01 9.267183e+01 9.009867e+01
2.861786e-01 9.269007e+01 9.006355e+01
2.862206e-01 9.269919e+01 9.004601e+01
2.862625e-01 9.270832e+01 9.002847e+01
2.863045e-01 9.271745e+01 9.001095e+01
2.863464e-01 9.272658e+01 8.999343e+01
2.863884e-01 9.273571e+01 8.997592e+01
2.864304e-01 9.274485e+01 8.995843e+01
2.864723e-01 9.275400e+01 8.994094e+01
2.865143e-01 9.276314e+01 8.992346e+01
2.865562e-01 9.277229e+01 8.990600e+01
2.865982e-01 9.278144e+01 8.988854e+01
2.866402e-01 9.279060e+01 8.987109e+01
2.866821e-01 9.279976e+01 8.985365e+01
2.867241e-01 9.280892e+01 8.983622e+01
2.867661e-01 9.281808e+01 8.981880e+01
2.868080e-01 9.282725e+01 8.980139e+01
2.868500e-01 9.283642e+01 8.978398e+01
2.868919e-01 9.284559e+01 8.976659e+01
2.869339e-01 9.285476e+01 8.974920e+01
2.869759e-01 9.286394e+01 8.973183e+01
2.870178e-01 9.287312e+01 8.971446e+01
2.871857e-01 9.290987e+01 8.964508e+01
2.873535e-01 9.294667e+01 8.957585e+01
2.875214e-01 9.298350e+01 8.950675e+01
2.876892e-01 9.302038e+01 8.943780e+01
2.878571e-01 9.305730e+01 8.936898e+01
2.880249e-01 9.309425e+01 8.930030e+01
2.881927e-01 9.313124e+01 8.923176e+01
2.883606e-01 9.316827e+01 8.916334e+01
2.885284e-01 9.320534e+01 8.909507e+01
2.886963e-01 9.324243e+01 8.902692e+01
2.893677e-01 9.339113e+01 8.875560e+01
2.900391e-01 9.354028e+01 8.848626e+01
2.907104e-01 9.368980e+01 8.821881e+01
2.913818e-01 9.383963e+01 8.795316e+01
2.920532e-01 9.398968e+01 8.768924e+01
2.927246e-01 9.413988e+01 8.742695e+01
2.933960e-01 9.429018e+01 8.716622e+01
2.940674e-01 9.444049e+01 8.690698e+01
2.947388e-01 9.459076e+01 8.664915e+01
2.954102e-01 9.474090e+01 8.639265e+01
2.980957e-01 9.533898e+01 8.537863e+01
3.007812e-01 9.592998e+01 8.438067e+01
3.034668e-01 9.651003e+01 8.339504e+01
3.061523e-01 9.707544e+01 8.241843e+01
3.088379e-01 9.762280e+01 8.144796e+01
3.115234e-01 9.814892e+01 8.048115e+01
3.142090e-01 9.865085e+01 7.951586e+01
3.168945e-01 9.912588e+01 7.855028e+01
3.195801e-01 9.957155e+01 7.758290e+01
3.222656e-01 9.998560e+01 7.661250e+01
3.249512e-01 1.003660e+02 7.563809e+01
3.276367e-01 1.007110e+02 7.465895e+01
3.303223e-01 1.010190e+02 7.367452e+01
3.330078e-01 1.012885e+02 7.268447e+01
3.356934e-01 1.015186e+02 7.168861e+01
3.383789e-01 1.017081e+02 7.068692e+01
3.410645e-01 1.018563e+02 6.967949e+01
3.437500e-01 1.019625e+02 6.866656e+01
3.464355e-01 1.020264e+02 6.764845e+01
3.491211e-01 1.020477e+02 6.662558e+01
3.504639e-01 1.020422e+02 6.611251e+01
3.518066e-01 1.020261e+02 6.559844e+01
3.531494e-01 1.019993e+02 6.508344e+01
3.544922e-01 1.019619e+02 6.456759e+01
3.558350e-01 1.019137e+02 6.405096e+01
3.571777e-01 1.018550e+02 6.353364e+01
3.585205e-01 1.017857e+02 6.301571e+01
3.598633e-01 1.017058e+02 6.249725e+01
3.612061e-01 1.016155e+02 6.197836e+01
3.625488e-01 1.015148e+02 6.145912e+01
3.638916e-01 1.014037e+02 6.093963e+01
3.652344e-01 1.012823e+02 6.041997e+01
3.665771e-01 1.011508e+02 5.990025e+01
3.679199e-01 1.010091e+02 5.938054e+01
3.692627e-01 1.008575e+02 5.886095e+01
3.706055e-01 1.006959e+02 5.834158e+01
3.719482e-01 1.005245e+02 5.782252e+01
3.732910e-01 1.003434e+02 5.730386e+01
3.746338e-01 1.001527e+02 5.678570e+01
3.759766e-01 9.995256e+01 5.626813e+01
3.786621e-01 9.952432e+01 5.523516e+01
3.813477e-01 9.905970e+01 5.420570e+01
3.840332e-01 9.855979e+01 5.318049e+01
3.867188e-01 9.802571e+01 5.216025e+01
3.894043e-01 9.745864e+01 5.114569e+01
3.920898e-01 9.685981e+01 5.013749e+01
3.947754e-01 9.623046e+01 4.913631e+01
3.974609e-01 9.557187e+01 4.814280e+01
4.001465e-01 9.488536e+01 4.715756e+01
4.028320e-01 9.417223e+01 4.618118e+01
4.055176e-01 9.343384e+01 4.521421e+01
4.082031e-01 9.267151e+01 4.425718e+01
4.108887e-01 9.188661e+01 4.331058e+01
4.135742e-01 9.108049e+01 4.237489e+01
4.162598e-01 9.025448e+01 4.145053e+01
4.189453e-01 8.940995e+01 4.053791e+01
4.216309e-01 8.854821e+01 3.963740e+01
4.243164e-01 8.767060e+01 3.874935e+01
4.270020e-01 8.677843e+01 3.787409e+01
4.296875e-01 8.587298e+01 3.701189e+01
4.350586e-01 8.402728e+01 3.532766e+01
4.404297e-01 8.214338e+01 3.369842e+01
4.458008e-01 8.023079e+01 3.212547e+01
4.511719e-01 7.829853e+01 3.060974e+01
4.565430e-01 7.635515e+01 2.915178e+01
4.619141e-01 7.440868e+01 2.775181e+01
4.672852e-01 7.246661e+01 2.640974e+01
4.726562e-01 7.053591e+01 2.512520e+01
4.780273e-01 6.862297e+01 2.389759e+01
4.833984e-01 6.673365e+01 2.272608e+01
4.860840e-01 6.579953e+01 2.216105e+01
4.887695e-01 6.487326e+01 2.160964e+01
4.914551e-01 6.395544e+01 2.107172e+01
4.941406e-01 6.304660e+01 2.054711e+01
4.968262e-01 6.214726e+01 2.003564e+01
4.995117e-01 6.125792e+01 1.953714e+01
5.021973e-01 6.037902e+01 1.905143e+01
5.048828e-01 5.951099e+01 1.857831e+01
5.075684e-01 5.865422e+01 1.811759e+01
5.102539e-01 5.780909e+01 1.766907e+01
5.129395e-01 5.697592e+01 1.723254e+01
5.156250e-01 5.615504e+01 1.680780e+01
5.183105e-01 5.534671e+01 1.639464e+01
5.209961e-01 5.455121e+01 1.599284e+01
5.236816e-01 5.376876e+01 1.560219e+01
5.263672e-01 5.299956e+01 1.522246e+01
5.290527e-01 5.224382e+01 1.485344e+01
5.317383e-01 5.150167e+01 1.449491e+01
5.344238e-01 5.077327e+01 1.414665e+01
5.371094e-01 5.005872e+01 1.380843e+01
5.397949e-01 4.935813e+01 1.348004e+01
5.424805e-01 4.867157e+01 1.316125e+01
5.451660e-01 4.799910e+01 1.285185e+01
5.478516e-01 4.734075e+01 1.255161e+01
5.505371e-01 4.669655e+01 1.226032e+01
5.532227e-01 4.606650e+01 1.197776e+01
5.559082e-01 4.545059e+01 1.170371e+01
5.585938e-01 4.484880e+01 1.143797e+01
5.612793e-01 4.426107e+01 1.118031e+01
5.639648e-01 4.368735e+01 1.093054e+01
5.646362e-01 4.354610e+01 1.086931e+01
5.653076e-01 4.340573e+01 1.080855e+01
5.659790e-01 4.326622e+01 1.074827e+01
5.666504e-01 4.312758e+01 1.068845e+01
5.673218e-01 4.298980e+01 1.062911e+01
5.679932e-01 4.285290e+01 1.057022e+01
5.686646e-01 4.271685e+01 1.051180e+01
5.693359e-01 4.258167e+01 1.045383e+01
5.700073e-01 4.244735e+01 1.039632e+01
5.706787e-01 4.231388e+01 1.033926e+01
5.710144e-01 4.224747e+01 1.031090e+01
5.713501e-01 4.218128e+01 1.028265e+01
5.716858e-01 4.211529e+01 1.025452e+01
5.720215e-01 4.204953e+01 1.022649e+01
5.723572e-01 4.198397e+01 1.019857e+01
5.726929e-01 4.191863e+01 1.017077e+01
5.730286e-01 4.185350e+01 1.014307e+01
5.733643e-01 4.178858e+01 1.011548e+01
5.737000e-01 4.172388e+01 1.008800e+01
5.740356e-01 4.165939e+01 1.006063e+01
5.743713e-01 4.159511e+01 1.003337e+01
5.747070e-01 4.153104e+01 1.000622e+01
5.750427e-01 4.146718e+01 9.979170e+00
5.753784e-01 4.140354e+01 9.952231e+00
5.757141e-01 4.134010e+01 9.925398e+00
5.760498e-01 4.127688e+01 9.898672e+00
5.763855e-01 4.121387e+01 9.872052e+00
5.767212e-01 4.115107e+01 9.845537e+00
5.770569e-01 4.108848e+01 9.819128e+00
5.773926e-01 4.102609e+01 9.792823e+00
5.787354e-01 4.077866e+01 9.688646e+00
5.800781e-01 4.053457e+01 9.586116e+00
5.814209e-01 4.029379e+01 9.485211e+00
5.827637e-01 4.005632e+01 9.385907e+00
5.841064e-01 3.982213e+01 9.288180e+00
5.854492e-01 3.959121e+01 9.192009e+00
5.867920e-01 3.936353e+01 9.097369e+00
5.881348e-01 3.913908e+01 9.004239e+00
5.894775e-01 3.891783e+01 8.912597e+00
5.908203e-01 3.869977e+01 8.822419e+00
5.935059e-01 3.827311e+01 8.646371e+00
5.961914e-01 3.785892e+01 8.475923e+00
5.988770e-01 3.745703e+01 8.310905e+00
6.015625e-01 3.706725e+01 8.151152e+00
6.042480e-01 3.668938e+01 7.996500e+00
6.069336e-01 3.632322e+01 7.846792e+00
6.096191e-01 3.596858e+01 7.701870e+00
6.123047e-01 3.562524e+01 7.561584e+00
6.149902e-01 3.529300e+01 7.425784e+00
6.176758e-01 3.497166e+01 7.294326e+00
6.203613e-01 3.466098e+01 7.167067e+00
6.230469e-01 3.436075e+01 7.043870e+00
6.257324e-01 3.407076e+01 6.924600e+00
6.284180e-01 3.379079e+01 6.809124e+00
6.311035e-01 3.352060e+01 6.697315e+00
6.337891e-01 3.325999e+01 6.589049e+00
6.364746e-01 3.300871e+01 6.484202e+00
6.391602e-01 3.276656e+01 6.382659e+00
6.418457e-01 3.253330e+01 6.284302e+00
6.445312e-01 3.230872e+01 6.189020e+00
6.472168e-01 3.209258e+01 6.096705e+00
6.499023e-01 3.188466e+01 6.007251e+00
6.525879e-01 3.168475e+01 5.920555e+00
6.552734e-01 3.149261e+01 5.836516e+00
6.579590e-01 3.130804e+01 5.755040e+00
6.606445e-01 3.113080e+01 5.676031e+00
6.633301e-01 3.096069e+01 5.599398e+00
6.660156e-01 3.079748e+01 5.525053e+00
6.687012e-01 3.064097e+01 5.452911e+00
6.713867e-01 3.049093e+01 5.382888e+00
6.740723e-01 3.034717e+01 5.314905e+00
6.767578e-01 3.020948e+01 5.248882e+00
6.794434e-01 3.007765e+01 5.184746e+00
6.821289e-01 2.995147e+01 5.122423e+00
6.848145e-01 2.983076e+01 5.061842e+00
6.875000e-01 2.971531e+01 5.002936e+00
6.901855e-01 2.960493e+01 4.945639e+00
6.928711e-01 2.949942e+01 4.889887e+00
6.955566e-01 2.939861e+01 4.835618e+00
6.982422e-01 2.930231e+01 4.782773e+00
7.009277e-01 2.921033e+01 4.731295e+00
7.036133e-01 2.912249e+01 4.681129e+00
7.062988e-01 2.903863e+01 4.632221e+00
7.089844e-01 2.895857e+01 4.584520e+00
7.116699e-01 2.888214e+01 4.537976e+00
7.143555e-01 2.880917e+01 4.492542e+00
7.170410e-01 2.873951e+01 4.448171e+00
7.197266e-01 2.867300e+01 4.404820e+00
7.224121e-01 2.860947e+01 4.362445e+00
7.250977e-01 2.854879e+01 4.321005e+00
7.277832e-01 2.849080e+01 4.280462e+00
7.304688e-01 2.843535e+01 4.240777e+00
7.331543e-01 2.838231e+01 4.201914e+00
7.358398e-01 2.833154e+01 4.163837e+00
7.385254e-01 2.828290e+01 4.126513e+00
7.412109e-01 2.823626e+01 4.089910e+00
7.438965e-01 2.819150e+01 4.053996e+00
7.465820e-01 2.814849e+01 4.018743e+00
7.492676e-01 2.810711e+01 3.984121e+00
7.519531e-01 2.806725e+01 3.950103e+00
7.626953e-01 2.792066e+01 3.819563e+00
7.734375e-01 2.778973e+01 3.696783e+00
7.841797e-01 2.766845e+01 3.580501e+00
7.949219e-01 2.755161e+01 3.469670e+00
8.056641e-01 2.743470e+01 3.363429e+00
8.164062e-01 2.731389e+01 3.261077e+00
8.271484e-01 2.718597e+01 3.162046e+00
8.378906e-01 2.704831e+01 3.065884e+00
8.486328e-01 2.689879e+01 2.972236e+00
8.593750e-01 2.673576e+01 2.880828e+00
8.647461e-01 2.664879e+01 2.835897e+00
8.701172e-01 2.655801e+01 2.791452e+00
8.754883e-01 2.646334e+01 2.747477e+00
8.808594e-01 2.636470e+01 2.703957e+00
8.862305e-01 2.626203e+01 2.660878e+00
8.916016e-01 2.615530e+01 2.618233e+00
8.969727e-01 2.604450e+01 2.576012e+00
9.023438e-01 2.592963e+01 2.534209e+00
9.077148e-01 2.581069e+01 2.492820e+00
9.130859e-01 2.568771e+01 2.451841e+00
9.184570e-01 2.556074e+01 2.411270e+00
9.238281e-01 2.542982e+01 2.371106e+00
9.291992e-01 2.529501e+01 2.331349e+00
9.345703e-01 2.515639e+01 2.291999e+00
9.399414e-01 2.501403e+01 2.253057e+00
9.453125e-01 2.486802e+01 2.214525e+00
9.506836e-01 2.471847e+01 2.176405e+00
9.560547e-01 2.456546e+01 2.138698e+00
9.614258e-01 2.440910e+01 2.101408e+00
9.667969e-01 2.424952e+01 2.064537e+00
9.721680e-01 2.408681e+01 2.028088e+00
9.775391e-01 2.392112e+01 1.992064e+00
9.829102e-01 2.375255e+01 1.956468e+00
9.882812e-01 2.358124e+01 1.921302e+00
9.936523e-01 2.340731e+01 1.886569e+00
9.990234e-01 2.323090e+01 1.852272e+00
1.004395e+00 2.305214e+01 1.818413e+00
1.009766e+00 2.287115e+01 1.784995e+00
1.015137e+00 2.268807e+01 1.752018e+00
1.020508e+00 2.250304e+01 1.719486e+00
1.025879e+00 2.231618e+01 1.687399e+00
1.031250e+00 2.212764e+01 1.655760e+00
1.036621e+00 2.193753e+01 1.624568e+00
1.041992e+00 2.174600e+01 1.593825e+00
1.047363e+00 2.155317e+01 1.563531e+00
1.052734e+00 2.135916e+01 1.533687e+00
1.058105e+00 2.116410e+01 1.504292e+00
1.063477e+00 2.096813e+01 1.475346e+00
1.068848e+00 2.077134e+01 1.446849e+00
1.074219e+00 2.057388e+01 1.418799e+00
1.079590e+00 2.037585e+01 1.391196e+00
1.084961e+00 2.017736e+01 1.364038e+00
1.090332e+00 1.997854e+01 1.337323e+00
1.095703e+00 1.977948e+01 1.311050e+00
1.101074e+00 1.958030e+01 1.285216e+00
1.106445e+00 1.938109e+01 1.259820e+00
1.111816e+00 1.918197e+01 1.234858e+00
1.117188e+00 1.898302e+01 1.210329e+00
1.122559e+00 1.878434e+01 1.186228e+00
1.127930e+00 1.858603e+01 1.162553e+00
1.129272e+00 1.853651e+01 1.156700e+00
1.130615e+00 1.848703e+01 1.150874e+00
1.131958e+00 1.843758e+01 1.145074e+00
1.133301e+00 1.838816e+01 1.139300e+00
1.134644e+00 1.833878e+01 1.133553e+00
1.135986e+00 1.828943e+01 1.127831e+00
1.137329e+00 1.824012e+01 1.122136e+00
1.138672e+00 1.819084e+01 1.116467e+00
1.140015e+00 1.814160e+01 1.110823e+00
1.141357e+00 1.809241e+01 1.105206e+00
1.141693e+00 1.808012e+01 1.103806e+00
1.142029e+00 1.806783e+01 1.102407e+00
1.142365e+00 1.805554e+01 1.101010e+00
1.142700e+00 1.804325e+01 1.099614e+00
1.143036e+00 1.803097e+01 1.098220e+00
1.143372e+00 1.801869e+01 1.096828e+00
1.143707e+00 1.800642e+01 1.095438e+00
1.144043e+00 1.799414e+01 1.094049e+00
1.144379e+00 1.798187e+01 1.092661e+00
1.144714e+00 1.796960e+01 1.091275e+00
1.145050e+00 1.795734e+01 1.089891e+00
1.145386e+00 1.794507e+01 1.088509e+00
1.145721e+00 1.793281e+01 1.087128e+00
1.146057e+00 1.792056e+01 1.085748e+00
1.146393e+00 1.790830e+01 1.084370e+00
1.146729e+00 1.789605e+01 1.082994e+00
1.147064e+00 1.788380e+01 1.081619e+00
1.147400e+00 1.787155e+01 1.080246e+00
1.147736e+00 1.785931e+01 1.078875e+00
1.148071e+00 1.784707e+01 1.077505e+00
1.148743e+00 1.782260e+01 1.074770e+00
1.149414e+00 1.779814e+01 1.072042e+00
1.150085e+00 1.777369e+01 1.069320e+00
1.150757e+00 1.774926e+01 1.066604e+00
1.151428e+00 1.772484e+01 1.063895e+00
1.152100e+00 1.770043e+01 1.061192e+00
1.152771e+00 1.767603e+01 1.058495e+00
1.153442e+00 1.765164e+01 1.055804e+00
1.154114e+00 1.762727e+01 1.053120e+00
1.154785e+00 1.760292e+01 1.050443e+00
1.157471e+00 1.750562e+01 1.039795e+00
1.160156e+00 1.740854e+01 1.029247e+00
1.162842e+00 1.731169e+01 1.018799e+00
1.165527e+00 1.721509e+01 1.008450e+00
1.168213e+00 1.711873e+01 9.982001e-01
1.170898e+00 1.702262e+01 9.880482e-01
1.173584e+00 1.692678e+01 9.779939e-01
1.176270e+00 1.683121e+01 9.680366e-01
1.178955e+00 1.673592e+01 9.581758e-01
1.181641e+00 1.664092e+01 9.484109e-01
1.192383e+00 1.626390e+01 9.102979e-01
1.203125e+00 1.589203e+01 8.736712e-01
1.213867e+00 1.552569e+01 8.384914e-01
1.224609e+00 1.516523e+01 8.047183e-01
1.235352e+00 1.481097e+01 7.723113e-01
1.246094e+00 1.446318e+01 7.412292e-01
1.256836e+00 1.412211e+01 7.114305e-01
1.267578e+00 1.378795e+01 6.828737e-01
1.278320e+00 1.346088e+01 6.555176e-01
1.289062e+00 1.314105e+01 6.293209e-01
1.299805e+00 1.282855e+01 6.042428e-01
1.310547e+00 1.252348e+01 5.802431e-01
1.321289e+00 1.222589e+01 5.572821e-01
1.332031e+00 1.193583e+01 5.353205e-01
1.342773e+00 1.165330e+01 5.143202e-01
1.353516e+00 1.137830e+01 4.942436e-01
1.364258e+00 1.111081e+01 4.750539e-01
1.375000e+00 1.085078e+01 4.567154e-01
1.385742e+00 1.059816e+01 4.391933e-01
1.396484e+00 1.035287e+01 4.224535e-01
1.399170e+00 1.029269e+01 4.183870e-01
1.401855e+00 1.023296e+01 4.143667e-01
1.404541e+00 1.017368e+01 4.103923e-01
1.407227e+00 1.011484e+01 4.064633e-01
1.409912e+00 1.005646e+01 4.025791e-01
1.412598e+00 9.998521e+00 3.987392e-01
1.415283e+00 9.941027e+00 3.949432e-01
1.417969e+00 9.883975e+00 3.911906e-01
1.420654e+00 9.827364e+00 3.874809e-01
1.423340e+00 9.771192e+00 3.838137e-01
1.426025e+00 9.715458e+00 3.801884e-01
1.428711e+00 9.660159e+00 3.766047e-01
1.431396e+00 9.605295e+00 3.730619e-01
1.434082e+00 9.550862e+00 3.695598e-01
1.436768e+00 9.496859e+00 3.660978e-01
1.439453e+00 9.443285e+00 3.626755e-01
1.442139e+00 9.390137e+00 3.592924e-01
1.444824e+00 9.337413e+00 3.559481e-01
1.447510e+00 9.285112e+00 3.526422e-01
1.450195e+00 9.233230e+00 3.493742e-01
1.455566e+00 9.130720e+00 3.429503e-01
1.460938e+00 9.029866e+00 3.366729e-01
1.466309e+00 8.930652e+00 3.305389e-01
1.471680e+00 8.833059e+00 3.245448e-01
1.477051e+00 8.737070e+00 3.186875e-01
1.482422e+00 8.642667e+00 3.129639e-01
1.487793e+00 8.549833e+00 3.073709e-01
1.493164e+00 8.458548e+00 3.019054e-01
1.498535e+00 8.368795e+00 2.965645e-01
1.503906e+00 8.280554e+00 2.913453e-01
1.514648e+00 8.108533e+00 2.812605e-01
1.525391e+00 7.942334e+00 2.716290e-01
1.536133e+00 7.781802e+00 2.624296e-01
1.546875e+00 7.626782e+00 2.536419e-01
1.557617e+00 7.477117e+00 2.452465e-01
1.568359e+00 7.332652e+00 2.372248e-01
1.579102e+00 7.193232e+00 2.295589e-01
1.589844e+00 7.058701e+00 2.222317e-01
1.600586e+00 6.928906e+00 2.152270e-01
1.611328e+00 6.803694e+00 2.085292e-01
1.622070e+00 6.682914e+00 2.021234e-01
1.632812e+00 6.566419e+00 1.959955e-01
1.643555e+00 6.454060e+00 1.901318e-01
1.654297e+00 6.345695e+00 1.845196e-01
1.665039e+00 6.241181e+00 1.791464e-01
1.675781e+00 6.140379e+00 1.740006e-01
1.686523e+00 6.043153e+00 1.690710e-01
1.697266e+00 5.949371e+00 1.643469e-01
1.708008e+00 5.858901e+00 1.598183e-01
1.718750e+00 5.771616e+00 1.554756e-01
1.729492e+00 5.687392e+00 1.513095e-01
1.740234e+00 5.606109e+00 1.473114e-01
1.750977e+00 5.527650e+00 1.434730e-01
1.761719e+00 5.451900e+00 1.397864e-01
1.772461e+00 5.378748e+00 1.362442e-01
1.783203e+00 5.308085e+00 1.328392e-01
1.793945e+00 5.239808e+00 1.295648e-01
1.804688e+00 5.173815e+00 1.264145e-01
1.815430e+00 5.110008e+00 1.233823e-01
1.826172e+00 5.048292e+00 1.204623e-01
1.836914e+00 4.988575e+00 1.176492e-01
1.847656e+00 4.930769e+00 1.149377e-01
1.858398e+00 4.874789e+00 1.123229e-01
1.869141e+00 4.820550e+00 1.098001e-01
1.879883e+00 4.767975e+00 1.073650e-01
1.890625e+00 4.716987e+00 1.050132e-01
1.901367e+00 4.667511e+00 1.027409e-01
1.912109e+00 4.619476e+00 1.005443e-01
1.922852e+00 4.572815e+00 9.841975e-02
1.933594e+00 4.527461e+00 9.636391e-02
1.955078e+00 4.440426e+00 9.244567e-02
1.976562e+00 4.357897e+00 8.876586e-02
1.998047e+00 4.279436e+00 8.530320e-02
2.019531e+00 4.204643e+00 8.203857e-02
2.041016e+00 4.133152e+00 7.895485e-02
2.062500e+00 4.064627e+00 7.603664e-02
2.083984e+00 3.998764e+00 7.327014e-02
2.105469e+00 3.935287e+00 7.064297e-02
2.126953e+00 3.873944e+00 6.814400e-02
2.148438e+00 3.814508e+00 6.576325e-02
2.159180e+00 3.785441e+00 6.461436e-02
2.169922e+00 3.756776e+00 6.349174e-02
2.180664e+00 3.728490e+00 6.239439e-02
2.191406e+00 3.700562e+00 6.132140e-02
2.202148e+00 3.672973e+00 6.027187e-02
2.212891e+00 3.645703e+00 5.924497e-02
2.223633e+00 3.618734e+00 5.823990e-02
2.234375e+00 3.592050e+00 5.725592e-02
2.245117e+00 3.565634e+00 5.629229e-02
2.255859e+00 3.539472e+00 5.534834e-02
2.261230e+00 3.526482e+00 5.488354e-02
2.266602e+00 3.513550e+00 5.442343e-02
2.271973e+00 3.500674e+00 5.396791e-02
2.277344e+00 3.487853e+00 5.351693e-02
2.282715e+00 3.475086e+00 5.307040e-02
2.288086e+00 3.462370e+00 5.262825e-02
2.293457e+00 3.449705e+00 5.219043e-02
2.298828e+00 3.437089e+00 5.175686e-02
2.304199e+00 3.424521e+00 5.132748e-02
2.309570e+00 3.411999e+00 5.090222e-02
2.314941e+00 3.399523e+00 5.048102e-02
2.320312e+00 3.387090e+00 5.006382e-02
2.325684e+00 3.374701e+00 4.965056e-02
2.331055e+00 3.362352e+00 4.924118e-02
2.336426e+00 3.350045e+00 4.883563e-02
2.341797e+00 3.337777e+00 4.843385e-02
2.347168e+00 3.325547e+00 4.803579e-02
2.352539e+00 3.313355e+00 4.764139e-02
2.357910e+00 3.301199e+00 4.725061e-02
2.363281e+00 3.289079e+00 4.686339e-02
2.384766e+00 3.240938e+00 4.534919e-02
2.406250e+00 3.193302e+00 4.388828e-02
2.427734e+00 3.146126e+00 4.247798e-02
2.449219e+00 3.099373e+00 4.111581e-02
2.470703e+00 3.053012e+00 3.979950e-02
2.492188e+00 3.007019e+00 3.852697e-02
2.513672e+00 2.961371e+00 3.729630e-02
2.535156e+00 2.916053e+00 3.610572e-02
2.556641e+00 2.871052e+00 3.495359e-02
2.578125e+00 2.826358e+00 3.383837e-02
2.599609e+00 2.781967e+00 3.275865e-02
2.621094e+00 2.737874e+00 3.171309e-02
2.642578e+00 2.694078e+00 3.070045e-02
2.664062e+00 2.650580e+00 2.971955e-02
2.685547e+00 2.607382e+00 2.876930e-02
2.707031e+00 2.564488e+00 2.784866e-02
2.728516e+00 2.521902e+00 2.695662e-02
2.750000e+00 2.479631e+00 2.609227e-02
2.771484e+00 2.437681e+00 2.525470e-02
2.792969e+00 2.396060e+00 2.444306e-02
2.814453e+00 2.354774e+00 2.365655e-02
2.835938e+00 2.313832e+00 2.289437e-02
2.857422e+00 2.273243e+00 2.215579e-02
2.878906e+00 2.233015e+00 2.144010e-02
2.900391e+00 2.193155e+00 2.074658e-02
2.921875e+00 2.153673e+00 2.007459e-02
2.943359e+00 2.114576e+00 1.942347e-02
2.964844e+00 2.075872e+00 1.879261e-02
2.986328e+00 2.037569e+00 1.818141e-02
3.007812e+00 1.999675e+00 1.758928e-02
3.050781e+00 1.925138e+00 1.646000e-02
3.093750e+00 1.852314e+00 1.540048e-02
3.136719e+00 1.781247e+00 1.440665e-02
3.179688e+00 1.711975e+00 1.347469e-02
3.222656e+00 1.644531e+00 1.260098e-02
3.265625e+00 1.578937e+00 1.178209e-02
3.308594e+00 1.515210e+00 1.101479e-02
3.351562e+00 1.453361e+00 1.029601e-02
3.394531e+00 1.393393e+00 9.622860e-03
3.437500e+00 1.335304e+00 8.992595e-03
3.480469e+00 1.279087e+00 8.402621e-03
3.523438e+00 1.224728e+00 7.850490e-03
3.566406e+00 1.172210e+00 7.333885e-03
3.609375e+00 1.121511e+00 6.850618e-03
3.652344e+00 1.072605e+00 6.398627e-03
3.695312e+00 1.025463e+00 5.975964e-03
3.738281e+00 9.800538e-01 5.580795e-03
3.781250e+00 9.363421e-01 5.211394e-03
3.824219e+00 8.942917e-01 4.866132e-03
3.867188e+00 8.538641e-01 4.543478e-03
3.910156e+00 8.150196e-01 4.241993e-03
3.953125e+00 7.777169e-01 3.960322e-03
3.996094e+00 7.419139e-01 3.697195e-03
4.039062e+00 7.075681e-01 3.451415e-03
4.082031e+00 6.746362e-01 3.221863e-03
4.125000e+00 6.430749e-01 3.007487e-03
4.167969e+00 6.128406e-01 2.807300e-03
4.210938e+00 5.838903e-01 2.620377e-03
4.253906e+00 5.561807e-01 2.445852e-03
4.296875e+00 5.296693e-01 2.282914e-03
4.318359e+00 5.168498e-01 2.205550e-03
4.339844e+00 5.043141e-01 2.130802e-03
4.361328e+00 4.920570e-01 2.058581e-03
4.382812e+00 4.800734e-01 1.988804e-03
4.404297e+00 4.683583e-01 1.921388e-03
4.425781e+00 4.569066e-01 1.856255e-03
4.447266e+00 4.457133e-01 1.793327e-03
4.468750e+00 4.347735e-01 1.732531e-03
4.490234e+00 4.240823e-01 1.673795e-03
4.511719e+00 4.136348e-01 1.617049e-03
4.533203e+00 4.034264e-01 1.562227e-03
4.554688e+00 3.934523e-01 1.509263e-03
4.576172e+00 3.837077e-01 1.458096e-03
4.597656e+00 3.741881e-01 1.408663e-03
4.619141e+00 3.648892e-01 1.360908e-03
4.640625e+00 3.558063e-01 1.314773e-03
4.662109e+00 3.469352e-01 1.270204e-03
4.683594e+00 3.382714e-01 1.227148e-03
4.705078e+00 3.298106e-01 1.185553e-03
4.726562e+00 3.215487e-01 1.145371e-03
4.769531e+00 3.056049e-01 1.069053e-03
4.812500e+00 2.904074e-01 9.978295e-04
4.855469e+00 2.759248e-01 9.313621e-04
4.898438e+00 2.621268e-01 8.693334e-04
4.941406e+00 2.489838e-01 8.114470e-04
4.984375e+00 2.364677e-01 7.574266e-04
5.027344e+00 2.245510e-01 7.070139e-04
5.070312e+00 2.132074e-01 6.599680e-04
5.113281e+00 2.024114e-01 6.160638e-04
5.156250e+00 1.921386e-01 5.750914e-04
5.242188e+00 1.730695e-01 5.011704e-04
5.328125e+00 1.558225e-01 4.367887e-04
5.414062e+00 1.402340e-01 3.807123e-04
5.500000e+00 1.261535e-01 3.318671e-04
5.585938e+00 1.134428e-01 2.893176e-04
5.671875e+00 1.019750e-01 2.522496e-04
5.757812e+00 9.163409e-02 2.199541e-04
5.843750e+00 8.231408e-02 1.918143e-04
5.929688e+00 7.391822e-02 1.672931e-04
6.015625e+00 6.635831e-02 1.459231e-04
6.101562e+00 5.955407e-02 1.272974e-04
6.187500e+00 5.343252e-02 1.110620e-04
6.273438e+00 4.792732e-02 9.690856e-05
6.359375e+00 4.297829e-02 8.456884e-05
6.445312e+00 3.853083e-02 7.380921e-05
6.531250e+00 3.453549e-02 6.442629e-05
6.617188e+00 3.094747e-02 5.624299e-05
6.703125e+00 2.772624e-02 4.910509e-05
6.789062e+00 2.483515e-02 4.287828e-05
6.875000e+00 2.224108e-02 3.744559e-05
7.046875e+00 1.782751e-02 2.856851e-05
7.218750e+00 1.427981e-02 2.180663e-05
7.390625e+00 1.143076e-02 1.665339e-05
7.562500e+00 9.144741e-03 1.272421e-05
7.734375e+00 7.311945e-03 9.726858e-06
7.906250e+00 5.843580e-03 7.439231e-06
8.078125e+00 4.667962e-03 5.692412e-06
8.250000e+00 3.727298e-03 4.357891e-06
8.421875e+00 2.975050e-03 3.337850e-06
8.593750e+00 2.373788e-03 2.557800e-06
8.765625e+00 1.893437e-03 1.960989e-06
8.937500e+00 1.509847e-03 1.504150e-06
9.109375e+00 1.203655e-03 1.154290e-06
9.281250e+00 9.593294e-04 8.862269e-07
9.453125e+00 7.644226e-04 6.807268e-07
9.625000e+00 6.089804e-04 5.231087e-07
9.796875e+00 4.850551e-04 4.021667e-07
9.968750e+00 3.862938e-04 3.093332e-07
1.014062e+01 3.076013e-04 2.380394e-07
1.031250e+01 2.449090e-04 1.832597e-07
1.065625e+01 1.552029e-04 1.087630e-07
1.100000e+01 9.831486e-05 6.465825e-08
1.134375e+01 6.225465e-05 3.849893e-08
1.168750e+01 3.940865e-05 2.295823e-08
1.203125e+01 2.494411e-05 1.371313e-08
1.237500e+01 1.578956e-05 8.204834e-09
1.271875e+01 9.994863e-06 4.916750e-09
1.306250e+01 6.326131e-06 2.950365e-09
1.340625e+01 4.002434e-06 1.772147e-09
1.375000e+01 2.532956e-06 1.066135e-09
1.443750e+01 1.014054e-06 3.871391e-10
1.512500e+01 4.066799e-07 1.414660e-10
1.581250e+01 1.630946e-07 5.190733e-11
1.650000e+01 6.493193e-08 1.897931e-11
1.718750e+01 2.624878e-08 7.070886e-12
1.787500e+01 1.081689e-08 2.694018e-12
1.856250e+01 3.982013e-09 9.196443e-13
1.925000e+01 1.626921e-09 3.493777e-13
1.993750e+01 9.877944e-10 1.977495e-13
2.062500e+01 2.865142e-10 5.359798e-14
2.131250e+01 1.240096e-10 2.172584e-14
2.200000e+01 5.930285e-11 9.750353e-15
2.268750e+01 3.367950e-11 5.206939e-15
2.337500e+01 2.373744e-11 3.457170e-15
2.406250e+01 2.022493e-11 2.779685e-15
2.475000e+01 1.921593e-11 2.496325e-15
2.543750e+01 1.912525e-11 2.352060e-15
2.612500e+01 1.951139e-11 2.274918e-15
2.681250e+01 2.006037e-11 2.220519e-15
2.750000e+01 2.058920e-11 2.166528e-15
3.025000e+01 2.277804e-11 1.980869e-15
3.300000e+01 2.465446e-11 1.801597e-15
3.575000e+01 2.613327e-11 1.627166e-15
3.850000e+01 2.714470e-11 1.457316e-15
4.125000e+01 2.764426e-11 1.292847e-15
4.400000e+01 2.768652e-11 1.138029e-15
4.675000e+01 2.748185e-11 1.000629e-15
4.950000e+01 2.738741e-11 8.894688e-16
5.225000e+01 2.781730e-11 8.108352e-16
5.500000e+01 2.908921e-11 7.652384e-16
6.050000e+01 3.392973e-11 7.376660e-16
6.600000e+01 3.923284e-11 7.167242e-16
7.150000e+01 4.000263e-11 6.226824e-16
7.700000e+01 3.760763e-11 5.047597e-16
8.250000e+01 3.772485e-11 4.410723e-16
8.800000e+01 4.091180e-11 4.204103e-16
9.350000e+01 3.992793e-11 3.634492e-16
9.900000e+01 2.762294e-11 2.242795e-16
1.045000e+02 8.905220e-12 6.489365e-17
1.100000e+02 0.000000e+00 0.000000e+00
