# 
# Output from RAtom program.
# 
# Total radial electron density.
# The first column contains radius $r$ in bohr units.
# The second column holds $\rho(r)$.
# The third column holds $\tilde{\rho}(r) = \rho(r) / (\pi * r * r)$
# 
# Use this file with gnuplot to create the plot.
# 
# R     Rho     RhoTilde
#
0.000000e+00 0.000000e+00 3.268178e+05
7.629395e-05 2.362616e-02 3.230005e+05
1.525879e-04 9.340080e-02 3.192277e+05
2.288818e-04 2.076972e-01 3.154991e+05
3.051758e-04 3.649269e-01 3.118142e+05
3.814697e-04 5.635386e-01 3.081723e+05
4.577637e-04 8.020179e-01 3.045731e+05
5.340576e-04 1.078886e+00 3.010160e+05
6.103516e-04 1.392701e+00 2.975006e+05
6.866455e-04 1.742053e+00 2.940263e+05
7.629395e-04 2.125567e+00 2.905928e+05
8.392334e-04 2.541903e+00 2.871994e+05
9.155273e-04 2.989751e+00 2.838459e+05
9.918213e-04 3.467835e+00 2.805316e+05
1.068115e-03 3.974910e+00 2.772562e+05
1.144409e-03 4.509760e+00 2.740191e+05
1.220703e-03 5.071201e+00 2.708201e+05
1.296997e-03 5.658078e+00 2.676585e+05
1.373291e-03 6.269266e+00 2.645341e+05
1.449585e-03 6.903665e+00 2.614463e+05
1.525879e-03 7.560207e+00 2.583948e+05
1.678467e-03 8.935574e+00 2.523987e+05
1.831055e-03 1.038734e+01 2.465426e+05
1.983643e-03 1.190790e+01 2.408233e+05
2.136230e-03 1.349003e+01 2.352377e+05
2.288818e-03 1.512689e+01 2.297825e+05
2.441406e-03 1.681199e+01 2.244550e+05
2.593994e-03 1.853922e+01 2.192521e+05
2.746582e-03 2.030278e+01 2.141709e+05
2.899170e-03 2.209718e+01 2.092087e+05
3.051758e-03 2.391726e+01 2.043626e+05
3.356934e-03 2.761526e+01 1.950086e+05
3.662109e-03 3.136108e+01 1.860881e+05
3.967285e-03 3.512319e+01 1.775813e+05
4.272461e-03 3.887384e+01 1.694694e+05
4.577637e-03 4.258875e+01 1.617344e+05
4.882812e-03 4.624682e+01 1.543590e+05
5.187988e-03 4.982986e+01 1.473268e+05
5.493164e-03 5.332229e+01 1.406222e+05
5.798340e-03 5.671096e+01 1.342301e+05
6.103516e-03 5.998487e+01 1.281362e+05
6.256104e-03 6.157591e+01 1.251968e+05
6.408691e-03 6.313502e+01 1.223268e+05
6.561279e-03 6.466137e+01 1.195248e+05
6.713867e-03 6.615420e+01 1.167890e+05
6.866455e-03 6.761286e+01 1.141180e+05
7.019043e-03 6.903679e+01 1.115103e+05
7.171631e-03 7.042552e+01 1.089643e+05
7.324219e-03 7.177865e+01 1.064787e+05
7.476807e-03 7.309586e+01 1.040520e+05
7.629395e-03 7.437691e+01 1.016830e+05
7.781982e-03 7.562163e+01 9.937010e+04
7.934570e-03 7.682991e+01 9.711216e+04
8.087158e-03 7.800169e+01 9.490788e+04
8.239746e-03 7.913699e+01 9.275600e+04
8.392334e-03 8.023587e+01 9.065529e+04
8.544922e-03 8.129844e+01 8.860457e+04
8.697510e-03 8.232486e+01 8.660267e+04
8.850098e-03 8.331535e+01 8.464845e+04
9.002686e-03 8.427015e+01 8.274080e+04
9.155273e-03 8.518955e+01 8.087863e+04
9.460449e-03 8.692348e+01 7.728651e+04
9.765625e-03 8.852014e+01 7.386388e+04
1.007080e-02 8.998299e+01 7.060290e+04
1.037598e-02 9.131592e+01 6.749610e+04
1.068115e-02 9.252313e+01 6.453632e+04
1.098633e-02 9.360911e+01 6.171676e+04
1.129150e-02 9.457860e+01 5.903090e+04
1.159668e-02 9.543650e+01 5.647254e+04
1.190186e-02 9.618786e+01 5.403574e+04
1.220703e-02 9.683785e+01 5.171484e+04
1.235962e-02 9.712646e+01 5.059615e+04
1.251221e-02 9.739168e+01 4.950444e+04
1.266479e-02 9.763417e+01 4.843906e+04
1.281738e-02 9.785460e+01 4.739938e+04
1.296997e-02 9.805362e+01 4.638481e+04
1.312256e-02 9.823190e+01 4.539475e+04
1.327515e-02 9.839007e+01 4.442861e+04
1.342773e-02 9.852880e+01 4.348584e+04
1.358032e-02 9.864874e+01 4.256587e+04
1.373291e-02 9.875053e+01 4.166817e+04
1.388550e-02 9.883482e+01 4.079220e+04
1.403809e-02 9.890223e+01 3.993746e+04
1.419067e-02 9.895342e+01 3.910343e+04
1.434326e-02 9.898899e+01 3.828963e+04
1.449585e-02 9.900957e+01 3.749557e+04
1.464844e-02 9.901577e+01 3.672078e+04
1.480103e-02 9.900820e+01 3.596480e+04
1.495361e-02 9.898745e+01 3.522719e+04
1.510620e-02 9.895413e+01 3.450750e+04
1.525879e-02 9.890881e+01 3.380531e+04
1.556396e-02 9.878446e+01 3.245176e+04
1.586914e-02 9.861890e+01 3.116330e+04
1.617432e-02 9.841650e+01 2.993686e+04
1.647949e-02 9.818146e+01 2.876948e+04
1.678467e-02 9.791782e+01 2.765836e+04
1.708984e-02 9.762950e+01 2.660082e+04
1.739502e-02 9.732024e+01 2.559431e+04
1.770020e-02 9.699360e+01 2.463639e+04
1.800537e-02 9.665302e+01 2.372474e+04
1.831055e-02 9.630174e+01 2.285713e+04
1.861572e-02 9.594287e+01 2.203145e+04
1.892090e-02 9.557934e+01 2.124568e+04
1.922607e-02 9.521394e+01 2.049790e+04
1.953125e-02 9.484927e+01 1.978628e+04
1.983643e-02 9.448782e+01 1.910905e+04
2.014160e-02 9.413188e+01 1.846456e+04
2.044678e-02 9.378364e+01 1.785120e+04
2.075195e-02 9.344511e+01 1.726747e+04
2.105713e-02 9.311817e+01 1.671192e+04
2.136230e-02 9.280455e+01 1.618316e+04
2.166748e-02 9.250587e+01 1.567988e+04
2.197266e-02 9.222360e+01 1.520082e+04
2.227783e-02 9.195908e+01 1.474480e+04
2.258301e-02 9.171355e+01 1.431067e+04
2.288818e-02 9.148810e+01 1.389735e+04
2.319336e-02 9.128373e+01 1.350381e+04
2.349854e-02 9.110132e+01 1.312905e+04
2.380371e-02 9.094165e+01 1.277214e+04
2.410889e-02 9.080540e+01 1.243219e+04
2.441406e-02 9.069313e+01 1.210833e+04
2.471924e-02 9.060533e+01 1.179978e+04
2.502441e-02 9.054241e+01 1.150573e+04
2.532959e-02 9.050467e+01 1.122548e+04
2.563477e-02 9.049233e+01 1.095830e+04
2.593994e-02 9.050556e+01 1.070354e+04
2.624512e-02 9.054442e+01 1.046056e+04
2.655029e-02 9.060894e+01 1.022875e+04
2.685547e-02 9.069906e+01 1.000754e+04
2.716064e-02 9.081465e+01 9.796387e+03
2.746582e-02 9.095555e+01 9.594762e+03
2.777100e-02 9.112153e+01 9.402173e+03
2.807617e-02 9.131230e+01 9.218148e+03
2.838135e-02 9.152754e+01 9.042238e+03
2.868652e-02 9.176688e+01 8.874017e+03
2.899170e-02 9.202989e+01 8.713080e+03
2.929688e-02 9.231612e+01 8.559041e+03
2.960205e-02 9.262509e+01 8.411533e+03
2.990723e-02 9.295627e+01 8.270210e+03
3.021240e-02 9.330911e+01 8.134740e+03
3.051758e-02 9.368303e+01 8.004808e+03
3.067017e-02 9.387770e+01 7.941825e+03
3.082275e-02 9.407742e+01 7.880117e+03
3.097534e-02 9.428210e+01 7.819647e+03
3.112793e-02 9.449166e+01 7.760382e+03
3.128052e-02 9.470601e+01 7.702289e+03
3.143311e-02 9.492509e+01 7.645336e+03
3.158569e-02 9.514880e+01 7.589490e+03
3.173828e-02 9.537705e+01 7.534722e+03
3.189087e-02 9.560977e+01 7.481001e+03
3.204346e-02 9.584687e+01 7.428298e+03
3.211975e-02 9.596703e+01 7.402320e+03
3.219604e-02 9.608825e+01 7.376585e+03
3.227234e-02 9.621052e+01 7.351091e+03
3.234863e-02 9.633383e+01 7.325834e+03
3.242493e-02 9.645817e+01 7.300811e+03
3.250122e-02 9.658352e+01 7.276019e+03
3.257751e-02 9.670988e+01 7.251454e+03
3.265381e-02 9.683723e+01 7.227113e+03
3.273010e-02 9.696557e+01 7.202992e+03
3.280640e-02 9.709488e+01 7.179090e+03
3.288269e-02 9.722514e+01 7.155402e+03
3.295898e-02 9.735636e+01 7.131926e+03
3.303528e-02 9.748851e+01 7.108658e+03
3.311157e-02 9.762159e+01 7.085596e+03
3.318787e-02 9.775558e+01 7.062737e+03
3.326416e-02 9.789048e+01 7.040078e+03
3.334045e-02 9.802626e+01 7.017615e+03
3.341675e-02 9.816293e+01 6.995347e+03
3.349304e-02 9.830047e+01 6.973271e+03
3.356934e-02 9.843886e+01 6.951383e+03
3.387451e-02 9.900076e+01 6.865664e+03
3.417969e-02 9.957543e+01 6.782756e+03
3.448486e-02 1.001621e+02 6.702499e+03
3.479004e-02 1.007601e+02 6.624744e+03
3.509521e-02 1.013687e+02 6.549349e+03
3.540039e-02 1.019870e+02 6.476181e+03
3.570557e-02 1.026144e+02 6.405111e+03
3.601074e-02 1.032501e+02 6.336022e+03
3.631592e-02 1.038935e+02 6.268798e+03
3.662109e-02 1.045436e+02 6.203333e+03
3.723145e-02 1.058617e+02 6.077281e+03
3.784180e-02 1.071988e+02 5.957122e+03
3.845215e-02 1.085493e+02 5.842195e+03
3.906250e-02 1.099080e+02 5.731910e+03
3.967285e-02 1.112697e+02 5.625747e+03
4.028320e-02 1.126295e+02 5.523245e+03
4.089355e-02 1.139827e+02 5.423996e+03
4.150391e-02 1.153248e+02 5.327642e+03
4.211426e-02 1.166516e+02 5.233867e+03
4.272461e-02 1.179592e+02 5.142397e+03
4.333496e-02 1.192436e+02 5.052990e+03
4.394531e-02 1.205015e+02 4.965438e+03
4.455566e-02 1.217297e+02 4.879560e+03
4.516602e-02 1.229250e+02 4.795200e+03
4.577637e-02 1.240848e+02 4.712225e+03
4.638672e-02 1.252065e+02 4.630520e+03
4.699707e-02 1.262880e+02 4.549991e+03
4.760742e-02 1.273271e+02 4.470557e+03
4.821777e-02 1.283221e+02 4.392152e+03
4.882812e-02 1.292714e+02 4.314720e+03
4.913330e-02 1.297286e+02 4.276356e+03
4.943848e-02 1.301737e+02 4.238219e+03
4.974365e-02 1.306069e+02 4.200306e+03
5.004883e-02 1.310279e+02 4.162613e+03
5.035400e-02 1.314366e+02 4.125137e+03
5.065918e-02 1.318329e+02 4.087876e+03
5.096436e-02 1.322168e+02 4.050826e+03
5.126953e-02 1.325881e+02 4.013988e+03
5.157471e-02 1.329468e+02 3.977357e+03
5.187988e-02 1.332929e+02 3.940935e+03
5.218506e-02 1.336263e+02 3.904719e+03
5.249023e-02 1.339470e+02 3.868709e+03
5.279541e-02 1.342549e+02 3.832905e+03
5.310059e-02 1.345501e+02 3.797306e+03
5.340576e-02 1.348326e+02 3.761912e+03
5.371094e-02 1.351023e+02 3.726725e+03
5.401611e-02 1.353593e+02 3.691743e+03
5.432129e-02 1.356036e+02 3.656967e+03
5.462646e-02 1.358352e+02 3.622399e+03
5.493164e-02 1.360543e+02 3.588039e+03
5.554199e-02 1.364548e+02 3.519946e+03
5.615234e-02 1.368057e+02 3.452697e+03
5.676270e-02 1.371076e+02 3.386301e+03
5.737305e-02 1.373613e+02 3.320768e+03
5.798340e-02 1.375676e+02 3.256109e+03
5.859375e-02 1.377275e+02 3.192334e+03
5.920410e-02 1.378422e+02 3.129455e+03
5.981445e-02 1.379126e+02 3.067481e+03
6.042480e-02 1.379401e+02 3.006424e+03
6.103516e-02 1.379259e+02 2.946293e+03
6.134033e-02 1.379036e+02 2.916577e+03
6.164551e-02 1.378714e+02 2.887097e+03
6.195068e-02 1.378294e+02 2.857852e+03
6.225586e-02 1.377778e+02 2.828844e+03
6.256104e-02 1.377169e+02 2.800075e+03
6.286621e-02 1.376468e+02 2.771544e+03
6.317139e-02 1.375677e+02 2.743252e+03
6.347656e-02 1.374797e+02 2.715201e+03
6.378174e-02 1.373831e+02 2.687391e+03
6.408691e-02 1.372781e+02 2.659823e+03
6.423950e-02 1.372225e+02 2.646130e+03
6.439209e-02 1.371648e+02 2.632497e+03
6.454468e-02 1.371052e+02 2.618925e+03
6.469727e-02 1.370435e+02 2.605414e+03
6.484985e-02 1.369799e+02 2.591964e+03
6.500244e-02 1.369143e+02 2.578575e+03
6.515503e-02 1.368469e+02 2.565246e+03
6.530762e-02 1.367775e+02 2.551979e+03
6.546021e-02 1.367063e+02 2.538773e+03
6.561279e-02 1.366332e+02 2.525628e+03
6.576538e-02 1.365583e+02 2.512544e+03
6.591797e-02 1.364816e+02 2.499521e+03
6.607056e-02 1.364032e+02 2.486559e+03
6.622314e-02 1.363230e+02 2.473658e+03
6.637573e-02 1.362411e+02 2.460819e+03
6.652832e-02 1.361575e+02 2.448041e+03
6.668091e-02 1.360723e+02 2.435324e+03
6.683350e-02 1.359854e+02 2.422669e+03
6.698608e-02 1.358969e+02 2.410074e+03
6.713867e-02 1.358068e+02 2.397541e+03
6.774902e-02 1.354310e+02 2.348022e+03
6.835938e-02 1.350318e+02 2.299483e+03
6.896973e-02 1.346109e+02 2.251921e+03
6.958008e-02 1.341696e+02 2.205335e+03
7.019043e-02 1.337098e+02 2.159721e+03
7.080078e-02 1.332329e+02 2.115074e+03
7.141113e-02 1.327405e+02 2.071390e+03
7.202148e-02 1.322341e+02 2.028662e+03
7.263184e-02 1.317153e+02 1.986883e+03
7.324219e-02 1.311855e+02 1.946047e+03
7.385254e-02 1.306461e+02 1.906144e+03
7.446289e-02 1.300986e+02 1.867166e+03
7.507324e-02 1.295444e+02 1.829105e+03
7.568359e-02 1.289849e+02 1.791948e+03
7.629395e-02 1.284213e+02 1.755687e+03
7.690430e-02 1.278550e+02 1.720309e+03
7.751465e-02 1.272871e+02 1.685804e+03
7.812500e-02 1.267190e+02 1.652159e+03
7.873535e-02 1.261518e+02 1.619362e+03
7.934570e-02 1.255866e+02 1.587400e+03
7.995605e-02 1.250244e+02 1.556261e+03
8.056641e-02 1.244665e+02 1.525930e+03
8.117676e-02 1.239136e+02 1.496393e+03
8.178711e-02 1.233669e+02 1.467638e+03
8.239746e-02 1.228272e+02 1.439650e+03
8.300781e-02 1.222954e+02 1.412415e+03
8.361816e-02 1.217723e+02 1.385918e+03
8.422852e-02 1.212588e+02 1.360145e+03
8.483887e-02 1.207555e+02 1.335080e+03
8.544922e-02 1.202632e+02 1.310710e+03
8.605957e-02 1.197825e+02 1.287020e+03
8.666992e-02 1.193141e+02 1.263994e+03
8.728027e-02 1.188585e+02 1.241618e+03
8.789062e-02 1.184162e+02 1.219878e+03
8.850098e-02 1.179878e+02 1.198757e+03
8.911133e-02 1.175738e+02 1.178243e+03
8.972168e-02 1.171744e+02 1.158319e+03
9.033203e-02 1.167901e+02 1.138971e+03
9.094238e-02 1.164213e+02 1.120186e+03
9.155273e-02 1.160682e+02 1.101948e+03
9.216309e-02 1.157312e+02 1.084243e+03
9.277344e-02 1.154104e+02 1.067057e+03
9.338379e-02 1.151060e+02 1.050377e+03
9.399414e-02 1.148182e+02 1.034187e+03
9.460449e-02 1.145471e+02 1.018476e+03
9.521484e-02 1.142929e+02 1.003229e+03
9.582520e-02 1.140556e+02 9.884331e+02
9.643555e-02 1.138352e+02 9.740750e+02
9.704590e-02 1.136317e+02 9.601420e+02
9.765625e-02 1.134452e+02 9.466214e+02
9.826660e-02 1.132756e+02 9.335006e+02
9.887695e-02 1.131228e+02 9.207674e+02
9.948730e-02 1.129866e+02 9.084099e+02
1.000977e-01 1.128671e+02 8.964161e+02
1.007080e-01 1.127640e+02 8.847745e+02
1.013184e-01 1.126772e+02 8.734737e+02
1.019287e-01 1.126065e+02 8.625026e+02
1.025391e-01 1.125516e+02 8.518502e+02
1.031494e-01 1.125125e+02 8.415060e+02
1.037598e-01 1.124887e+02 8.314594e+02
1.043701e-01 1.124801e+02 8.217002e+02
1.049805e-01 1.124863e+02 8.122186e+02
1.055908e-01 1.125072e+02 8.030047e+02
1.062012e-01 1.125423e+02 7.940491e+02
1.068115e-01 1.125914e+02 7.853425e+02
1.074219e-01 1.126541e+02 7.768758e+02
1.080322e-01 1.127300e+02 7.686403e+02
1.086426e-01 1.128189e+02 7.606274e+02
1.092529e-01 1.129203e+02 7.528287e+02
1.098633e-01 1.130339e+02 7.452361e+02
1.110840e-01 1.132961e+02 7.306380e+02
1.123047e-01 1.136023e+02 7.167725e+02
1.135254e-01 1.139491e+02 7.035826e+02
1.147461e-01 1.143333e+02 6.910144e+02
1.159668e-01 1.147515e+02 6.790176e+02
1.171875e-01 1.152001e+02 6.675449e+02
1.184082e-01 1.156758e+02 6.565520e+02
1.196289e-01 1.161751e+02 6.459976e+02
1.208496e-01 1.166945e+02 6.358433e+02
1.220703e-01 1.172307e+02 6.260532e+02
1.226807e-01 1.175039e+02 6.212842e+02
1.232910e-01 1.177801e+02 6.165940e+02
1.239014e-01 1.180588e+02 6.119789e+02
1.245117e-01 1.183397e+02 6.074352e+02
1.251221e-01 1.186222e+02 6.029594e+02
1.257324e-01 1.189060e+02 5.985483e+02
1.263428e-01 1.191907e+02 5.941985e+02
1.269531e-01 1.194759e+02 5.899070e+02
1.275635e-01 1.197612e+02 5.856709e+02
1.281738e-01 1.200463e+02 5.814874e+02
1.283264e-01 1.201175e+02 5.804494e+02
1.284790e-01 1.201887e+02 5.794145e+02
1.286316e-01 1.202598e+02 5.783826e+02
1.287842e-01 1.203308e+02 5.773537e+02
1.289368e-01 1.204018e+02 5.763278e+02
1.290894e-01 1.204727e+02 5.753048e+02
1.292419e-01 1.205436e+02 5.742847e+02
1.293945e-01 1.206143e+02 5.732674e+02
1.295471e-01 1.206850e+02 5.722529e+02
1.296997e-01 1.207556e+02 5.712412e+02
1.297379e-01 1.207733e+02 5.709887e+02
1.297760e-01 1.207909e+02 5.707363e+02
1.298141e-01 1.208085e+02 5.704842e+02
1.298523e-01 1.208261e+02 5.702322e+02
1.298904e-01 1.208437e+02 5.699803e+02
1.299286e-01 1.208613e+02 5.697287e+02
1.299667e-01 1.208789e+02 5.694772e+02
1.300049e-01 1.208965e+02 5.692259e+02
1.300430e-01 1.209141e+02 5.689747e+02
1.300812e-01 1.209317e+02 5.687237e+02
1.301193e-01 1.209493e+02 5.684729e+02
1.301575e-01 1.209668e+02 5.682222e+02
1.301956e-01 1.209844e+02 5.679717e+02
1.302338e-01 1.210019e+02 5.677214e+02
1.302719e-01 1.210195e+02 5.674712e+02
1.303101e-01 1.210370e+02 5.672212e+02
1.303482e-01 1.210545e+02 5.669713e+02
1.303864e-01 1.210721e+02 5.667217e+02
1.304245e-01 1.210896e+02 5.664721e+02
1.304626e-01 1.211071e+02 5.662228e+02
1.305389e-01 1.211421e+02 5.657245e+02
1.306152e-01 1.211770e+02 5.652269e+02
1.306915e-01 1.212120e+02 5.647299e+02
1.307678e-01 1.212469e+02 5.642336e+02
1.308441e-01 1.212817e+02 5.637378e+02
1.309204e-01 1.213166e+02 5.632427e+02
1.309967e-01 1.213514e+02 5.627482e+02
1.310730e-01 1.213861e+02 5.622543e+02
1.311493e-01 1.214209e+02 5.617610e+02
1.312256e-01 1.214556e+02 5.612683e+02
1.315308e-01 1.215940e+02 5.593034e+02
1.318359e-01 1.217317e+02 5.573479e+02
1.321411e-01 1.218688e+02 5.554013e+02
1.324463e-01 1.220052e+02 5.534635e+02
1.327515e-01 1.221409e+02 5.515343e+02
1.330566e-01 1.222757e+02 5.496134e+02
1.333618e-01 1.224098e+02 5.477006e+02
1.336670e-01 1.225429e+02 5.457956e+02
1.339722e-01 1.226752e+02 5.438983e+02
1.342773e-01 1.228065e+02 5.420085e+02
1.354980e-01 1.233217e+02 5.345196e+02
1.367188e-01 1.238190e+02 5.271345e+02
1.379395e-01 1.242964e+02 5.198424e+02
1.391602e-01 1.247518e+02 5.126336e+02
1.403809e-01 1.251833e+02 5.054996e+02
1.416016e-01 1.255893e+02 4.984328e+02
1.428223e-01 1.259681e+02 4.914268e+02
1.440430e-01 1.263183e+02 4.844760e+02
1.452637e-01 1.266386e+02 4.775755e+02
1.464844e-01 1.269277e+02 4.707214e+02
1.477051e-01 1.271847e+02 4.639103e+02
1.489258e-01 1.274085e+02 4.571395e+02
1.501465e-01 1.275984e+02 4.504069e+02
1.513672e-01 1.277537e+02 4.437109e+02
1.525879e-01 1.278738e+02 4.370504e+02
1.538086e-01 1.279583e+02 4.304248e+02
1.550293e-01 1.280068e+02 4.238337e+02
1.562500e-01 1.280191e+02 4.172773e+02
1.574707e-01 1.279950e+02 4.107559e+02
1.586914e-01 1.279347e+02 4.042701e+02
1.593018e-01 1.278909e+02 4.010408e+02
1.599121e-01 1.278380e+02 3.978208e+02
1.605225e-01 1.277761e+02 3.946102e+02
1.611328e-01 1.277053e+02 3.914091e+02
1.617432e-01 1.276254e+02 3.882178e+02
1.623535e-01 1.275366e+02 3.850363e+02
1.629639e-01 1.274390e+02 3.818649e+02
1.635742e-01 1.273325e+02 3.787038e+02
1.641846e-01 1.272172e+02 3.755531e+02
1.647949e-01 1.270932e+02 3.724130e+02
1.654053e-01 1.269606e+02 3.692838e+02
1.660156e-01 1.268193e+02 3.661657e+02
1.666260e-01 1.266696e+02 3.630589e+02
1.672363e-01 1.265114e+02 3.599635e+02
1.678467e-01 1.263448e+02 3.568799e+02
1.684570e-01 1.261700e+02 3.538083e+02
1.690674e-01 1.259870e+02 3.507488e+02
1.696777e-01 1.257959e+02 3.477018e+02
1.702881e-01 1.255968e+02 3.446673e+02
1.708984e-01 1.253898e+02 3.416458e+02
1.721191e-01 1.249525e+02 3.356422e+02
1.733398e-01 1.244848e+02 3.296929e+02
1.745605e-01 1.239877e+02 3.237997e+02
1.757812e-01 1.234620e+02 3.179644e+02
1.770020e-01 1.229089e+02 3.121887e+02
1.782227e-01 1.223291e+02 3.064744e+02
1.794434e-01 1.217239e+02 3.008232e+02
1.806641e-01 1.210943e+02 2.952366e+02
1.818848e-01 1.204413e+02 2.897163e+02
1.831055e-01 1.197661e+02 2.842636e+02
1.843262e-01 1.190697e+02 2.788800e+02
1.855469e-01 1.183534e+02 2.735669e+02
1.867676e-01 1.176182e+02 2.683254e+02
1.879883e-01 1.168654e+02 2.631568e+02
1.892090e-01 1.160961e+02 2.580621e+02
1.904297e-01 1.153114e+02 2.530422e+02
1.916504e-01 1.145125e+02 2.480982e+02
1.928711e-01 1.137006e+02 2.432308e+02
1.940918e-01 1.128768e+02 2.384408e+02
1.953125e-01 1.120423e+02 2.337288e+02
1.977539e-01 1.103457e+02 2.245408e+02
2.001953e-01 1.086196e+02 2.156704e+02
2.026367e-01 1.068729e+02 2.071196e+02
2.050781e-01 1.051139e+02 1.988893e+02
2.075195e-01 1.033507e+02 1.909790e+02
2.099609e-01 1.015912e+02 1.833873e+02
2.124023e-01 9.984269e+01 1.761115e+02
2.148438e-01 9.811208e+01 1.691481e+02
2.172852e-01 9.640592e+01 1.624926e+02
2.197266e-01 9.473025e+01 1.561398e+02
2.209473e-01 9.390562e+01 1.530751e+02
2.221680e-01 9.309068e+01 1.500837e+02
2.233887e-01 9.228605e+01 1.471648e+02
2.246094e-01 9.149235e+01 1.443175e+02
2.258301e-01 9.071012e+01 1.415410e+02
2.270508e-01 8.993993e+01 1.388343e+02
2.282715e-01 8.918227e+01 1.361963e+02
2.294922e-01 8.843764e+01 1.336262e+02
2.307129e-01 8.770648e+01 1.311228e+02
2.319336e-01 8.698923e+01 1.286851e+02
2.331543e-01 8.628628e+01 1.263121e+02
2.343750e-01 8.559800e+01 1.240027e+02
2.355957e-01 8.492473e+01 1.217558e+02
2.368164e-01 8.426680e+01 1.195702e+02
2.380371e-01 8.362449e+01 1.174449e+02
2.392578e-01 8.299807e+01 1.153788e+02
2.404785e-01 8.238777e+01 1.133706e+02
2.416992e-01 8.179381e+01 1.114192e+02
2.429199e-01 8.121638e+01 1.095235e+02
2.441406e-01 8.065563e+01 1.076824e+02
2.453613e-01 8.011172e+01 1.058946e+02
2.465820e-01 7.958477e+01 1.041591e+02
2.478027e-01 7.907485e+01 1.024746e+02
2.490234e-01 7.858206e+01 1.008401e+02
2.502441e-01 7.810645e+01 9.925427e+01
2.514648e-01 7.764804e+01 9.771608e+01
2.526855e-01 7.720684e+01 9.622438e+01
2.539062e-01 7.678286e+01 9.477802e+01
2.551270e-01 7.637607e+01 9.337589e+01
2.563477e-01 7.598641e+01 9.201685e+01
2.566528e-01 7.589167e+01 9.168370e+01
2.569580e-01 7.579800e+01 9.135315e+01
2.572632e-01 7.570539e+01 9.102520e+01
2.575684e-01 7.561384e+01 9.069982e+01
2.578735e-01 7.552336e+01 9.037699e+01
2.581787e-01 7.543393e+01 9.005670e+01
2.584839e-01 7.534557e+01 8.973894e+01
2.587891e-01 7.525827e+01 8.942368e+01
2.590942e-01 7.517202e+01 8.911090e+01
2.593994e-01 7.508683e+01 8.880060e+01
2.595520e-01 7.504463e+01 8.864637e+01
2.597046e-01 7.500269e+01 8.849276e+01
2.598572e-01 7.496102e+01 8.833975e+01
2.600098e-01 7.491960e+01 8.818735e+01
2.601624e-01 7.487845e+01 8.803555e+01
2.603149e-01 7.483757e+01 8.788436e+01
2.604675e-01 7.479694e+01 8.773377e+01
2.606201e-01 7.475658e+01 8.758378e+01
2.607727e-01 7.471648e+01 8.743439e+01
2.609253e-01 7.467664e+01 8.728559e+01
2.610779e-01 7.463706e+01 8.713738e+01
2.612305e-01 7.459775e+01 8.698977e+01
2.613831e-01 7.455869e+01 8.684274e+01
2.615356e-01 7.451989e+01 8.669630e+01
2.616882e-01 7.448136e+01 8.655045e+01
2.618408e-01 7.444308e+01 8.640518e+01
2.619934e-01 7.440506e+01 8.626049e+01
2.621460e-01 7.436731e+01 8.611637e+01
2.622986e-01 7.432981e+01 8.597284e+01
2.624512e-01 7.429257e+01 8.582987e+01
2.630615e-01 7.414619e+01 8.526372e+01
2.636719e-01 7.400392e+01 8.470660e+01
2.642822e-01 7.386576e+01 8.415838e+01
2.648926e-01 7.373166e+01 8.361893e+01
2.655029e-01 7.360163e+01 8.308812e+01
2.661133e-01 7.347562e+01 8.256582e+01
2.667236e-01 7.335362e+01 8.205191e+01
2.673340e-01 7.323561e+01 8.154627e+01
2.679443e-01 7.312157e+01 8.104878e+01
2.685547e-01 7.301146e+01 8.055930e+01
2.709961e-01 7.260986e+01 7.867915e+01
2.734375e-01 7.226908e+01 7.691774e+01
2.758789e-01 7.198723e+01 7.526770e+01
2.783203e-01 7.176227e+01 7.372190e+01
2.807617e-01 7.159203e+01 7.227349e+01
2.832031e-01 7.147426e+01 7.091592e+01
2.856445e-01 7.140661e+01 6.964288e+01
2.880859e-01 7.138664e+01 6.844835e+01
2.905273e-01 7.141188e+01 6.732658e+01
2.929688e-01 7.147980e+01 6.627212e+01
2.941895e-01 7.152896e+01 6.576849e+01
2.954102e-01 7.158783e+01 6.527975e+01
2.966309e-01 7.165608e+01 6.480530e+01
2.978516e-01 7.173339e+01 6.434455e+01
2.990723e-01 7.181944e+01 6.389691e+01
3.002930e-01 7.191389e+01 6.346183e+01
3.015137e-01 7.201643e+01 6.303877e+01
3.027344e-01 7.212673e+01 6.262719e+01
3.039551e-01 7.224448e+01 6.222659e+01
3.051758e-01 7.236934e+01 6.183646e+01
3.063965e-01 7.250100e+01 6.145632e+01
3.076172e-01 7.263914e+01 6.108571e+01
3.088379e-01 7.278344e+01 6.072417e+01
3.100586e-01 7.293359e+01 6.037125e+01
3.112793e-01 7.308929e+01 6.002655e+01
3.125000e-01 7.325021e+01 5.968964e+01
3.137207e-01 7.341605e+01 5.936013e+01
3.149414e-01 7.358652e+01 5.903763e+01
3.161621e-01 7.376131e+01 5.872177e+01
3.173828e-01 7.394012e+01 5.841219e+01
3.198242e-01 7.430865e+01 5.781051e+01
3.222656e-01 7.468981e+01 5.722997e+01
3.247070e-01 7.508137e+01 5.666814e+01
3.271484e-01 7.548116e+01 5.612276e+01
3.295898e-01 7.588708e+01 5.559175e+01
3.320312e-01 7.629711e+01 5.507320e+01
3.344727e-01 7.670930e+01 5.456534e+01
3.369141e-01 7.712178e+01 5.406658e+01
3.393555e-01 7.753277e+01 5.357544e+01
3.417969e-01 7.794056e+01 5.309058e+01
3.442383e-01 7.834351e+01 5.261079e+01
3.466797e-01 7.874009e+01 5.213499e+01
3.491211e-01 7.912884e+01 5.166219e+01
3.515625e-01 7.950838e+01 5.119151e+01
3.540039e-01 7.987740e+01 5.072218e+01
3.564453e-01 8.023469e+01 5.025352e+01
3.588867e-01 8.057912e+01 4.978493e+01
3.613281e-01 8.090963e+01 4.931588e+01
3.637695e-01 8.122524e+01 4.884594e+01
3.662109e-01 8.152505e+01 4.837473e+01
3.686523e-01 8.180823e+01 4.790194e+01
3.710938e-01 8.207403e+01 4.742732e+01
3.735352e-01 8.232177e+01 4.695068e+01
3.759766e-01 8.255083e+01 4.647186e+01
3.784180e-01 8.276067e+01 4.599076e+01
3.808594e-01 8.295080e+01 4.550734e+01
3.833008e-01 8.312082e+01 4.502156e+01
3.857422e-01 8.327037e+01 4.453345e+01
3.881836e-01 8.339915e+01 4.404305e+01
3.906250e-01 8.350692e+01 4.355044e+01
3.918457e-01 8.355287e+01 4.330334e+01
3.930664e-01 8.359350e+01 4.305572e+01
3.942871e-01 8.362880e+01 4.280760e+01
3.955078e-01 8.365875e+01 4.255900e+01
3.967285e-01 8.368334e+01 4.230993e+01
3.979492e-01 8.370258e+01 4.206043e+01
3.991699e-01 8.371645e+01 4.181050e+01
4.003906e-01 8.372495e+01 4.156016e+01
4.016113e-01 8.372810e+01 4.130945e+01
4.028320e-01 8.372588e+01 4.105839e+01
4.040527e-01 8.371832e+01 4.080699e+01
4.052734e-01 8.370542e+01 4.055528e+01
4.064941e-01 8.368720e+01 4.030330e+01
4.077148e-01 8.366366e+01 4.005105e+01
4.089355e-01 8.363483e+01 3.979858e+01
4.101562e-01 8.360073e+01 3.954590e+01
4.113770e-01 8.356137e+01 3.929305e+01
4.125977e-01 8.351679e+01 3.904005e+01
4.138184e-01 8.346700e+01 3.878693e+01
4.150391e-01 8.341204e+01 3.853372e+01
4.174805e-01 8.328672e+01 3.802713e+01
4.199219e-01 8.314108e+01 3.752052e+01
4.223633e-01 8.297542e+01 3.701411e+01
4.248047e-01 8.279004e+01 3.650813e+01
4.272461e-01 8.258529e+01 3.600283e+01
4.296875e-01 8.236152e+01 3.549842e+01
4.321289e-01 8.211913e+01 3.499515e+01
4.345703e-01 8.185849e+01 3.449322e+01
4.370117e-01 8.158004e+01 3.399288e+01
4.394531e-01 8.128421e+01 3.349432e+01
4.418945e-01 8.097143e+01 3.299778e+01
4.443359e-01 8.064217e+01 3.250345e+01
4.467773e-01 8.029689e+01 3.201154e+01
4.492188e-01 7.993608e+01 3.152225e+01
4.516602e-01 7.956021e+01 3.103577e+01
4.541016e-01 7.916978e+01 3.055228e+01
4.565430e-01 7.876530e+01 3.007196e+01
4.589844e-01 7.834725e+01 2.959498e+01
4.614258e-01 7.791615e+01 2.912151e+01
4.638672e-01 7.747251e+01 2.865170e+01
4.663086e-01 7.701684e+01 2.818571e+01
4.687500e-01 7.654964e+01 2.772367e+01
4.711914e-01 7.607142e+01 2.726572e+01
4.736328e-01 7.558270e+01 2.681199e+01
4.760742e-01 7.508398e+01 2.636259e+01
4.785156e-01 7.457576e+01 2.591765e+01
4.809570e-01 7.405855e+01 2.547726e+01
4.833984e-01 7.353283e+01 2.504153e+01
4.858398e-01 7.299910e+01 2.461055e+01
4.882812e-01 7.245784e+01 2.418441e+01
4.907227e-01 7.190953e+01 2.376317e+01
4.931641e-01 7.135465e+01 2.334692e+01
4.956055e-01 7.079366e+01 2.293572e+01
4.980469e-01 7.022702e+01 2.252962e+01
5.004883e-01 6.965518e+01 2.212869e+01
5.029297e-01 6.907859e+01 2.173297e+01
5.053711e-01 6.849767e+01 2.134249e+01
5.078125e-01 6.791287e+01 2.095731e+01
5.102539e-01 6.732459e+01 2.057743e+01
5.126953e-01 6.673325e+01 2.020290e+01
5.133057e-01 6.658498e+01 2.011010e+01
5.139160e-01 6.643656e+01 2.001764e+01
5.145264e-01 6.628797e+01 1.992552e+01
5.151367e-01 6.613925e+01 1.983373e+01
5.157471e-01 6.599038e+01 1.974228e+01
5.163574e-01 6.584137e+01 1.965116e+01
5.169678e-01 6.569223e+01 1.956038e+01
5.175781e-01 6.554297e+01 1.946993e+01
5.181885e-01 6.539360e+01 1.937983e+01
5.187988e-01 6.524411e+01 1.929005e+01
5.191040e-01 6.516932e+01 1.924530e+01
5.194092e-01 6.509451e+01 1.920062e+01
5.197144e-01 6.501968e+01 1.915603e+01
5.200195e-01 6.494482e+01 1.911152e+01
5.203247e-01 6.486993e+01 1.906710e+01
5.206299e-01 6.479503e+01 1.902276e+01
5.209351e-01 6.472010e+01 1.897851e+01
5.212402e-01 6.464515e+01 1.893434e+01
5.215454e-01 6.457017e+01 1.889026e+01
5.218506e-01 6.449518e+01 1.884625e+01
5.221558e-01 6.442017e+01 1.880234e+01
5.224609e-01 6.434514e+01 1.875851e+01
5.227661e-01 6.427009e+01 1.871476e+01
5.230713e-01 6.419502e+01 1.867109e+01
5.233765e-01 6.411994e+01 1.862751e+01
5.236816e-01 6.404484e+01 1.858402e+01
5.239868e-01 6.396973e+01 1.854061e+01
5.242920e-01 6.389460e+01 1.849728e+01
5.245972e-01 6.381946e+01 1.845404e+01
5.249023e-01 6.374430e+01 1.841088e+01
5.261230e-01 6.344356e+01 1.823908e+01
5.273438e-01 6.314266e+01 1.806864e+01
5.285645e-01 6.284164e+01 1.789954e+01
5.297852e-01 6.254056e+01 1.773178e+01
5.310059e-01 6.223944e+01 1.756536e+01
5.322266e-01 6.193833e+01 1.740029e+01
5.334473e-01 6.163726e+01 1.723656e+01
5.346680e-01 6.133629e+01 1.707416e+01
5.358887e-01 6.103544e+01 1.691310e+01
5.371094e-01 6.073476e+01 1.675336e+01
5.419922e-01 5.953444e+01 1.612770e+01
5.468750e-01 5.833965e+01 1.552308e+01
5.517578e-01 5.715257e+01 1.493925e+01
5.566406e-01 5.597517e+01 1.437592e+01
5.615234e-01 5.480932e+01 1.383276e+01
5.664062e-01 5.365671e+01 1.330939e+01
5.712891e-01 5.251890e+01 1.280542e+01
5.761719e-01 5.139731e+01 1.232045e+01
5.810547e-01 5.029321e+01 1.185402e+01
5.859375e-01 4.920777e+01 1.140568e+01
5.883789e-01 4.867237e+01 1.118815e+01
5.908203e-01 4.814201e+01 1.097497e+01
5.932617e-01 4.761679e+01 1.076608e+01
5.957031e-01 4.709683e+01 1.056141e+01
5.981445e-01 4.658222e+01 1.036091e+01
6.005859e-01 4.607305e+01 1.016452e+01
6.030273e-01 4.556939e+01 9.972163e+00
6.054688e-01 4.507133e+01 9.783789e+00
6.079102e-01 4.457894e+01 9.599333e+00
6.103516e-01 4.409227e+01 9.418733e+00
6.127930e-01 4.361139e+01 9.241927e+00
6.152344e-01 4.313635e+01 9.068853e+00
6.176758e-01 4.266720e+01 8.899449e+00
6.201172e-01 4.220397e+01 8.733652e+00
6.225586e-01 4.174670e+01 8.571401e+00
6.250000e-01 4.129542e+01 8.412634e+00
6.274414e-01 4.085016e+01 8.257291e+00
6.298828e-01 4.041094e+01 8.105309e+00
6.323242e-01 3.997777e+01 7.956629e+00
6.347656e-01 3.955067e+01 7.811190e+00
6.359863e-01 3.933940e+01 7.739668e+00
6.372070e-01 3.912965e+01 7.668933e+00
6.384277e-01 3.892141e+01 7.598979e+00
6.396484e-01 3.871470e+01 7.529797e+00
6.408691e-01 3.850950e+01 7.461382e+00
6.420898e-01 3.830582e+01 7.393725e+00
6.433105e-01 3.810366e+01 7.326820e+00
6.445312e-01 3.790302e+01 7.260658e+00
6.457520e-01 3.770389e+01 7.195233e+00
6.469727e-01 3.750628e+01 7.130537e+00
6.481934e-01 3.731018e+01 7.066564e+00
6.494141e-01 3.711559e+01 7.003306e+00
6.506348e-01 3.692251e+01 6.940757e+00
6.518555e-01 3.673094e+01 6.878908e+00
6.530762e-01 3.654087e+01 6.817754e+00
6.542969e-01 3.635230e+01 6.757287e+00
6.555176e-01 3.616523e+01 6.697500e+00
6.567383e-01 3.597966e+01 6.638387e+00
6.579590e-01 3.579558e+01 6.579940e+00
6.591797e-01 3.561299e+01 6.522153e+00
6.616211e-01 3.525227e+01 6.408531e+00
6.640625e-01 3.489746e+01 6.297468e+00
6.665039e-01 3.454852e+01 6.188911e+00
6.689453e-01 3.420543e+01 6.082807e+00
6.713867e-01 3.386815e+01 5.979104e+00
6.738281e-01 3.353663e+01 5.877753e+00
6.762695e-01 3.321084e+01 5.778703e+00
6.787109e-01 3.289073e+01 5.681904e+00
6.811523e-01 3.257624e+01 5.587308e+00
6.835938e-01 3.226735e+01 5.494868e+00
6.860352e-01 3.196398e+01 5.404535e+00
6.884766e-01 3.166610e+01 5.316263e+00
6.909180e-01 3.137365e+01 5.230007e+00
6.933594e-01 3.108658e+01 5.145721e+00
6.958008e-01 3.080482e+01 5.063362e+00
6.982422e-01 3.052832e+01 4.982886e+00
7.006836e-01 3.025703e+01 4.904250e+00
7.031250e-01 2.999088e+01 4.827412e+00
7.055664e-01 2.972982e+01 4.752330e+00
7.080078e-01 2.947378e+01 4.678965e+00
7.104492e-01 2.922269e+01 4.607277e+00
7.128906e-01 2.897651e+01 4.537225e+00
7.153320e-01 2.873515e+01 4.468773e+00
7.177734e-01 2.849857e+01 4.401882e+00
7.202148e-01 2.826668e+01 4.336515e+00
7.226562e-01 2.803944e+01 4.272636e+00
7.250977e-01 2.781677e+01 4.210210e+00
7.275391e-01 2.759860e+01 4.149201e+00
7.299805e-01 2.738487e+01 4.089576e+00
7.324219e-01 2.717551e+01 4.031301e+00
7.348633e-01 2.697046e+01 3.974343e+00
7.373047e-01 2.676964e+01 3.918670e+00
7.397461e-01 2.657300e+01 3.864251e+00
7.421875e-01 2.638046e+01 3.811055e+00
7.446289e-01 2.619195e+01 3.759051e+00
7.470703e-01 2.600741e+01 3.708210e+00
7.495117e-01 2.582677e+01 3.658503e+00
7.519531e-01 2.564996e+01 3.609901e+00
7.543945e-01 2.547692e+01 3.562378e+00
7.568359e-01 2.530758e+01 3.515906e+00
7.592773e-01 2.514187e+01 3.470458e+00
7.617188e-01 2.497973e+01 3.426009e+00
7.641602e-01 2.482108e+01 3.382533e+00
7.666016e-01 2.466587e+01 3.340006e+00
7.690430e-01 2.451403e+01 3.298402e+00
7.714844e-01 2.436549e+01 3.257699e+00
7.739258e-01 2.422019e+01 3.217874e+00
7.763672e-01 2.407806e+01 3.178903e+00
7.788086e-01 2.393905e+01 3.140765e+00
7.812500e-01 2.380308e+01 3.103439e+00
7.861328e-01 2.354003e+01 3.031135e+00
7.910156e-01 2.328843e+01 2.961830e+00
7.958984e-01 2.304779e+01 2.895370e+00
8.007812e-01 2.281762e+01 2.831606e+00
8.056641e-01 2.259748e+01 2.770398e+00
8.105469e-01 2.238689e+01 2.711612e+00
8.154297e-01 2.218541e+01 2.655123e+00
8.203125e-01 2.199261e+01 2.600808e+00
8.251953e-01 2.180807e+01 2.548554e+00
8.300781e-01 2.163137e+01 2.498251e+00
8.349609e-01 2.146211e+01 2.449798e+00
8.398438e-01 2.129991e+01 2.403095e+00
8.447266e-01 2.114439e+01 2.358049e+00
8.496094e-01 2.099518e+01 2.314574e+00
8.544922e-01 2.085194e+01 2.272586e+00
8.593750e-01 2.071432e+01 2.232006e+00
8.642578e-01 2.058199e+01 2.192759e+00
8.691406e-01 2.045464e+01 2.154775e+00
8.740234e-01 2.033196e+01 2.117987e+00
8.789062e-01 2.021366e+01 2.082332e+00
8.886719e-01 1.998908e+01 2.014188e+00
8.984375e-01 1.977875e+01 1.949904e+00
9.082031e-01 1.958073e+01 1.889092e+00
9.179688e-01 1.939322e+01 1.831405e+00
9.277344e-01 1.921460e+01 1.776537e+00
9.375000e-01 1.904338e+01 1.724216e+00
9.472656e-01 1.887823e+01 1.674202e+00
9.570312e-01 1.871794e+01 1.626282e+00
9.667969e-01 1.856144e+01 1.580270e+00
9.765625e-01 1.840778e+01 1.536001e+00
9.814453e-01 1.833175e+01 1.514474e+00
9.863281e-01 1.825611e+01 1.493329e+00
9.912109e-01 1.818079e+01 1.472552e+00
9.960938e-01 1.810569e+01 1.452128e+00
1.000977e+00 1.803075e+01 1.432043e+00
1.005859e+00 1.795588e+01 1.412285e+00
1.010742e+00 1.788103e+01 1.392842e+00
1.015625e+00 1.780612e+01 1.373703e+00
1.020508e+00 1.773111e+01 1.354857e+00
1.025391e+00 1.765594e+01 1.336295e+00
1.027832e+00 1.761828e+01 1.327117e+00
1.030273e+00 1.758056e+01 1.318007e+00
1.032715e+00 1.754278e+01 1.308964e+00
1.035156e+00 1.750493e+01 1.299986e+00
1.037598e+00 1.746701e+01 1.291073e+00
1.040039e+00 1.742901e+01 1.282223e+00
1.042480e+00 1.739094e+01 1.273436e+00
1.044922e+00 1.735277e+01 1.264711e+00
1.047363e+00 1.731452e+01 1.256047e+00
1.049805e+00 1.727617e+01 1.247443e+00
1.052246e+00 1.723773e+01 1.238898e+00
1.054688e+00 1.719919e+01 1.230412e+00
1.057129e+00 1.716055e+01 1.221983e+00
1.059570e+00 1.712180e+01 1.213612e+00
1.062012e+00 1.708294e+01 1.205297e+00
1.064453e+00 1.704397e+01 1.197038e+00
1.066895e+00 1.700489e+01 1.188833e+00
1.069336e+00 1.696570e+01 1.180684e+00
1.071777e+00 1.692639e+01 1.172587e+00
1.074219e+00 1.688696e+01 1.164544e+00
1.083984e+00 1.672803e+01 1.132893e+00
1.093750e+00 1.656712e+01 1.102049e+00
1.103516e+00 1.640418e+01 1.071983e+00
1.113281e+00 1.623921e+01 1.042666e+00
1.123047e+00 1.607224e+01 1.014077e+00
1.132812e+00 1.590330e+01 9.861918e-01
1.142578e+00 1.573248e+01 9.589930e-01
1.152344e+00 1.555985e+01 9.324626e-01
1.162109e+00 1.538552e+01 9.065846e-01
1.171875e+00 1.520961e+01 8.813444e-01
1.181641e+00 1.503225e+01 8.567285e-01
1.191406e+00 1.485356e+01 8.327240e-01
1.201172e+00 1.467371e+01 8.093189e-01
1.210938e+00 1.449282e+01 7.865017e-01
1.220703e+00 1.431107e+01 7.642615e-01
1.230469e+00 1.412859e+01 7.425876e-01
1.240234e+00 1.394555e+01 7.214697e-01
1.250000e+00 1.376209e+01 7.008976e-01
1.259766e+00 1.357838e+01 6.808613e-01
1.269531e+00 1.339457e+01 6.613511e-01
1.271973e+00 1.334862e+01 6.565546e-01
1.274414e+00 1.330267e+01 6.517902e-01
1.276855e+00 1.325673e+01 6.470577e-01
1.279297e+00 1.321080e+01 6.423571e-01
1.281738e+00 1.316488e+01 6.376881e-01
1.284180e+00 1.311898e+01 6.330507e-01
1.286621e+00 1.307309e+01 6.284446e-01
1.289062e+00 1.302722e+01 6.238698e-01
1.291504e+00 1.298137e+01 6.193259e-01
1.293945e+00 1.293555e+01 6.148130e-01
1.296387e+00 1.288975e+01 6.103309e-01
1.298828e+00 1.284397e+01 6.058794e-01
1.301270e+00 1.279823e+01 6.014583e-01
1.303711e+00 1.275252e+01 5.970676e-01
1.306152e+00 1.270684e+01 5.927070e-01
1.308594e+00 1.266120e+01 5.883764e-01
1.311035e+00 1.261559e+01 5.840757e-01
1.313477e+00 1.257003e+01 5.798047e-01
1.315918e+00 1.252451e+01 5.755633e-01
1.318359e+00 1.247903e+01 5.713513e-01
1.323242e+00 1.238821e+01 5.630149e-01
1.328125e+00 1.229758e+01 5.547944e-01
1.333008e+00 1.220718e+01 5.466885e-01
1.337891e+00 1.211700e+01 5.386962e-01
1.342773e+00 1.202706e+01 5.308161e-01
1.347656e+00 1.193738e+01 5.230472e-01
1.352539e+00 1.184797e+01 5.153881e-01
1.357422e+00 1.175884e+01 5.078378e-01
1.362305e+00 1.167001e+01 5.003951e-01
1.367188e+00 1.158150e+01 4.930587e-01
1.386719e+00 1.123076e+01 4.647533e-01
1.406250e+00 1.088590e+01 4.380558e-01
1.425781e+00 1.054756e+01 4.128917e-01
1.445312e+00 1.021628e+01 3.891879e-01
1.464844e+00 9.892532e+00 3.668723e-01
1.484375e+00 9.576700e+00 3.458747e-01
1.503906e+00 9.269091e+00 3.261263e-01
1.523438e+00 8.969944e+00 3.075605e-01
1.542969e+00 8.679430e+00 2.901129e-01
1.562500e+00 8.397665e+00 2.737213e-01
1.572266e+00 8.260084e+00 2.659027e-01
1.582031e+00 8.124709e+00 2.583258e-01
1.591797e+00 7.991541e+00 2.509836e-01
1.601562e+00 7.860577e+00 2.438691e-01
1.611328e+00 7.731812e+00 2.369755e-01
1.621094e+00 7.605239e+00 2.302962e-01
1.630859e+00 7.480847e+00 2.238246e-01
1.640625e+00 7.358626e+00 2.175546e-01
1.650391e+00 7.238562e+00 2.114798e-01
1.660156e+00 7.120641e+00 2.055944e-01
1.669922e+00 7.004844e+00 1.998924e-01
1.679688e+00 6.891153e+00 1.943681e-01
1.689453e+00 6.779550e+00 1.890161e-01
1.699219e+00 6.670013e+00 1.838308e-01
1.708984e+00 6.562520e+00 1.788070e-01
1.718750e+00 6.457047e+00 1.739397e-01
1.728516e+00 6.353570e+00 1.692238e-01
1.738281e+00 6.252065e+00 1.646545e-01
1.748047e+00 6.152506e+00 1.602271e-01
1.757812e+00 6.054865e+00 1.559371e-01
1.777344e+00 5.865230e+00 1.477517e-01
1.796875e+00 5.682939e+00 1.400643e-01
1.816406e+00 5.507761e+00 1.328432e-01
1.835938e+00 5.339463e+00 1.260584e-01
1.855469e+00 5.177807e+00 1.196820e-01
1.875000e+00 5.022558e+00 1.136875e-01
1.894531e+00 4.873479e+00 1.080502e-01
1.914062e+00 4.730334e+00 1.027471e-01
1.933594e+00 4.592893e+00 9.775657e-02
1.953125e+00 4.460926e+00 9.305829e-02
1.962891e+00 4.396925e+00 9.081279e-02
1.972656e+00 4.334210e+00 8.863337e-02
1.982422e+00 4.272752e+00 8.651784e-02
1.992188e+00 4.212526e+00 8.446412e-02
2.001953e+00 4.153503e+00 8.247017e-02
2.011719e+00 4.095660e+00 8.053403e-02
2.021484e+00 4.038968e+00 7.865381e-02
2.031250e+00 3.983404e+00 7.682768e-02
2.041016e+00 3.928942e+00 7.505386e-02
2.050781e+00 3.875557e+00 7.333065e-02
2.055664e+00 3.849261e+00 7.248751e-02
2.060547e+00 3.823225e+00 7.165640e-02
2.065430e+00 3.797447e+00 7.083714e-02
2.070312e+00 3.771923e+00 7.002952e-02
2.075195e+00 3.746650e+00 6.923335e-02
2.080078e+00 3.721626e+00 6.844845e-02
2.084961e+00 3.696848e+00 6.767463e-02
2.089844e+00 3.672313e+00 6.691172e-02
2.094727e+00 3.648018e+00 6.615954e-02
2.099609e+00 3.623961e+00 6.541790e-02
2.104492e+00 3.600138e+00 6.468664e-02
2.109375e+00 3.576547e+00 6.396559e-02
2.114258e+00 3.553185e+00 6.325459e-02
2.119141e+00 3.530049e+00 6.255346e-02
2.124023e+00 3.507138e+00 6.186206e-02
2.128906e+00 3.484448e+00 6.118021e-02
2.133789e+00 3.461976e+00 6.050778e-02
2.138672e+00 3.439720e+00 5.984460e-02
2.143555e+00 3.417678e+00 5.919052e-02
2.148438e+00 3.395847e+00 5.854541e-02
2.167969e+00 3.310584e+00 5.605169e-02
2.187500e+00 3.228503e+00 5.369022e-02
2.207031e+00 3.149454e+00 5.145274e-02
2.226562e+00 3.073297e+00 4.933157e-02
2.246094e+00 2.999895e+00 4.731952e-02
2.265625e+00 2.929117e+00 4.540993e-02
2.285156e+00 2.860840e+00 4.359653e-02
2.304688e+00 2.794947e+00 4.187353e-02
2.324219e+00 2.731323e+00 4.023548e-02
2.343750e+00 2.669863e+00 3.867733e-02
2.363281e+00 2.610463e+00 3.719434e-02
2.382812e+00 2.553028e+00 3.578211e-02
2.402344e+00 2.497464e+00 3.443650e-02
2.421875e+00 2.443684e+00 3.315369e-02
2.441406e+00 2.391606e+00 3.193006e-02
2.460938e+00 2.341150e+00 3.076226e-02
2.480469e+00 2.292242e+00 2.964715e-02
2.500000e+00 2.244809e+00 2.858180e-02
2.519531e+00 2.198786e+00 2.756346e-02
2.539062e+00 2.154109e+00 2.658955e-02
2.558594e+00 2.110716e+00 2.565768e-02
2.578125e+00 2.068551e+00 2.476558e-02
2.597656e+00 2.027560e+00 2.391115e-02
2.617188e+00 1.987691e+00 2.309241e-02
2.636719e+00 1.948895e+00 2.230750e-02
2.656250e+00 1.911127e+00 2.155469e-02
2.675781e+00 1.874343e+00 2.083233e-02
2.695312e+00 1.838501e+00 2.013890e-02
2.714844e+00 1.803563e+00 1.947295e-02
2.734375e+00 1.769492e+00 1.883313e-02
2.773438e+00 1.703812e+00 1.762686e-02
2.812500e+00 1.641203e+00 1.651077e-02
2.851562e+00 1.581433e+00 1.547659e-02
2.890625e+00 1.524296e+00 1.451697e-02
2.929688e+00 1.469605e+00 1.362536e-02
2.968750e+00 1.417193e+00 1.279593e-02
3.007812e+00 1.366910e+00 1.202343e-02
3.046875e+00 1.318621e+00 1.130318e-02
3.085938e+00 1.272203e+00 1.063096e-02
3.125000e+00 1.227548e+00 1.000296e-02
3.164062e+00 1.184554e+00 9.415752e-03
3.203125e+00 1.143133e+00 8.866232e-03
3.242188e+00 1.103201e+00 8.351581e-03
3.281250e+00 1.064685e+00 7.869239e-03
3.320312e+00 1.027516e+00 7.416873e-03
3.359375e+00 9.916317e-01 6.992357e-03
3.398438e+00 9.569748e-01 6.593744e-03
3.437500e+00 9.234927e-01 6.219252e-03
3.476562e+00 8.911366e-01 5.867247e-03
3.515625e+00 8.598616e-01 5.536223e-03
3.554688e+00 8.296257e-01 5.224797e-03
3.593750e+00 8.003898e-01 4.931692e-03
3.632812e+00 7.721174e-01 4.655727e-03
3.671875e+00 7.447743e-01 4.395811e-03
3.710938e+00 7.183282e-01 4.150933e-03
3.750000e+00 6.927486e-01 3.920155e-03
3.789062e+00 6.680069e-01 3.702607e-03
3.828125e+00 6.440757e-01 3.497477e-03
3.867188e+00 6.209289e-01 3.304011e-03
3.906250e+00 5.985418e-01 3.121509e-03
3.945312e+00 5.768906e-01 2.949313e-03
3.984375e+00 5.559527e-01 2.786811e-03
4.023438e+00 5.357061e-01 2.633433e-03
4.062500e+00 5.161300e-01 2.488642e-03
4.101562e+00 4.972039e-01 2.351939e-03
4.140625e+00 4.789084e-01 2.222853e-03
4.179688e+00 4.612245e-01 2.100946e-03
4.218750e+00 4.441341e-01 1.985805e-03
4.257812e+00 4.276193e-01 1.877044e-03
4.296875e+00 4.116630e-01 1.774298e-03
4.335938e+00 3.962484e-01 1.677226e-03
4.375000e+00 3.813595e-01 1.585508e-03
4.414062e+00 3.669803e-01 1.498842e-03
4.453125e+00 3.530957e-01 1.416944e-03
4.492188e+00 3.396906e-01 1.339547e-03
4.531250e+00 3.267506e-01 1.266399e-03
4.570312e+00 3.142616e-01 1.197263e-03
4.609375e+00 3.022097e-01 1.131916e-03
4.648438e+00 2.905815e-01 1.070149e-03
4.687500e+00 2.793640e-01 1.011761e-03
4.765625e+00 2.581105e-01 9.043906e-04
4.843750e+00 2.383511e-01 8.084325e-04
4.921875e+00 2.199927e-01 7.226655e-04
5.000000e+00 2.029473e-01 6.460013e-04
5.078125e+00 1.871311e-01 5.774699e-04
5.156250e+00 1.724648e-01 5.162057e-04
5.234375e+00 1.588735e-01 4.614365e-04
5.312500e+00 1.462861e-01 4.124728e-04
5.390625e+00 1.346356e-01 3.686988e-04
5.468750e+00 1.238586e-01 3.295644e-04
5.546875e+00 1.138956e-01 2.945781e-04
5.625000e+00 1.046903e-01 2.633004e-04
5.703125e+00 9.618986e-02 2.353389e-04
5.781250e+00 8.834457e-02 2.103422e-04
5.859375e+00 8.110781e-02 1.879967e-04
5.937500e+00 7.443585e-02 1.680216e-04
6.015625e+00 6.828771e-02 1.501659e-04
6.093750e+00 6.262508e-02 1.342051e-04
6.171875e+00 5.741212e-02 1.199387e-04
6.250000e+00 5.261535e-02 1.071871e-04
6.406250e+00 4.414764e-02 8.560318e-05
6.562500e+00 3.699691e-02 6.836234e-05
6.718750e+00 3.096821e-02 5.459203e-05
6.875000e+00 2.589337e-02 4.359466e-05
7.031250e+00 2.162773e-02 3.481257e-05
7.187500e+00 1.804721e-02 2.779998e-05
7.343750e+00 1.504564e-02 2.220062e-05
7.500000e+00 1.253247e-02 1.772981e-05
7.656250e+00 1.043062e-02 1.416015e-05
7.812500e+00 8.674655e-03 1.130999e-05
7.968750e+00 7.209150e-03 9.034285e-06
8.125000e+00 5.987221e-03 7.217199e-06
8.281250e+00 4.969273e-03 5.766220e-06
8.437500e+00 4.121959e-03 4.607510e-06
8.593750e+00 3.417232e-03 3.682131e-06
8.750000e+00 2.831528e-03 2.943031e-06
8.906250e+00 2.345073e-03 2.352646e-06
9.062500e+00 1.941302e-03 1.880993e-06
9.218750e+00 1.606366e-03 1.504148e-06
9.375000e+00 1.328688e-03 1.203014e-06
9.687500e+00 9.080382e-04 7.699647e-07
1.000000e+01 6.197545e-04 4.931850e-07
1.031250e+01 4.225132e-04 3.161568e-07
1.062500e+01 2.877570e-04 2.028422e-07
1.093750e+01 1.958089e-04 1.302526e-07
1.125000e+01 1.331395e-04 8.371284e-08
1.156250e+01 9.046694e-05 5.384886e-08
1.187500e+01 6.143681e-05 3.466982e-08
1.218750e+01 4.170197e-05 2.234177e-08
1.250000e+01 2.829303e-05 1.440952e-08
1.312500e+01 1.300755e-05 6.008789e-09
1.375000e+01 5.975954e-06 2.515313e-09
1.437500e+01 2.742783e-06 1.056248e-09
1.500000e+01 1.255878e-06 4.441760e-10
1.562500e+01 5.766135e-07 1.879468e-10
1.625000e+01 2.654461e-07 7.999444e-11
1.687500e+01 1.200184e-07 3.353902e-11
1.750000e+01 5.520948e-08 1.434590e-11
1.812500e+01 2.669545e-08 6.466531e-12
1.875000e+01 1.174657e-08 2.658879e-12
1.937500e+01 5.458225e-09 1.157066e-12
2.000000e+01 2.586357e-09 5.145394e-13
2.062500e+01 1.275668e-09 2.386381e-13
2.125000e+01 6.795432e-10 1.197538e-13
2.187500e+01 4.130953e-10 6.869803e-14
2.250000e+01 2.963333e-10 4.658066e-14
2.312500e+01 2.467233e-10 3.671443e-14
2.375000e+01 2.300443e-10 3.245446e-14
2.437500e+01 2.280955e-10 3.055045e-14
2.500000e+01 2.314545e-10 2.946970e-14
2.750000e+01 2.631506e-10 2.769039e-14
3.000000e+01 2.938892e-10 2.598551e-14
3.250000e+01 3.156285e-10 2.377933e-14
3.500000e+01 3.269418e-10 2.123853e-14
3.750000e+01 3.293124e-10 1.863527e-14
4.000000e+01 3.266345e-10 1.624547e-14
4.250000e+01 3.247386e-10 1.430692e-14
4.500000e+01 3.296100e-10 1.295285e-14
4.750000e+01 3.448051e-10 1.216120e-14
5.000000e+01 3.704205e-10 1.179085e-14
5.500000e+01 4.360896e-10 1.147204e-14
6.000000e+01 4.792510e-10 1.059377e-14
6.500000e+01 4.774784e-10 8.993259e-15
7.000000e+01 4.714690e-10 7.656799e-15
7.500000e+01 4.982867e-10 7.049315e-15
8.000000e+01 5.288521e-10 6.575737e-15
8.500000e+01 4.812145e-10 5.300184e-15
9.000000e+01 3.093090e-10 3.038768e-15
9.500000e+01 9.507719e-11 8.383383e-16
1.000000e+02 0.000000e+00 0.000000e+00
