# 
# Output from RAtom program.
# 
# Total radial electron density.
# The first column contains radius $r$ in bohr units.
# The second column holds $\rho(r)$.
# The third column holds $\tilde{\rho}(r) = \rho(r) / (\pi * r * r)$
# 
# Use this file with gnuplot to create the plot.
# 
# R     Rho     RhoTilde
#
0.000000e+00 0.000000e+00 4.786760e+04
1.831055e-04 1.986705e-02 4.715427e+04
3.662109e-04 7.828400e-02 4.645158e+04
5.493164e-04 1.735143e-01 4.575940e+04
7.324219e-04 3.038735e-01 4.507756e+04
9.155273e-04 4.677279e-01 4.440591e+04
1.098633e-03 6.634932e-01 4.374430e+04
1.281738e-03 8.896335e-01 4.309258e+04
1.464844e-03 1.144660e+00 4.245061e+04
1.647949e-03 1.427129e+00 4.181824e+04
1.831055e-03 1.735644e+00 4.119534e+04
2.014160e-03 2.068848e+00 4.058175e+04
2.197266e-03 2.425431e+00 3.997735e+04
2.380371e-03 2.804122e+00 3.938199e+04
2.563477e-03 3.203690e+00 3.879555e+04
2.746582e-03 3.622945e+00 3.821789e+04
2.929688e-03 4.060734e+00 3.764888e+04
3.112793e-03 4.515943e+00 3.708840e+04
3.295898e-03 4.987492e+00 3.653631e+04
3.479004e-03 5.474340e+00 3.599250e+04
3.662109e-03 5.975477e+00 3.545684e+04
4.028320e-03 7.016754e+00 3.440950e+04
4.394531e-03 8.103914e+00 3.339334e+04
4.760742e-03 9.230048e+00 3.240744e+04
5.126953e-03 1.038872e+01 3.145092e+04
5.493164e-03 1.157393e+01 3.052291e+04
5.859375e-03 1.278012e+01 2.962256e+04
6.225586e-03 1.400213e+01 2.874908e+04
6.591797e-03 1.523517e+01 2.790165e+04
6.958008e-03 1.647482e+01 2.707953e+04
7.324219e-03 1.771699e+01 2.628195e+04
7.690430e-03 1.895793e+01 2.550820e+04
8.056641e-03 2.019416e+01 2.475757e+04
8.422852e-03 2.142253e+01 2.402938e+04
8.789062e-03 2.264013e+01 2.332297e+04
9.155273e-03 2.384431e+01 2.263770e+04
9.521484e-03 2.503267e+01 2.197293e+04
9.887695e-03 2.620303e+01 2.132807e+04
1.025391e-02 2.735343e+01 2.070252e+04
1.062012e-02 2.848210e+01 2.009572e+04
1.098633e-02 2.958748e+01 1.950711e+04
1.135254e-02 3.066815e+01 1.893615e+04
1.171875e-02 3.172289e+01 1.838232e+04
1.208496e-02 3.275063e+01 1.784511e+04
1.245117e-02 3.375043e+01 1.732403e+04
1.281738e-02 3.472150e+01 1.681860e+04
1.318359e-02 3.566319e+01 1.632836e+04
1.354980e-02 3.657494e+01 1.585286e+04
1.391602e-02 3.745633e+01 1.539166e+04
1.428223e-02 3.830702e+01 1.494434e+04
1.464844e-02 3.912678e+01 1.451048e+04
1.501465e-02 3.991548e+01 1.408968e+04
1.538086e-02 4.067306e+01 1.368156e+04
1.574707e-02 4.139953e+01 1.328575e+04
1.611328e-02 4.209498e+01 1.290186e+04
1.647949e-02 4.275958e+01 1.252956e+04
1.684570e-02 4.339354e+01 1.216850e+04
1.721191e-02 4.399714e+01 1.181833e+04
1.757812e-02 4.457070e+01 1.147875e+04
1.794434e-02 4.511459e+01 1.114942e+04
1.831055e-02 4.562924e+01 1.083006e+04
1.867676e-02 4.611509e+01 1.052035e+04
1.904297e-02 4.657264e+01 1.022002e+04
1.940918e-02 4.700240e+01 9.928778e+03
1.977539e-02 4.740492e+01 9.646360e+03
2.014160e-02 4.778079e+01 9.372500e+03
2.050781e-02 4.813060e+01 9.106945e+03
2.087402e-02 4.845496e+01 8.849445e+03
2.124023e-02 4.875451e+01 8.599760e+03
2.160645e-02 4.902990e+01 8.357656e+03
2.197266e-02 4.928179e+01 8.122907e+03
2.233887e-02 4.951085e+01 7.895292e+03
2.270508e-02 4.971776e+01 7.674599e+03
2.307129e-02 4.990321e+01 7.460620e+03
2.343750e-02 5.006790e+01 7.253154e+03
2.380371e-02 5.021250e+01 7.052006e+03
2.416992e-02 5.033772e+01 6.856985e+03
2.453613e-02 5.044426e+01 6.667909e+03
2.490234e-02 5.053281e+01 6.484600e+03
2.526855e-02 5.060407e+01 6.306883e+03
2.563477e-02 5.065871e+01 6.134590e+03
2.600098e-02 5.069743e+01 5.967560e+03
2.636719e-02 5.072091e+01 5.805632e+03
2.673340e-02 5.072981e+01 5.648655e+03
2.709961e-02 5.072481e+01 5.496478e+03
2.746582e-02 5.070655e+01 5.348957e+03
2.783203e-02 5.067570e+01 5.205951e+03
2.819824e-02 5.063289e+01 5.067325e+03
2.856445e-02 5.057874e+01 4.932946e+03
2.893066e-02 5.051389e+01 4.802685e+03
2.929688e-02 5.043893e+01 4.676419e+03
3.002930e-02 5.026109e+01 4.435389e+03
3.076172e-02 5.004985e+01 4.208930e+03
3.149414e-02 4.980967e+01 3.996173e+03
3.222656e-02 4.954479e+01 3.796297e+03
3.295898e-02 4.925926e+01 3.608530e+03
3.369141e-02 4.895689e+01 3.432145e+03
3.442383e-02 4.864131e+01 3.266458e+03
3.515625e-02 4.831593e+01 3.110824e+03
3.588867e-02 4.798395e+01 2.964636e+03
3.662109e-02 4.764835e+01 2.827323e+03
3.698730e-02 4.748007e+01 2.761825e+03
3.735352e-02 4.731192e+01 2.698347e+03
3.771973e-02 4.714421e+01 2.636826e+03
3.808594e-02 4.697725e+01 2.577202e+03
3.845215e-02 4.681132e+01 2.519416e+03
3.881836e-02 4.664672e+01 2.463411e+03
3.918457e-02 4.648371e+01 2.409133e+03
3.955078e-02 4.632254e+01 2.356527e+03
3.991699e-02 4.616347e+01 2.305542e+03
4.028320e-02 4.600673e+01 2.256127e+03
4.064941e-02 4.585253e+01 2.208233e+03
4.101562e-02 4.570110e+01 2.161813e+03
4.138184e-02 4.555264e+01 2.116821e+03
4.174805e-02 4.540734e+01 2.073213e+03
4.211426e-02 4.526538e+01 2.030944e+03
4.248047e-02 4.512693e+01 1.989974e+03
4.284668e-02 4.499216e+01 1.950261e+03
4.321289e-02 4.486122e+01 1.911765e+03
4.357910e-02 4.473425e+01 1.874450e+03
4.394531e-02 4.461140e+01 1.838276e+03
4.467773e-02 4.437850e+01 1.769214e+03
4.541016e-02 4.416343e+01 1.704303e+03
4.614258e-02 4.396696e+01 1.643285e+03
4.687500e-02 4.378975e+01 1.585915e+03
4.760742e-02 4.363232e+01 1.531966e+03
4.833984e-02 4.349509e+01 1.481221e+03
4.907227e-02 4.337837e+01 1.433478e+03
4.980469e-02 4.328239e+01 1.388548e+03
5.053711e-02 4.320726e+01 1.346251e+03
5.126953e-02 4.315303e+01 1.306420e+03
5.200195e-02 4.311965e+01 1.268896e+03
5.273438e-02 4.310701e+01 1.233532e+03
5.346680e-02 4.311492e+01 1.200188e+03
5.419922e-02 4.314315e+01 1.168735e+03
5.493164e-02 4.319137e+01 1.139048e+03
5.566406e-02 4.325924e+01 1.111013e+03
5.639648e-02 4.334635e+01 1.084523e+03
5.712891e-02 4.345224e+01 1.059474e+03
5.786133e-02 4.357641e+01 1.035774e+03
5.859375e-02 4.371835e+01 1.013331e+03
5.932617e-02 4.387749e+01 9.920630e+02
6.005859e-02 4.405324e+01 9.718913e+02
6.079102e-02 4.424499e+01 9.527423e+02
6.152344e-02 4.445210e+01 9.345472e+02
6.225586e-02 4.467392e+01 9.172416e+02
6.298828e-02 4.490978e+01 9.007650e+02
6.372070e-02 4.515899e+01 8.850610e+02
6.445312e-02 4.542086e+01 8.700767e+02
6.518555e-02 4.569469e+01 8.557626e+02
6.591797e-02 4.597979e+01 8.420724e+02
6.665039e-02 4.627542e+01 8.289630e+02
6.738281e-02 4.658090e+01 8.163938e+02
6.811523e-02 4.689550e+01 8.043272e+02
6.884766e-02 4.721852e+01 7.927279e+02
6.958008e-02 4.754925e+01 7.815630e+02
7.031250e-02 4.788700e+01 7.708018e+02
7.104492e-02 4.823108e+01 7.604157e+02
7.177734e-02 4.858081e+01 7.503780e+02
7.250977e-02 4.893550e+01 7.406639e+02
7.324219e-02 4.929451e+01 7.312503e+02
7.360840e-02 4.947542e+01 7.266494e+02
7.397461e-02 4.965717e+01 7.221157e+02
7.434082e-02 4.983968e+01 7.176467e+02
7.470703e-02 5.002286e+01 7.132400e+02
7.507324e-02 5.020664e+01 7.088934e+02
7.543945e-02 5.039094e+01 7.046047e+02
7.580566e-02 5.057568e+01 7.003717e+02
7.617188e-02 5.076080e+01 6.961924e+02
7.653809e-02 5.094621e+01 6.920650e+02
7.690430e-02 5.113185e+01 6.879873e+02
7.708740e-02 5.122473e+01 6.859667e+02
7.727051e-02 5.131764e+01 6.839578e+02
7.745361e-02 5.141057e+01 6.819605e+02
7.763672e-02 5.150351e+01 6.799745e+02
7.781982e-02 5.159645e+01 6.779997e+02
7.800293e-02 5.168939e+01 6.760359e+02
7.818604e-02 5.178231e+01 6.740827e+02
7.836914e-02 5.187521e+01 6.721402e+02
7.855225e-02 5.196808e+01 6.702079e+02
7.873535e-02 5.206090e+01 6.682858e+02
7.891846e-02 5.215368e+01 6.663738e+02
7.910156e-02 5.224639e+01 6.644714e+02
7.928467e-02 5.233905e+01 6.625788e+02
7.946777e-02 5.243162e+01 6.606955e+02
7.965088e-02 5.252412e+01 6.588215e+02
7.983398e-02 5.261653e+01 6.569567e+02
8.001709e-02 5.270884e+01 6.551007e+02
8.020020e-02 5.280104e+01 6.532535e+02
8.038330e-02 5.289313e+01 6.514150e+02
8.056641e-02 5.298510e+01 6.495849e+02
8.129883e-02 5.335161e+01 6.423461e+02
8.203125e-02 5.371557e+01 6.352309e+02
8.276367e-02 5.407651e+01 6.282309e+02
8.349609e-02 5.443400e+01 6.213382e+02
8.422852e-02 5.478759e+01 6.145455e+02
8.496094e-02 5.513687e+01 6.078461e+02
8.569336e-02 5.548145e+01 6.012341e+02
8.642578e-02 5.582095e+01 5.947038e+02
8.715820e-02 5.615501e+01 5.882502e+02
8.789062e-02 5.648328e+01 5.818686e+02
8.862305e-02 5.680544e+01 5.755548e+02
8.935547e-02 5.712117e+01 5.693050e+02
9.008789e-02 5.743019e+01 5.631156e+02
9.082031e-02 5.773222e+01 5.569836e+02
9.155273e-02 5.802699e+01 5.509060e+02
9.228516e-02 5.831426e+01 5.448805e+02
9.301758e-02 5.859382e+01 5.389046e+02
9.375000e-02 5.886543e+01 5.329763e+02
9.448242e-02 5.912892e+01 5.270939e+02
9.521484e-02 5.938409e+01 5.212558e+02
9.594727e-02 5.963077e+01 5.154605e+02
9.667969e-02 5.986883e+01 5.097068e+02
9.741211e-02 6.009811e+01 5.039936e+02
9.814453e-02 6.031849e+01 4.983201e+02
9.887695e-02 6.052986e+01 4.926854e+02
9.960938e-02 6.073213e+01 4.870889e+02
1.003418e-01 6.092521e+01 4.815301e+02
1.010742e-01 6.110902e+01 4.760085e+02
1.018066e-01 6.128351e+01 4.705238e+02
1.025391e-01 6.144862e+01 4.650757e+02
1.032715e-01 6.160433e+01 4.596640e+02
1.040039e-01 6.175059e+01 4.542887e+02
1.047363e-01 6.188740e+01 4.489497e+02
1.054688e-01 6.201476e+01 4.436470e+02
1.062012e-01 6.213265e+01 4.383807e+02
1.069336e-01 6.224111e+01 4.331508e+02
1.076660e-01 6.234015e+01 4.279575e+02
1.083984e-01 6.242980e+01 4.228010e+02
1.091309e-01 6.251011e+01 4.176815e+02
1.098633e-01 6.258113e+01 4.125992e+02
1.105957e-01 6.264290e+01 4.075543e+02
1.113281e-01 6.269551e+01 4.025471e+02
1.120605e-01 6.273901e+01 3.975780e+02
1.127930e-01 6.277349e+01 3.926470e+02
1.135254e-01 6.279903e+01 3.877547e+02
1.142578e-01 6.281573e+01 3.829012e+02
1.149902e-01 6.282368e+01 3.780868e+02
1.157227e-01 6.282299e+01 3.733120e+02
1.164551e-01 6.281376e+01 3.685769e+02
1.171875e-01 6.279612e+01 3.638818e+02
1.186523e-01 6.273606e+01 3.546131e+02
1.201172e-01 6.264381e+01 3.455079e+02
1.215820e-01 6.252045e+01 3.365685e+02
1.230469e-01 6.236710e+01 3.277966e+02
1.245117e-01 6.218494e+01 3.191942e+02
1.259766e-01 6.197521e+01 3.107625e+02
1.274414e-01 6.173914e+01 3.025030e+02
1.289062e-01 6.147803e+01 2.944165e+02
1.303711e-01 6.119319e+01 2.865039e+02
1.318359e-01 6.088592e+01 2.787657e+02
1.333008e-01 6.055758e+01 2.712022e+02
1.347656e-01 6.020949e+01 2.638134e+02
1.362305e-01 5.984300e+01 2.565990e+02
1.376953e-01 5.945945e+01 2.495587e+02
1.391602e-01 5.906016e+01 2.426917e+02
1.406250e-01 5.864645e+01 2.359972e+02
1.420898e-01 5.821962e+01 2.294740e+02
1.435547e-01 5.778097e+01 2.231209e+02
1.450195e-01 5.733175e+01 2.169363e+02
1.464844e-01 5.687320e+01 2.109188e+02
1.472168e-01 5.664081e+01 2.079720e+02
1.479492e-01 5.640654e+01 2.050663e+02
1.486816e-01 5.617055e+01 2.022014e+02
1.494141e-01 5.593296e+01 1.993770e+02
1.501465e-01 5.569394e+01 1.965929e+02
1.508789e-01 5.545361e+01 1.938487e+02
1.516113e-01 5.521213e+01 1.911443e+02
1.523438e-01 5.496962e+01 1.884793e+02
1.530762e-01 5.472623e+01 1.858534e+02
1.538086e-01 5.448208e+01 1.832663e+02
1.539917e-01 5.442094e+01 1.826256e+02
1.541748e-01 5.435977e+01 1.819872e+02
1.543579e-01 5.429856e+01 1.813513e+02
1.545410e-01 5.423731e+01 1.807177e+02
1.547241e-01 5.417604e+01 1.800866e+02
1.549072e-01 5.411473e+01 1.794578e+02
1.550903e-01 5.405340e+01 1.788314e+02
1.552734e-01 5.399205e+01 1.782073e+02
1.554565e-01 5.393067e+01 1.775857e+02
1.556396e-01 5.386927e+01 1.769664e+02
1.558228e-01 5.380785e+01 1.763494e+02
1.560059e-01 5.374642e+01 1.757348e+02
1.561890e-01 5.368497e+01 1.751226e+02
1.563721e-01 5.362351e+01 1.745127e+02
1.565552e-01 5.356203e+01 1.739051e+02
1.567383e-01 5.350055e+01 1.732999e+02
1.569214e-01 5.343906e+01 1.726969e+02
1.571045e-01 5.337756e+01 1.720963e+02
1.572876e-01 5.331606e+01 1.714981e+02
1.574707e-01 5.325456e+01 1.709021e+02
1.578369e-01 5.313156e+01 1.697171e+02
1.582031e-01 5.300857e+01 1.685412e+02
1.585693e-01 5.288561e+01 1.673745e+02
1.589355e-01 5.276270e+01 1.662168e+02
1.593018e-01 5.263984e+01 1.650683e+02
1.596680e-01 5.251706e+01 1.639287e+02
1.600342e-01 5.239436e+01 1.627980e+02
1.604004e-01 5.227176e+01 1.616763e+02
1.607666e-01 5.214928e+01 1.605635e+02
1.611328e-01 5.202692e+01 1.594595e+02
1.625977e-01 5.153904e+01 1.551308e+02
1.640625e-01 5.105425e+01 1.509397e+02
1.655273e-01 5.057335e+01 1.468833e+02
1.669922e-01 5.009710e+01 1.429586e+02
1.684570e-01 4.962622e+01 1.391628e+02
1.699219e-01 4.916138e+01 1.354926e+02
1.713867e-01 4.870324e+01 1.319452e+02
1.728516e-01 4.825241e+01 1.285176e+02
1.743164e-01 4.780944e+01 1.252066e+02
1.757812e-01 4.737488e+01 1.220094e+02
1.772461e-01 4.694921e+01 1.189228e+02
1.787109e-01 4.653290e+01 1.159439e+02
1.801758e-01 4.612638e+01 1.130698e+02
1.816406e-01 4.573004e+01 1.102975e+02
1.831055e-01 4.534422e+01 1.076241e+02
1.845703e-01 4.496927e+01 1.050467e+02
1.860352e-01 4.460547e+01 1.025624e+02
1.875000e-01 4.425308e+01 1.001685e+02
1.889648e-01 4.391234e+01 9.786213e+01
1.904297e-01 4.358344e+01 9.564062e+01
1.918945e-01 4.326657e+01 9.350125e+01
1.933594e-01 4.296187e+01 9.144140e+01
1.948242e-01 4.266946e+01 8.945845e+01
1.962891e-01 4.238943e+01 8.754986e+01
1.977539e-01 4.212185e+01 8.571314e+01
1.992188e-01 4.186677e+01 8.394584e+01
2.006836e-01 4.162422e+01 8.224556e+01
2.021484e-01 4.139419e+01 8.060996e+01
2.036133e-01 4.117666e+01 7.903675e+01
2.050781e-01 4.097161e+01 7.752369e+01
2.080078e-01 4.059863e+01 7.466933e+01
2.109375e-01 4.027459e+01 7.203005e+01
2.138672e-01 3.999855e+01 6.958987e+01
2.167969e-01 3.976931e+01 6.733366e+01
2.197266e-01 3.958552e+01 6.524712e+01
2.226562e-01 3.944560e+01 6.331679e+01
2.255859e-01 3.934782e+01 6.152999e+01
2.285156e-01 3.929035e+01 5.987482e+01
2.314453e-01 3.927120e+01 5.834015e+01
2.343750e-01 3.928833e+01 5.691557e+01
2.358398e-01 3.930983e+01 5.624150e+01
2.373047e-01 3.933959e+01 5.559136e+01
2.387695e-01 3.937734e+01 5.496404e+01
2.402344e-01 3.942280e+01 5.435848e+01
2.416992e-01 3.947569e+01 5.377363e+01
2.431641e-01 3.953573e+01 5.320851e+01
2.446289e-01 3.960263e+01 5.266216e+01
2.460938e-01 3.967612e+01 5.213366e+01
2.475586e-01 3.975591e+01 5.162212e+01
2.490234e-01 3.984173e+01 5.112671e+01
2.504883e-01 3.993328e+01 5.064659e+01
2.519531e-01 4.003028e+01 5.018099e+01
2.534180e-01 4.013246e+01 4.972916e+01
2.548828e-01 4.023954e+01 4.929036e+01
2.563477e-01 4.035124e+01 4.886392e+01
2.578125e-01 4.046728e+01 4.844916e+01
2.592773e-01 4.058741e+01 4.804545e+01
2.607422e-01 4.071133e+01 4.765219e+01
2.622070e-01 4.083880e+01 4.726879e+01
2.636719e-01 4.096954e+01 4.689469e+01
2.666016e-01 4.123982e+01 4.617230e+01
2.695312e-01 4.152013e+01 4.548106e+01
2.724609e-01 4.180850e+01 4.481736e+01
2.753906e-01 4.210302e+01 4.417791e+01
2.783203e-01 4.240186e+01 4.355974e+01
2.812500e-01 4.270326e+01 4.296018e+01
2.841797e-01 4.300553e+01 4.237682e+01
2.871094e-01 4.330706e+01 4.180749e+01
2.900391e-01 4.360633e+01 4.125026e+01
2.929688e-01 4.390190e+01 4.070342e+01
2.944336e-01 4.404787e+01 4.043340e+01
2.958984e-01 4.419241e+01 4.016543e+01
2.973633e-01 4.433536e+01 3.989933e+01
2.988281e-01 4.447657e+01 3.963496e+01
3.002930e-01 4.461589e+01 3.937217e+01
3.017578e-01 4.475319e+01 3.911083e+01
3.032227e-01 4.488832e+01 3.885082e+01
3.046875e-01 4.502115e+01 3.859201e+01
3.061523e-01 4.515156e+01 3.833431e+01
3.076172e-01 4.527942e+01 3.807762e+01
3.079834e-01 4.531097e+01 3.801359e+01
3.083496e-01 4.534236e+01 3.794962e+01
3.087158e-01 4.537357e+01 3.788570e+01
3.090820e-01 4.540462e+01 3.782184e+01
3.094482e-01 4.543549e+01 3.775802e+01
3.098145e-01 4.546618e+01 3.769426e+01
3.101807e-01 4.549670e+01 3.763055e+01
3.105469e-01 4.552704e+01 3.756689e+01
3.109131e-01 4.555720e+01 3.750327e+01
3.112793e-01 4.558717e+01 3.743970e+01
3.114624e-01 4.560209e+01 3.740793e+01
3.116455e-01 4.561697e+01 3.737617e+01
3.118286e-01 4.563179e+01 3.734442e+01
3.120117e-01 4.564658e+01 3.731269e+01
3.121948e-01 4.566131e+01 3.728096e+01
3.123779e-01 4.567600e+01 3.724925e+01
3.125610e-01 4.569064e+01 3.721754e+01
3.127441e-01 4.570523e+01 3.718585e+01
3.129272e-01 4.571978e+01 3.715417e+01
3.131104e-01 4.573428e+01 3.712249e+01
3.132935e-01 4.574873e+01 3.709083e+01
3.134766e-01 4.576313e+01 3.705917e+01
3.136597e-01 4.577749e+01 3.702753e+01
3.138428e-01 4.579179e+01 3.699589e+01
3.140259e-01 4.580605e+01 3.696427e+01
3.142090e-01 4.582026e+01 3.693265e+01
3.143921e-01 4.583442e+01 3.690105e+01
3.145752e-01 4.584853e+01 3.686945e+01
3.147583e-01 4.586259e+01 3.683786e+01
3.149414e-01 4.587661e+01 3.680628e+01
3.156738e-01 4.593216e+01 3.668004e+01
3.164062e-01 4.598690e+01 3.655394e+01
3.171387e-01 4.604083e+01 3.642796e+01
3.178711e-01 4.609393e+01 3.630210e+01
3.186035e-01 4.614619e+01 3.617636e+01
3.193359e-01 4.619760e+01 3.605072e+01
3.200684e-01 4.624816e+01 3.592519e+01
3.208008e-01 4.629785e+01 3.579976e+01
3.215332e-01 4.634666e+01 3.567442e+01
3.222656e-01 4.639458e+01 3.554917e+01
3.251953e-01 4.657726e+01 3.504899e+01
3.281250e-01 4.674512e+01 3.454998e+01
3.310547e-01 4.689771e+01 3.405197e+01
3.339844e-01 4.703463e+01 3.355487e+01
3.369141e-01 4.715557e+01 3.305863e+01
3.398438e-01 4.726024e+01 3.256323e+01
3.427734e-01 4.734844e+01 3.206871e+01
3.457031e-01 4.742000e+01 3.157512e+01
3.486328e-01 4.747480e+01 3.108256e+01
3.515625e-01 4.751279e+01 3.059113e+01
3.544922e-01 4.753393e+01 3.010097e+01
3.574219e-01 4.753826e+01 2.961223e+01
3.603516e-01 4.752583e+01 2.912508e+01
3.632812e-01 4.749675e+01 2.863968e+01
3.662109e-01 4.745116e+01 2.815622e+01
3.691406e-01 4.738921e+01 2.767489e+01
3.720703e-01 4.731111e+01 2.719589e+01
3.750000e-01 4.721709e+01 2.671941e+01
3.779297e-01 4.710740e+01 2.624565e+01
3.808594e-01 4.698232e+01 2.577480e+01
3.837891e-01 4.684216e+01 2.530707e+01
3.867188e-01 4.668723e+01 2.484264e+01
3.896484e-01 4.651787e+01 2.438171e+01
3.925781e-01 4.633445e+01 2.392445e+01
3.955078e-01 4.613732e+01 2.347104e+01
3.984375e-01 4.592689e+01 2.302166e+01
4.013672e-01 4.570353e+01 2.257648e+01
4.042969e-01 4.546767e+01 2.213564e+01
4.072266e-01 4.521971e+01 2.169930e+01
4.101562e-01 4.496008e+01 2.126760e+01
4.130859e-01 4.468920e+01 2.084068e+01
4.160156e-01 4.440751e+01 2.041866e+01
4.189453e-01 4.411545e+01 2.000167e+01
4.218750e-01 4.381345e+01 1.958980e+01
4.248047e-01 4.350195e+01 1.918317e+01
4.277344e-01 4.318140e+01 1.878186e+01
4.306641e-01 4.285223e+01 1.838596e+01
4.335938e-01 4.251488e+01 1.799555e+01
4.365234e-01 4.216980e+01 1.761070e+01
4.394531e-01 4.181741e+01 1.723146e+01
4.423828e-01 4.145815e+01 1.685790e+01
4.453125e-01 4.109243e+01 1.649006e+01
4.482422e-01 4.072070e+01 1.612798e+01
4.511719e-01 4.034335e+01 1.577168e+01
4.541016e-01 3.996081e+01 1.542121e+01
4.570312e-01 3.957347e+01 1.507657e+01
4.599609e-01 3.918175e+01 1.473778e+01
4.628906e-01 3.878602e+01 1.440485e+01
4.658203e-01 3.838669e+01 1.407777e+01
4.687500e-01 3.798412e+01 1.375655e+01
4.746094e-01 3.717071e+01 1.313162e+01
4.804688e-01 3.634864e+01 1.252991e+01
4.863281e-01 3.552062e+01 1.195121e+01
4.921875e-01 3.468922e+01 1.139524e+01
4.980469e-01 3.385686e+01 1.086166e+01
5.039062e-01 3.302581e+01 1.035009e+01
5.097656e-01 3.219820e+01 9.860083e+00
5.156250e-01 3.137600e+01 9.391170e+00
5.214844e-01 3.056104e+01 8.942845e+00
5.273438e-01 2.975503e+01 8.514574e+00
5.302734e-01 2.935586e+01 8.307785e+00
5.332031e-01 2.895950e+01 8.105799e+00
5.361328e-01 2.856612e+01 7.908545e+00
5.390625e-01 2.817588e+01 7.715949e+00
5.419922e-01 2.778893e+01 7.527936e+00
5.449219e-01 2.740543e+01 7.344434e+00
5.478516e-01 2.702552e+01 7.165367e+00
5.507812e-01 2.664933e+01 6.990659e+00
5.537109e-01 2.627698e+01 6.820236e+00
5.566406e-01 2.590859e+01 6.654021e+00
5.595703e-01 2.554428e+01 6.491938e+00
5.625000e-01 2.518413e+01 6.333913e+00
5.654297e-01 2.482826e+01 6.179869e+00
5.683594e-01 2.447676e+01 6.029731e+00
5.712891e-01 2.412969e+01 5.883423e+00
5.742188e-01 2.378715e+01 5.740871e+00
5.771484e-01 2.344920e+01 5.602000e+00
5.800781e-01 2.311590e+01 5.466735e+00
5.830078e-01 2.278732e+01 5.335003e+00
5.859375e-01 2.246351e+01 5.206731e+00
5.888672e-01 2.214451e+01 5.081847e+00
5.917969e-01 2.183037e+01 4.960277e+00
5.947266e-01 2.152112e+01 4.841951e+00
5.976562e-01 2.121680e+01 4.726799e+00
6.005859e-01 2.091743e+01 4.614751e+00
6.035156e-01 2.062304e+01 4.505737e+00
6.064453e-01 2.033364e+01 4.399689e+00
6.093750e-01 2.004924e+01 4.296540e+00
6.123047e-01 1.976986e+01 4.196223e+00
6.152344e-01 1.949550e+01 4.098673e+00
6.159668e-01 1.942769e+01 4.074710e+00
6.166992e-01 1.936020e+01 4.050915e+00
6.174316e-01 1.929302e+01 4.027287e+00
6.181641e-01 1.922615e+01 4.003825e+00
6.188965e-01 1.915960e+01 3.980527e+00
6.196289e-01 1.909336e+01 3.957394e+00
6.203613e-01 1.902744e+01 3.934423e+00
6.210938e-01 1.896183e+01 3.911614e+00
6.218262e-01 1.889653e+01 3.888967e+00
6.225586e-01 1.883155e+01 3.866479e+00
6.232910e-01 1.876687e+01 3.844150e+00
6.240234e-01 1.870252e+01 3.821979e+00
6.247559e-01 1.863847e+01 3.799966e+00
6.254883e-01 1.857473e+01 3.778108e+00
6.262207e-01 1.851131e+01 3.756406e+00
6.269531e-01 1.844820e+01 3.734857e+00
6.276855e-01 1.838540e+01 3.713462e+00
6.284180e-01 1.832292e+01 3.692220e+00
6.291504e-01 1.826074e+01 3.671128e+00
6.298828e-01 1.819887e+01 3.650187e+00
6.313477e-01 1.807608e+01 3.608753e+00
6.328125e-01 1.795452e+01 3.567910e+00
6.342773e-01 1.783420e+01 3.527649e+00
6.357422e-01 1.771512e+01 3.487965e+00
6.372070e-01 1.759727e+01 3.448849e+00
6.386719e-01 1.748064e+01 3.410295e+00
6.401367e-01 1.736525e+01 3.372296e+00
6.416016e-01 1.725108e+01 3.334844e+00
6.430664e-01 1.713812e+01 3.297932e+00
6.445312e-01 1.702638e+01 3.261554e+00
6.474609e-01 1.680654e+01 3.190371e+00
6.503906e-01 1.659150e+01 3.121241e+00
6.533203e-01 1.638124e+01 3.054110e+00
6.562500e-01 1.617573e+01 2.988927e+00
6.591797e-01 1.597491e+01 2.925640e+00
6.621094e-01 1.577875e+01 2.864199e+00
6.650391e-01 1.558721e+01 2.804556e+00
6.679688e-01 1.540023e+01 2.746662e+00
6.708984e-01 1.521778e+01 2.690469e+00
6.738281e-01 1.503981e+01 2.635932e+00
6.767578e-01 1.486626e+01 2.583006e+00
6.796875e-01 1.469709e+01 2.531645e+00
6.826172e-01 1.453224e+01 2.481808e+00
6.855469e-01 1.437165e+01 2.433451e+00
6.884766e-01 1.421529e+01 2.386533e+00
6.914062e-01 1.406308e+01 2.341013e+00
6.943359e-01 1.391497e+01 2.296852e+00
6.972656e-01 1.377091e+01 2.254012e+00
7.001953e-01 1.363083e+01 2.212453e+00
7.031250e-01 1.349468e+01 2.172140e+00
7.060547e-01 1.336241e+01 2.133036e+00
7.089844e-01 1.323394e+01 2.095106e+00
7.119141e-01 1.310922e+01 2.058315e+00
7.148438e-01 1.298819e+01 2.022630e+00
7.177734e-01 1.287078e+01 1.988018e+00
7.207031e-01 1.275694e+01 1.954447e+00
7.236328e-01 1.264660e+01 1.921885e+00
7.265625e-01 1.253971e+01 1.890303e+00
7.294922e-01 1.243619e+01 1.859671e+00
7.324219e-01 1.233599e+01 1.829960e+00
7.353516e-01 1.223905e+01 1.801141e+00
7.382812e-01 1.214530e+01 1.773187e+00
7.412109e-01 1.205468e+01 1.746072e+00
7.441406e-01 1.196713e+01 1.719769e+00
7.470703e-01 1.188259e+01 1.694253e+00
7.500000e-01 1.180099e+01 1.669498e+00
7.529297e-01 1.172228e+01 1.645482e+00
7.558594e-01 1.164639e+01 1.622181e+00
7.587891e-01 1.157326e+01 1.599572e+00
7.617188e-01 1.150283e+01 1.577632e+00
7.675781e-01 1.136985e+01 1.535676e+00
7.734375e-01 1.124695e+01 1.496147e+00
7.792969e-01 1.113367e+01 1.458890e+00
7.851562e-01 1.102955e+01 1.423756e+00
7.910156e-01 1.093413e+01 1.390606e+00
7.968750e-01 1.084696e+01 1.359308e+00
8.027344e-01 1.076762e+01 1.329738e+00
8.085938e-01 1.069568e+01 1.301780e+00
8.144531e-01 1.063072e+01 1.275324e+00
8.203125e-01 1.057233e+01 1.250266e+00
8.261719e-01 1.052013e+01 1.226508e+00
8.320312e-01 1.047373e+01 1.203961e+00
8.378906e-01 1.043277e+01 1.182538e+00
8.437500e-01 1.039688e+01 1.162159e+00
8.496094e-01 1.036571e+01 1.142748e+00
8.554688e-01 1.033893e+01 1.124236e+00
8.613281e-01 1.031622e+01 1.106556e+00
8.671875e-01 1.029726e+01 1.089646e+00
8.730469e-01 1.028175e+01 1.073450e+00
8.789062e-01 1.026940e+01 1.057914e+00
8.847656e-01 1.025994e+01 1.042986e+00
8.906250e-01 1.025310e+01 1.028622e+00
8.964844e-01 1.024862e+01 1.014776e+00
9.023438e-01 1.024626e+01 1.001409e+00
9.082031e-01 1.024579e+01 9.884835e-01
9.140625e-01 1.024697e+01 9.759641e-01
9.199219e-01 1.024961e+01 9.638188e-01
9.257812e-01 1.025349e+01 9.520174e-01
9.316406e-01 1.025842e+01 9.405323e-01
9.375000e-01 1.026422e+01 9.293379e-01
9.492188e-01 1.027776e+01 9.077287e-01
9.609375e-01 1.029282e+01 8.870219e-01
9.726562e-01 1.030827e+01 8.670761e-01
9.843750e-01 1.032310e+01 8.477720e-01
9.960938e-01 1.033643e+01 8.290106e-01
1.007812e+00 1.034748e+01 8.107098e-01
1.019531e+00 1.035561e+01 7.928022e-01
1.031250e+00 1.036025e+01 7.752335e-01
1.042969e+00 1.036093e+01 7.579601e-01
1.054688e+00 1.035726e+01 7.409477e-01
1.066406e+00 1.034894e+01 7.241702e-01
1.078125e+00 1.033572e+01 7.076079e-01
1.089844e+00 1.031743e+01 6.912470e-01
1.101562e+00 1.029395e+01 6.750780e-01
1.113281e+00 1.026521e+01 6.590954e-01
1.125000e+00 1.023119e+01 6.432967e-01
1.136719e+00 1.019191e+01 6.276821e-01
1.148438e+00 1.014743e+01 6.122535e-01
1.160156e+00 1.009782e+01 5.970144e-01
1.171875e+00 1.004321e+01 5.819693e-01
1.177734e+00 1.001407e+01 5.745211e-01
1.183594e+00 9.983729e+00 5.671234e-01
1.189453e+00 9.952212e+00 5.597771e-01
1.195312e+00 9.919539e+00 5.524827e-01
1.201172e+00 9.885731e+00 5.452411e-01
1.207031e+00 9.850813e+00 5.380531e-01
1.212891e+00 9.814808e+00 5.309195e-01
1.218750e+00 9.777740e+00 5.238409e-01
1.224609e+00 9.739636e+00 5.168181e-01
1.230469e+00 9.700521e+00 5.098519e-01
1.233398e+00 9.680592e+00 5.063902e-01
1.236328e+00 9.660421e+00 5.029429e-01
1.239258e+00 9.640011e+00 4.995102e-01
1.242188e+00 9.619364e+00 4.960920e-01
1.245117e+00 9.598485e+00 4.926884e-01
1.248047e+00 9.577377e+00 4.892997e-01
1.250977e+00 9.556043e+00 4.859257e-01
1.253906e+00 9.534487e+00 4.825667e-01
1.256836e+00 9.512712e+00 4.792226e-01
1.259766e+00 9.490722e+00 4.758936e-01
1.262695e+00 9.468519e+00 4.725797e-01
1.265625e+00 9.446109e+00 4.692810e-01
1.268555e+00 9.423493e+00 4.659976e-01
1.271484e+00 9.400676e+00 4.627295e-01
1.274414e+00 9.377662e+00 4.594768e-01
1.277344e+00 9.354452e+00 4.562396e-01
1.280273e+00 9.331053e+00 4.530178e-01
1.283203e+00 9.307466e+00 4.498117e-01
1.286133e+00 9.283695e+00 4.466212e-01
1.289062e+00 9.259744e+00 4.434464e-01
1.300781e+00 9.162207e+00 4.309052e-01
1.312500e+00 9.062068e+00 4.186189e-01
1.324219e+00 8.959546e+00 4.065900e-01
1.335938e+00 8.854859e+00 3.948203e-01
1.347656e+00 8.748223e+00 3.833114e-01
1.359375e+00 8.639846e+00 3.720639e-01
1.371094e+00 8.529930e+00 3.610782e-01
1.382812e+00 8.418675e+00 3.503542e-01
1.394531e+00 8.306272e+00 3.398911e-01
1.406250e+00 8.192904e+00 3.296878e-01
1.417969e+00 8.078749e+00 3.197429e-01
1.429688e+00 7.963979e+00 3.100545e-01
1.441406e+00 7.848756e+00 3.006202e-01
1.453125e+00 7.733235e+00 2.914375e-01
1.464844e+00 7.617565e+00 2.825034e-01
1.476562e+00 7.501887e+00 2.738149e-01
1.488281e+00 7.386335e+00 2.653683e-01
1.500000e+00 7.271034e+00 2.571602e-01
1.511719e+00 7.156103e+00 2.491866e-01
1.523438e+00 7.041655e+00 2.414435e-01
1.529297e+00 6.984645e+00 2.376571e-01
1.535156e+00 6.927794e+00 2.339268e-01
1.541016e+00 6.871115e+00 2.302519e-01
1.546875e+00 6.814619e+00 2.266320e-01
1.552734e+00 6.758317e+00 2.230665e-01
1.558594e+00 6.702220e+00 2.195548e-01
1.564453e+00 6.646339e+00 2.160964e-01
1.570312e+00 6.590684e+00 2.126907e-01
1.576172e+00 6.535264e+00 2.093371e-01
1.582031e+00 6.480089e+00 2.060350e-01
1.587891e+00 6.425167e+00 2.027839e-01
1.593750e+00 6.370508e+00 1.995831e-01
1.599609e+00 6.316119e+00 1.964321e-01
1.605469e+00 6.262008e+00 1.933303e-01
1.611328e+00 6.208183e+00 1.902772e-01
1.617188e+00 6.154650e+00 1.872720e-01
1.623047e+00 6.101418e+00 1.843142e-01
1.628906e+00 6.048492e+00 1.814032e-01
1.634766e+00 5.995878e+00 1.785385e-01
1.640625e+00 5.943583e+00 1.757194e-01
1.664062e+00 5.737694e+00 1.648877e-01
1.687500e+00 5.537298e+00 1.547392e-01
1.710938e+00 5.342638e+00 1.452371e-01
1.734375e+00 5.153899e+00 1.363452e-01
1.757812e+00 4.971207e+00 1.280286e-01
1.781250e+00 4.794643e+00 1.202532e-01
1.804688e+00 4.624240e+00 1.129865e-01
1.828125e+00 4.459996e+00 1.061971e-01
1.851562e+00 4.301875e+00 9.985531e-02
1.875000e+00 4.149814e+00 9.393257e-02
1.898438e+00 4.003720e+00 8.840183e-02
1.921875e+00 3.863485e+00 8.323752e-02
1.945312e+00 3.728981e+00 7.841543e-02
1.968750e+00 3.600065e+00 7.391274e-02
1.992188e+00 3.476584e+00 6.970797e-02
2.015625e+00 3.358375e+00 6.578091e-02
2.039062e+00 3.245270e+00 6.211262e-02
2.062500e+00 3.137094e+00 5.868535e-02
2.085938e+00 3.033670e+00 5.548248e-02
2.109375e+00 2.934819e+00 5.248846e-02
2.132812e+00 2.840362e+00 4.968879e-02
2.156250e+00 2.750120e+00 4.706993e-02
2.179688e+00 2.663916e+00 4.461925e-02
2.203125e+00 2.581577e+00 4.232499e-02
2.226562e+00 2.502929e+00 4.017621e-02
2.250000e+00 2.427808e+00 3.816272e-02
2.273438e+00 2.356048e+00 3.627506e-02
2.296875e+00 2.287491e+00 3.450443e-02
2.320312e+00 2.221985e+00 3.284266e-02
2.343750e+00 2.159379e+00 3.128215e-02
2.355469e+00 2.129120e+00 3.053764e-02
2.367188e+00 2.099532e+00 2.981586e-02
2.378906e+00 2.070599e+00 2.911599e-02
2.390625e+00 2.042305e+00 2.843726e-02
2.402344e+00 2.014632e+00 2.777893e-02
2.414062e+00 1.987564e+00 2.714028e-02
2.425781e+00 1.961087e+00 2.652063e-02
2.437500e+00 1.935185e+00 2.591930e-02
2.449219e+00 1.909841e+00 2.533566e-02
2.460938e+00 1.885043e+00 2.476910e-02
2.472656e+00 1.860775e+00 2.421901e-02
2.484375e+00 1.837023e+00 2.368484e-02
2.496094e+00 1.813773e+00 2.316602e-02
2.507812e+00 1.791013e+00 2.266203e-02
2.519531e+00 1.768729e+00 2.217236e-02
2.531250e+00 1.746908e+00 2.169652e-02
2.542969e+00 1.725538e+00 2.123404e-02
2.554688e+00 1.704606e+00 2.078445e-02
2.566406e+00 1.684101e+00 2.034733e-02
2.578125e+00 1.664012e+00 1.992226e-02
2.601562e+00 1.625033e+00 1.910661e-02
2.625000e+00 1.587583e+00 1.833445e-02
2.648438e+00 1.551580e+00 1.760292e-02
2.671875e+00 1.516945e+00 1.690938e-02
2.695312e+00 1.483605e+00 1.625138e-02
2.718750e+00 1.451490e+00 1.562665e-02
2.742188e+00 1.420534e+00 1.503306e-02
2.765625e+00 1.390674e+00 1.446868e-02
2.789062e+00 1.361851e+00 1.393167e-02
2.812500e+00 1.334009e+00 1.342035e-02
2.835938e+00 1.307097e+00 1.293316e-02
2.859375e+00 1.281063e+00 1.246862e-02
2.882812e+00 1.255862e+00 1.202540e-02
2.906250e+00 1.231450e+00 1.160222e-02
2.929688e+00 1.207785e+00 1.119791e-02
2.953125e+00 1.184828e+00 1.081140e-02
2.976562e+00 1.162543e+00 1.044165e-02
3.000000e+00 1.140895e+00 1.008773e-02
3.023438e+00 1.119852e+00 9.748743e-03
3.046875e+00 1.099383e+00 9.423880e-03
3.070312e+00 1.079460e+00 9.112370e-03
3.093750e+00 1.060055e+00 8.813496e-03
3.117188e+00 1.041145e+00 8.526590e-03
3.140625e+00 1.022704e+00 8.251027e-03
3.164062e+00 1.004712e+00 7.986223e-03
3.187500e+00 9.871459e-01 7.731631e-03
3.210938e+00 9.699878e-01 7.486739e-03
3.234375e+00 9.532187e-01 7.251068e-03
3.257812e+00 9.368217e-01 7.024168e-03
3.281250e+00 9.207805e-01 6.805618e-03
3.328125e+00 8.897061e-01 6.392010e-03
3.375000e+00 8.598857e-01 6.007355e-03
3.421875e+00 8.312225e-01 5.649099e-03
3.468750e+00 8.036316e-01 5.314974e-03
3.515625e+00 7.770382e-01 5.002965e-03
3.562500e+00 7.513764e-01 4.711269e-03
3.609375e+00 7.265881e-01 4.438277e-03
3.656250e+00 7.026221e-01 4.182541e-03
3.703125e+00 6.794330e-01 3.942757e-03
3.750000e+00 6.569805e-01 3.717749e-03
3.843750e+00 6.141465e-01 3.307896e-03
3.937500e+00 5.738774e-01 2.945562e-03
4.031250e+00 5.359771e-01 2.624562e-03
4.125000e+00 5.002842e-01 2.339694e-03
4.218750e+00 4.666631e-01 2.086537e-03
4.312500e+00 4.349971e-01 1.861308e-03
4.406250e+00 4.051831e-01 1.660746e-03
4.500000e+00 3.771282e-01 1.482020e-03
4.593750e+00 3.507470e-01 1.322664e-03
4.687500e+00 3.259596e-01 1.180515e-03
4.734375e+00 3.141398e-01 1.115290e-03
4.781250e+00 3.026903e-01 1.053673e-03
4.828125e+00 2.916022e-01 9.954603e-04
4.875000e+00 2.808666e-01 9.404615e-04
4.921875e+00 2.704749e-01 8.884970e-04
4.968750e+00 2.604185e-01 8.393975e-04
5.015625e+00 2.506891e-01 7.930040e-04
5.062500e+00 2.412783e-01 7.491664e-04
5.109375e+00 2.321780e-01 7.077431e-04
5.156250e+00 2.233802e-01 6.686009e-04
5.203125e+00 2.148770e-01 6.316137e-04
5.250000e+00 2.066605e-01 5.966629e-04
5.296875e+00 1.987231e-01 5.636363e-04
5.343750e+00 1.910571e-01 5.324281e-04
5.390625e+00 1.836550e-01 5.029383e-04
5.437500e+00 1.765096e-01 4.750727e-04
5.484375e+00 1.696136e-01 4.487419e-04
5.531250e+00 1.629599e-01 4.238619e-04
5.578125e+00 1.565415e-01 4.003530e-04
5.625000e+00 1.503514e-01 3.781400e-04
5.812500e+00 1.277422e-01 3.008835e-04
6.000000e+00 1.082701e-01 2.393294e-04
6.187500e+00 9.155652e-02 1.903045e-04
6.375000e+00 7.725644e-02 1.512740e-04
6.562500e+00 6.505795e-02 1.202131e-04
6.750000e+00 5.468143e-02 9.550419e-05
6.937500e+00 4.587797e-02 7.585572e-05
7.125000e+00 3.842749e-02 6.023687e-05
7.312500e+00 3.213656e-02 4.782530e-05
7.500000e+00 2.683613e-02 3.796536e-05
7.687500e+00 2.237921e-02 3.013455e-05
7.875000e+00 1.863860e-02 2.391676e-05
8.062500e+00 1.550464e-02 1.898070e-05
8.250000e+00 1.288322e-02 1.506283e-05
8.437500e+00 1.069386e-02 1.195355e-05
8.625000e+00 8.867940e-03 9.486252e-06
8.812500e+00 7.347132e-03 7.528522e-06
9.000000e+00 6.082002e-03 5.975189e-06
9.187500e+00 5.030765e-03 4.742741e-06
9.375000e+00 4.158188e-03 3.764885e-06
9.562500e+00 3.434627e-03 2.989006e-06
9.750000e+00 2.835187e-03 2.373355e-06
9.937500e+00 2.338998e-03 1.884802e-06
1.012500e+01 1.928599e-03 1.497070e-06
1.031250e+01 1.589407e-03 1.189316e-06
1.050000e+01 1.309259e-03 9.450113e-07
1.068750e+01 1.078023e-03 7.510448e-07
1.087500e+01 8.872729e-04 5.970199e-07
1.106250e+01 7.300065e-04 4.746902e-07
1.125000e+01 6.004113e-04 3.775148e-07
1.162500e+01 4.057844e-04 2.389459e-07
1.200000e+01 2.739546e-04 1.513932e-07
1.237500e+01 1.847852e-04 9.602115e-08
1.275000e+01 1.245439e-04 6.096663e-08
1.312500e+01 8.388917e-05 3.875229e-08
1.350000e+01 5.647669e-05 2.465993e-08
1.387500e+01 3.800574e-05 1.570990e-08
1.425000e+01 2.556709e-05 1.001940e-08
1.462500e+01 1.719420e-05 6.397060e-09
1.500000e+01 1.156095e-05 4.088849e-09
1.537500e+01 7.772148e-06 2.616381e-09
1.575000e+01 5.224439e-06 1.675979e-09
1.612500e+01 3.511677e-06 1.074745e-09
1.650000e+01 2.360375e-06 6.899273e-10
1.687500e+01 1.586559e-06 4.433623e-10
1.725000e+01 1.066473e-06 2.852081e-10
1.762500e+01 7.169202e-07 1.836550e-10
1.800000e+01 4.820133e-07 1.183870e-10
1.837500e+01 3.241533e-07 7.639868e-11
1.875000e+01 2.180484e-07 4.935606e-11
1.912500e+01 1.467317e-07 3.192355e-11
1.950000e+01 9.878747e-08 2.067392e-11
1.987500e+01 6.655889e-08 1.340855e-11
2.025000e+01 4.489507e-08 8.712420e-12
2.062500e+01 3.033211e-08 5.674203e-12
2.100000e+01 2.054175e-08 3.706713e-12
2.137500e+01 1.396096e-08 2.431606e-12
2.175000e+01 9.539736e-09 1.604752e-12
2.212500e+01 6.568582e-09 1.067813e-12
2.250000e+01 4.571715e-09 7.186282e-13
2.325000e+01 2.326897e-09 3.425480e-13
2.400000e+01 1.303763e-09 1.801218e-13
2.475000e+01 8.176714e-10 1.062230e-13
2.550000e+01 5.598699e-10 6.851677e-14
2.625000e+01 3.951641e-10 4.563615e-14
2.700000e+01 2.675185e-10 2.920226e-14
2.775000e+01 1.600439e-10 1.653878e-14
2.850000e+01 7.512037e-11 7.359667e-15
2.925000e+01 1.968530e-11 1.830966e-15
3.000000e+01 6.546874e-269 5.788708e-273
