# 
# Output from RAtom program.
# 
# Total radial electron density.
# The first column contains radius $r$ in bohr units.
# The second column holds $\rho(r)$.
# The third column holds $\tilde{\rho}(r) = \rho(r) / (\pi * r * r)$
# 
# Use this file with gnuplot to create the plot.
# 
# R     Rho     RhoTilde
#
0.000000e+00 0.000000e+00 1.174042e+05
1.831055e-04 4.847848e-02 1.150632e+05
3.662109e-04 1.900475e-01 1.127690e+05
5.493164e-04 4.190812e-01 1.105206e+05
7.324219e-04 7.301794e-01 1.083171e+05
9.155273e-04 1.118160e+00 1.061577e+05
1.098633e-03 1.578053e+00 1.040415e+05
1.281738e-03 2.105091e+00 1.019676e+05
1.464844e-03 2.694705e+00 9.993526e+04
1.647949e-03 3.342516e+00 9.794358e+04
1.831055e-03 4.044329e+00 9.599178e+04
2.014160e-03 4.796129e+00 9.407907e+04
2.197266e-03 5.594071e+00 9.220469e+04
2.380371e-03 6.434477e+00 9.036787e+04
2.563477e-03 7.313829e+00 8.856788e+04
2.746582e-03 8.228766e+00 8.680399e+04
2.929688e-03 9.176073e+00 8.507548e+04
3.112793e-03 1.015268e+01 8.338165e+04
3.295898e-03 1.115567e+01 8.172182e+04
3.479004e-03 1.218223e+01 8.009532e+04
3.662109e-03 1.322971e+01 7.850148e+04
4.028320e-03 1.537738e+01 7.540923e+04
4.394531e-03 1.757979e+01 7.244005e+04
4.760742e-03 1.981985e+01 6.958910e+04
5.126953e-03 2.208215e+01 6.685175e+04
5.493164e-03 2.435282e+01 6.422354e+04
5.859375e-03 2.661944e+01 6.170018e+04
6.225586e-03 2.887091e+01 5.927754e+04
6.591797e-03 3.109739e+01 5.695167e+04
6.958008e-03 3.329016e+01 5.471876e+04
7.324219e-03 3.544157e+01 5.257514e+04
7.507324e-03 3.649963e+01 5.153572e+04
7.690430e-03 3.754493e+01 5.051731e+04
7.873535e-03 3.857675e+01 4.951950e+04
8.056641e-03 3.959446e+01 4.854187e+04
8.239746e-03 4.059745e+01 4.758404e+04
8.422852e-03 4.158520e+01 4.664559e+04
8.605957e-03 4.255718e+01 4.572615e+04
8.789062e-03 4.351296e+01 4.482534e+04
8.972168e-03 4.445210e+01 4.394279e+04
9.155273e-03 4.537423e+01 4.307812e+04
9.338379e-03 4.627902e+01 4.223099e+04
9.521484e-03 4.716616e+01 4.140105e+04
9.704590e-03 4.803539e+01 4.058794e+04
9.887695e-03 4.888647e+01 3.979135e+04
1.007080e-02 4.971920e+01 3.901093e+04
1.025391e-02 5.053342e+01 3.824636e+04
1.043701e-02 5.132897e+01 3.749733e+04
1.062012e-02 5.210575e+01 3.676353e+04
1.080322e-02 5.286367e+01 3.604465e+04
1.098633e-02 5.360266e+01 3.534039e+04
1.116943e-02 5.432269e+01 3.465047e+04
1.135254e-02 5.502373e+01 3.397458e+04
1.153564e-02 5.570580e+01 3.331247e+04
1.171875e-02 5.636891e+01 3.266384e+04
1.190186e-02 5.701312e+01 3.202843e+04
1.208496e-02 5.763849e+01 3.140597e+04
1.226807e-02 5.824510e+01 3.079621e+04
1.245117e-02 5.883303e+01 3.019889e+04
1.263428e-02 5.940242e+01 2.961375e+04
1.281738e-02 5.995338e+01 2.904057e+04
1.300049e-02 6.048606e+01 2.847909e+04
1.318359e-02 6.100060e+01 2.792908e+04
1.336670e-02 6.149719e+01 2.739032e+04
1.354980e-02 6.197598e+01 2.686257e+04
1.373291e-02 6.243718e+01 2.634561e+04
1.391602e-02 6.288098e+01 2.583923e+04
1.409912e-02 6.330758e+01 2.534322e+04
1.428223e-02 6.371722e+01 2.485737e+04
1.446533e-02 6.411010e+01 2.438146e+04
1.464844e-02 6.448646e+01 2.391531e+04
1.501465e-02 6.519060e+01 2.301149e+04
1.538086e-02 6.583161e+01 2.214437e+04
1.574707e-02 6.641157e+01 2.131250e+04
1.611328e-02 6.693263e+01 2.051446e+04
1.647949e-02 6.739699e+01 1.974890e+04
1.684570e-02 6.780688e+01 1.901453e+04
1.721191e-02 6.816459e+01 1.831010e+04
1.757812e-02 6.847242e+01 1.763440e+04
1.794434e-02 6.873268e+01 1.698629e+04
1.831055e-02 6.894767e+01 1.636467e+04
1.867676e-02 6.911972e+01 1.576846e+04
1.904297e-02 6.925112e+01 1.519664e+04
1.940918e-02 6.934414e+01 1.464824e+04
1.977539e-02 6.940103e+01 1.412232e+04
2.014160e-02 6.942403e+01 1.361796e+04
2.050781e-02 6.941531e+01 1.313429e+04
2.087402e-02 6.937703e+01 1.267049e+04
2.124023e-02 6.931129e+01 1.222575e+04
2.160645e-02 6.922016e+01 1.179930e+04
2.197266e-02 6.910563e+01 1.139039e+04
2.270508e-02 6.881421e+01 1.062239e+04
2.343750e-02 6.845204e+01 9.916399e+03
2.416992e-02 6.803327e+01 9.267465e+03
2.490234e-02 6.757107e+01 8.671025e+03
2.563477e-02 6.707768e+01 8.122869e+03
2.636719e-02 6.656438e+01 7.619113e+03
2.709961e-02 6.604150e+01 7.156176e+03
2.783203e-02 6.551844e+01 6.730756e+03
2.856445e-02 6.500367e+01 6.339809e+03
2.929688e-02 6.450481e+01 5.980529e+03
2.966309e-02 6.426348e+01 5.811948e+03
3.002930e-02 6.402859e+01 5.650329e+03
3.039551e-02 6.380086e+01 5.495381e+03
3.076172e-02 6.358095e+01 5.346825e+03
3.112793e-02 6.336949e+01 5.204390e+03
3.149414e-02 6.316705e+01 5.067820e+03
3.186035e-02 6.297417e+01 4.936867e+03
3.222656e-02 6.279132e+01 4.811293e+03
3.259277e-02 6.261896e+01 4.690870e+03
3.295898e-02 6.245749e+01 4.575378e+03
3.332520e-02 6.230727e+01 4.464610e+03
3.369141e-02 6.216864e+01 4.358361e+03
3.405762e-02 6.204188e+01 4.256441e+03
3.442383e-02 6.192725e+01 4.158662e+03
3.479004e-02 6.182497e+01 4.064847e+03
3.515625e-02 6.173523e+01 3.974826e+03
3.552246e-02 6.165818e+01 3.888434e+03
3.588867e-02 6.159396e+01 3.805515e+03
3.625488e-02 6.154266e+01 3.725919e+03
3.662109e-02 6.150436e+01 3.649500e+03
3.698730e-02 6.147909e+01 3.576121e+03
3.735352e-02 6.146688e+01 3.505648e+03
3.771973e-02 6.146772e+01 3.437955e+03
3.808594e-02 6.148158e+01 3.372919e+03
3.845215e-02 6.150842e+01 3.310423e+03
3.881836e-02 6.154816e+01 3.250356e+03
3.918457e-02 6.160072e+01 3.192609e+03
3.955078e-02 6.166598e+01 3.137080e+03
3.991699e-02 6.174382e+01 3.083671e+03
4.028320e-02 6.183409e+01 3.032286e+03
4.064941e-02 6.193664e+01 2.982835e+03
4.101562e-02 6.205129e+01 2.935231e+03
4.138184e-02 6.217786e+01 2.889391e+03
4.174805e-02 6.231614e+01 2.845236e+03
4.211426e-02 6.246593e+01 2.802690e+03
4.248047e-02 6.262699e+01 2.761678e+03
4.284668e-02 6.279910e+01 2.722132e+03
4.321289e-02 6.298201e+01 2.683985e+03
4.357910e-02 6.317547e+01 2.647171e+03
4.394531e-02 6.337922e+01 2.611631e+03
4.467773e-02 6.381649e+01 2.544139e+03
4.541016e-02 6.429162e+01 2.481067e+03
4.614258e-02 6.480228e+01 2.422014e+03
4.687500e-02 6.534609e+01 2.366612e+03
4.760742e-02 6.592062e+01 2.314526e+03
4.833984e-02 6.652339e+01 2.265448e+03
4.907227e-02 6.715193e+01 2.219098e+03
4.980469e-02 6.780373e+01 2.175221e+03
5.053711e-02 6.847631e+01 2.133584e+03
5.126953e-02 6.916718e+01 2.093975e+03
5.200195e-02 6.987390e+01 2.056202e+03
5.273438e-02 7.059405e+01 2.020090e+03
5.346680e-02 7.132528e+01 1.985479e+03
5.419922e-02 7.206527e+01 1.952226e+03
5.493164e-02 7.281175e+01 1.920200e+03
5.566406e-02 7.356253e+01 1.889283e+03
5.639648e-02 7.431549e+01 1.859368e+03
5.712891e-02 7.506857e+01 1.830360e+03
5.786133e-02 7.581980e+01 1.802171e+03
5.859375e-02 7.656727e+01 1.774724e+03
5.932617e-02 7.730919e+01 1.747948e+03
6.005859e-02 7.804380e+01 1.721782e+03
6.079102e-02 7.876946e+01 1.696169e+03
6.152344e-02 7.948461e+01 1.671060e+03
6.225586e-02 8.018778e+01 1.646409e+03
6.298828e-02 8.087757e+01 1.622179e+03
6.372070e-02 8.155268e+01 1.598333e+03
6.445312e-02 8.221189e+01 1.574841e+03
6.518555e-02 8.285408e+01 1.551677e+03
6.591797e-02 8.347818e+01 1.528817e+03
6.665039e-02 8.408324e+01 1.506240e+03
6.738281e-02 8.466838e+01 1.483929e+03
6.811523e-02 8.523279e+01 1.461869e+03
6.884766e-02 8.577574e+01 1.440046e+03
6.958008e-02 8.629658e+01 1.418450e+03
7.031250e-02 8.679474e+01 1.397071e+03
7.104492e-02 8.726972e+01 1.375902e+03
7.177734e-02 8.772109e+01 1.354938e+03
7.250977e-02 8.814848e+01 1.334172e+03
7.324219e-02 8.855158e+01 1.313602e+03
7.360840e-02 8.874395e+01 1.303389e+03
7.397461e-02 8.893017e+01 1.293224e+03
7.434082e-02 8.911022e+01 1.283107e+03
7.470703e-02 8.928408e+01 1.273037e+03
7.507324e-02 8.945173e+01 1.263015e+03
7.543945e-02 8.961317e+01 1.253040e+03
7.580566e-02 8.976840e+01 1.243112e+03
7.617188e-02 8.991740e+01 1.233231e+03
7.653809e-02 9.006018e+01 1.223398e+03
7.690430e-02 9.019675e+01 1.213612e+03
7.708740e-02 9.026271e+01 1.208737e+03
7.727051e-02 9.032711e+01 1.203873e+03
7.745361e-02 9.038997e+01 1.199022e+03
7.763672e-02 9.045128e+01 1.194182e+03
7.781982e-02 9.051104e+01 1.189354e+03
7.800293e-02 9.056925e+01 1.184538e+03
7.818604e-02 9.062593e+01 1.179734e+03
7.836914e-02 9.068106e+01 1.174942e+03
7.855225e-02 9.073466e+01 1.170162e+03
7.873535e-02 9.078672e+01 1.165394e+03
7.891846e-02 9.083725e+01 1.160638e+03
7.910156e-02 9.088625e+01 1.155894e+03
7.928467e-02 9.093372e+01 1.151163e+03
7.946777e-02 9.097967e+01 1.146443e+03
7.965088e-02 9.102410e+01 1.141735e+03
7.983398e-02 9.106702e+01 1.137040e+03
8.001709e-02 9.110842e+01 1.132356e+03
8.020020e-02 9.114832e+01 1.127685e+03
8.038330e-02 9.118671e+01 1.123026e+03
8.056641e-02 9.122360e+01 1.118380e+03
8.129883e-02 9.135625e+01 1.099917e+03
8.203125e-02 9.146528e+01 1.081652e+03
8.276367e-02 9.155102e+01 1.063589e+03
8.349609e-02 9.161383e+01 1.045728e+03
8.422852e-02 9.165413e+01 1.028073e+03
8.496094e-02 9.167233e+01 1.010624e+03
8.569336e-02 9.166888e+01 9.933853e+02
8.642578e-02 9.164426e+01 9.763573e+02
8.715820e-02 9.159897e+01 9.595425e+02
8.789062e-02 9.153354e+01 9.429426e+02
8.862305e-02 9.144849e+01 9.265595e+02
8.935547e-02 9.134438e+01 9.103946e+02
9.008789e-02 9.122178e+01 8.944495e+02
9.082031e-02 9.108127e+01 8.787255e+02
9.155273e-02 9.092344e+01 8.632237e+02
9.228516e-02 9.074891e+01 8.479453e+02
9.301758e-02 9.055828e+01 8.328911e+02
9.375000e-02 9.035217e+01 8.180619e+02
9.448242e-02 9.013121e+01 8.034582e+02
9.521484e-02 8.989603e+01 7.890805e+02
9.594727e-02 8.964726e+01 7.749290e+02
9.667969e-02 8.938553e+01 7.610039e+02
9.741211e-02 8.911149e+01 7.473051e+02
9.814453e-02 8.882578e+01 7.338325e+02
9.887695e-02 8.852901e+01 7.205856e+02
9.960938e-02 8.822184e+01 7.075641e+02
1.003418e-01 8.790488e+01 6.947673e+02
1.010742e-01 8.757876e+01 6.821944e+02
1.018066e-01 8.724411e+01 6.698445e+02
1.025391e-01 8.690153e+01 6.577167e+02
1.040039e-01 8.619503e+01 6.341223e+02
1.054688e-01 8.546404e+01 6.114007e+02
1.069336e-01 8.471319e+01 5.895394e+02
1.083984e-01 8.394698e+01 5.685245e+02
1.098633e-01 8.316971e+01 5.483403e+02
1.113281e-01 8.238553e+01 5.289703e+02
1.127930e-01 8.159839e+01 5.103965e+02
1.142578e-01 8.081203e+01 4.925999e+02
1.157227e-01 8.003000e+01 4.755610e+02
1.171875e-01 7.925565e+01 4.592591e+02
1.186523e-01 7.849207e+01 4.436733e+02
1.201172e-01 7.774218e+01 4.287820e+02
1.215820e-01 7.700867e+01 4.145634e+02
1.230469e-01 7.629400e+01 4.009953e+02
1.245117e-01 7.560043e+01 3.880556e+02
1.259766e-01 7.493003e+01 3.757219e+02
1.274414e-01 7.428461e+01 3.639719e+02
1.289062e-01 7.366583e+01 3.527835e+02
1.303711e-01 7.307513e+01 3.421347e+02
1.318359e-01 7.251376e+01 3.320037e+02
1.325684e-01 7.224441e+01 3.271257e+02
1.333008e-01 7.198277e+01 3.223690e+02
1.340332e-01 7.172896e+01 3.177312e+02
1.347656e-01 7.148307e+01 3.132096e+02
1.354980e-01 7.124517e+01 3.088016e+02
1.362305e-01 7.101535e+01 3.045046e+02
1.369629e-01 7.079367e+01 3.003162e+02
1.376953e-01 7.058018e+01 2.962338e+02
1.384277e-01 7.037492e+01 2.922549e+02
1.391602e-01 7.017793e+01 2.883772e+02
1.398926e-01 6.998924e+01 2.845981e+02
1.406250e-01 6.980886e+01 2.809154e+02
1.413574e-01 6.963680e+01 2.773267e+02
1.420898e-01 6.947306e+01 2.738297e+02
1.428223e-01 6.931763e+01 2.704220e+02
1.435547e-01 6.917049e+01 2.671015e+02
1.442871e-01 6.903163e+01 2.638659e+02
1.450195e-01 6.890100e+01 2.607130e+02
1.457520e-01 6.877858e+01 2.576407e+02
1.464844e-01 6.866430e+01 2.546470e+02
1.472168e-01 6.855813e+01 2.517297e+02
1.479492e-01 6.846000e+01 2.488867e+02
1.486816e-01 6.836985e+01 2.461161e+02
1.494141e-01 6.828760e+01 2.434160e+02
1.501465e-01 6.821319e+01 2.407843e+02
1.508789e-01 6.814651e+01 2.382192e+02
1.516113e-01 6.808750e+01 2.357188e+02
1.523438e-01 6.803605e+01 2.332813e+02
1.530762e-01 6.799206e+01 2.309049e+02
1.538086e-01 6.795544e+01 2.285878e+02
1.539917e-01 6.794742e+01 2.280177e+02
1.541748e-01 6.793985e+01 2.274510e+02
1.543579e-01 6.793274e+01 2.268880e+02
1.545410e-01 6.792607e+01 2.263284e+02
1.547241e-01 6.791985e+01 2.257724e+02
1.549072e-01 6.791407e+01 2.252198e+02
1.550903e-01 6.790874e+01 2.246706e+02
1.552734e-01 6.790385e+01 2.241249e+02
1.554565e-01 6.789939e+01 2.235826e+02
1.556396e-01 6.789538e+01 2.230436e+02
1.557312e-01 6.789353e+01 2.227754e+02
1.558228e-01 6.789180e+01 2.225080e+02
1.559143e-01 6.789017e+01 2.222415e+02
1.560059e-01 6.788865e+01 2.219757e+02
1.560974e-01 6.788724e+01 2.217108e+02
1.561890e-01 6.788594e+01 2.214467e+02
1.562805e-01 6.788474e+01 2.211834e+02
1.563721e-01 6.788365e+01 2.209210e+02
1.564636e-01 6.788267e+01 2.206593e+02
1.565552e-01 6.788180e+01 2.203985e+02
1.566467e-01 6.788103e+01 2.201385e+02
1.567383e-01 6.788037e+01 2.198792e+02
1.568298e-01 6.787982e+01 2.196208e+02
1.569214e-01 6.787937e+01 2.193631e+02
1.570129e-01 6.787903e+01 2.191063e+02
1.571045e-01 6.787879e+01 2.188502e+02
1.571960e-01 6.787866e+01 2.185950e+02
1.572876e-01 6.787863e+01 2.183405e+02
1.573792e-01 6.787871e+01 2.180868e+02
1.574707e-01 6.787889e+01 2.178338e+02
1.578369e-01 6.788065e+01 2.168298e+02
1.582031e-01 6.788407e+01 2.158380e+02
1.585693e-01 6.788912e+01 2.148582e+02
1.589355e-01 6.789579e+01 2.138902e+02
1.593018e-01 6.790406e+01 2.129339e+02
1.596680e-01 6.791391e+01 2.119890e+02
1.600342e-01 6.792533e+01 2.110554e+02
1.604004e-01 6.793830e+01 2.101329e+02
1.607666e-01 6.795280e+01 2.092213e+02
1.611328e-01 6.796882e+01 2.083205e+02
1.625977e-01 6.804770e+01 2.048213e+02
1.640625e-01 6.814940e+01 2.014807e+02
1.655273e-01 6.827275e+01 1.982887e+02
1.669922e-01 6.841653e+01 1.952355e+02
1.684570e-01 6.857954e+01 1.923120e+02
1.699219e-01 6.876053e+01 1.895094e+02
1.713867e-01 6.895826e+01 1.868195e+02
1.728516e-01 6.917147e+01 1.842343e+02
1.743164e-01 6.939891e+01 1.817466e+02
1.757812e-01 6.963932e+01 1.793492e+02
1.787109e-01 7.015405e+01 1.747997e+02
1.816406e-01 7.070578e+01 1.705372e+02
1.845703e-01 7.128484e+01 1.665189e+02
1.875000e-01 7.188188e+01 1.627073e+02
1.904297e-01 7.248793e+01 1.590694e+02
1.933594e-01 7.309444e+01 1.555765e+02
1.962891e-01 7.369336e+01 1.522041e+02
1.992188e-01 7.427717e+01 1.489310e+02
2.021484e-01 7.483887e+01 1.457393e+02
2.050781e-01 7.537206e+01 1.426139e+02
2.065430e-01 7.562611e+01 1.410721e+02
2.080078e-01 7.587090e+01 1.395424e+02
2.094727e-01 7.610577e+01 1.380235e+02
2.109375e-01 7.633012e+01 1.365144e+02
2.124023e-01 7.654340e+01 1.350141e+02
2.138672e-01 7.674507e+01 1.335218e+02
2.153320e-01 7.693464e+01 1.320367e+02
2.167969e-01 7.711164e+01 1.305582e+02
2.182617e-01 7.727566e+01 1.290856e+02
2.197266e-01 7.742630e+01 1.276185e+02
2.211914e-01 7.756320e+01 1.261564e+02
2.226562e-01 7.768605e+01 1.246991e+02
2.241211e-01 7.779455e+01 1.232463e+02
2.255859e-01 7.788845e+01 1.217977e+02
2.270508e-01 7.796751e+01 1.203532e+02
2.285156e-01 7.803154e+01 1.189128e+02
2.299805e-01 7.808037e+01 1.174763e+02
2.314453e-01 7.811386e+01 1.160437e+02
2.329102e-01 7.813190e+01 1.146151e+02
2.343750e-01 7.813440e+01 1.131905e+02
2.358398e-01 7.812132e+01 1.117700e+02
2.373047e-01 7.809260e+01 1.103538e+02
2.387695e-01 7.804826e+01 1.089420e+02
2.402344e-01 7.798829e+01 1.075348e+02
2.416992e-01 7.791274e+01 1.061324e+02
2.431641e-01 7.782168e+01 1.047350e+02
2.446289e-01 7.771518e+01 1.033428e+02
2.460938e-01 7.759334e+01 1.019561e+02
2.475586e-01 7.745629e+01 1.005752e+02
2.490234e-01 7.730416e+01 9.920020e+01
2.504883e-01 7.713711e+01 9.783149e+01
2.519531e-01 7.695532e+01 9.646933e+01
2.534180e-01 7.675897e+01 9.511400e+01
2.548828e-01 7.654826e+01 9.376578e+01
2.563477e-01 7.632343e+01 9.242497e+01
2.578125e-01 7.608469e+01 9.109184e+01
2.592773e-01 7.583230e+01 8.976669e+01
2.607422e-01 7.556650e+01 8.844980e+01
2.622070e-01 7.528757e+01 8.714145e+01
2.636719e-01 7.499579e+01 8.584192e+01
2.651367e-01 7.469144e+01 8.455148e+01
2.666016e-01 7.437481e+01 8.327040e+01
2.680664e-01 7.404622e+01 8.199894e+01
2.695312e-01 7.370597e+01 8.073736e+01
2.709961e-01 7.335438e+01 7.948590e+01
2.724609e-01 7.299178e+01 7.824482e+01
2.739258e-01 7.261849e+01 7.701433e+01
2.753906e-01 7.223486e+01 7.579467e+01
2.768555e-01 7.184122e+01 7.458605e+01
2.783203e-01 7.143791e+01 7.338868e+01
2.797852e-01 7.102529e+01 7.220276e+01
2.812500e-01 7.060370e+01 7.102848e+01
2.827148e-01 7.017348e+01 6.986601e+01
2.841797e-01 6.973501e+01 6.871553e+01
2.856445e-01 6.928862e+01 6.757720e+01
2.871094e-01 6.883467e+01 6.645117e+01
2.885742e-01 6.837352e+01 6.533758e+01
2.900391e-01 6.790552e+01 6.423655e+01
2.915039e-01 6.743103e+01 6.314823e+01
2.929688e-01 6.695040e+01 6.207271e+01
2.944336e-01 6.646397e+01 6.101010e+01
2.958984e-01 6.597211e+01 5.996049e+01
2.973633e-01 6.547515e+01 5.892397e+01
2.988281e-01 6.497345e+01 5.790061e+01
3.002930e-01 6.446734e+01 5.689048e+01
3.017578e-01 6.395717e+01 5.589363e+01
3.032227e-01 6.344327e+01 5.491012e+01
3.046875e-01 6.292598e+01 5.393999e+01
3.061523e-01 6.240561e+01 5.298325e+01
3.076172e-01 6.188251e+01 5.203995e+01
3.079834e-01 6.175134e+01 5.180622e+01
3.083496e-01 6.162003e+01 5.157334e+01
3.087158e-01 6.148858e+01 5.134129e+01
3.090820e-01 6.135699e+01 5.111009e+01
3.094482e-01 6.122527e+01 5.087973e+01
3.098145e-01 6.109342e+01 5.065020e+01
3.101807e-01 6.096145e+01 5.042152e+01
3.105469e-01 6.082936e+01 5.019368e+01
3.109131e-01 6.069716e+01 4.996668e+01
3.112793e-01 6.056486e+01 4.974052e+01
3.113708e-01 6.053176e+01 4.968412e+01
3.114624e-01 6.049867e+01 4.962776e+01
3.115540e-01 6.046556e+01 4.957146e+01
3.116455e-01 6.043245e+01 4.951521e+01
3.117371e-01 6.039933e+01 4.945901e+01
3.118286e-01 6.036621e+01 4.940286e+01
3.119202e-01 6.033308e+01 4.934677e+01
3.120117e-01 6.029994e+01 4.929073e+01
3.121033e-01 6.026680e+01 4.923474e+01
3.121948e-01 6.023366e+01 4.917880e+01
3.122864e-01 6.020050e+01 4.912292e+01
3.123779e-01 6.016735e+01 4.906709e+01
3.124695e-01 6.013418e+01 4.901131e+01
3.125610e-01 6.010101e+01 4.895559e+01
3.126526e-01 6.006784e+01 4.889991e+01
3.127441e-01 6.003466e+01 4.884429e+01
3.128357e-01 6.000148e+01 4.878873e+01
3.129272e-01 5.996829e+01 4.873321e+01
3.130188e-01 5.993509e+01 4.867775e+01
3.131104e-01 5.990189e+01 4.862234e+01
3.132935e-01 5.983548e+01 4.851168e+01
3.134766e-01 5.976905e+01 4.840122e+01
3.136597e-01 5.970260e+01 4.829098e+01
3.138428e-01 5.963613e+01 4.818095e+01
3.140259e-01 5.956964e+01 4.807112e+01
3.142090e-01 5.950314e+01 4.796151e+01
3.143921e-01 5.943662e+01 4.785210e+01
3.145752e-01 5.937008e+01 4.774291e+01
3.147583e-01 5.930353e+01 4.763392e+01
3.149414e-01 5.923697e+01 4.752514e+01
3.156738e-01 5.897058e+01 4.709213e+01
3.164062e-01 5.870400e+01 4.666247e+01
3.171387e-01 5.843727e+01 4.623615e+01
3.178711e-01 5.817042e+01 4.581316e+01
3.186035e-01 5.790350e+01 4.539352e+01
3.193359e-01 5.763654e+01 4.497720e+01
3.200684e-01 5.736956e+01 4.456421e+01
3.208008e-01 5.710262e+01 4.415454e+01
3.215332e-01 5.683573e+01 4.374818e+01
3.222656e-01 5.656894e+01 4.334512e+01
3.251953e-01 5.550339e+01 4.176583e+01
3.281250e-01 5.444196e+01 4.023882e+01
3.310547e-01 5.338664e+01 3.876352e+01
3.339844e-01 5.233931e+01 3.733927e+01
3.369141e-01 5.130177e+01 3.596534e+01
3.398438e-01 5.027569e+01 3.464093e+01
3.427734e-01 4.926266e+01 3.336519e+01
3.457031e-01 4.826416e+01 3.213722e+01
3.486328e-01 4.728157e+01 3.095605e+01
3.515625e-01 4.631618e+01 2.982070e+01
3.544922e-01 4.536918e+01 2.873014e+01
3.574219e-01 4.444165e+01 2.768331e+01
3.603516e-01 4.353459e+01 2.667914e+01
3.632812e-01 4.264890e+01 2.571651e+01
3.662109e-01 4.178540e+01 2.479431e+01
3.691406e-01 4.094481e+01 2.391142e+01
3.720703e-01 4.012776e+01 2.306668e+01
3.750000e-01 3.933482e+01 2.225896e+01
3.779297e-01 3.856646e+01 2.148710e+01
3.808594e-01 3.782308e+01 2.074998e+01
3.823242e-01 3.746085e+01 2.039408e+01
3.837891e-01 3.710499e+01 2.004644e+01
3.852539e-01 3.675552e+01 1.970691e+01
3.867188e-01 3.641247e+01 1.937536e+01
3.881836e-01 3.607584e+01 1.905164e+01
3.896484e-01 3.574568e+01 1.873561e+01
3.911133e-01 3.542197e+01 1.842713e+01
3.925781e-01 3.510474e+01 1.812607e+01
3.940430e-01 3.479399e+01 1.783230e+01
3.955078e-01 3.448972e+01 1.754566e+01
3.969727e-01 3.419193e+01 1.726603e+01
3.984375e-01 3.390061e+01 1.699328e+01
3.999023e-01 3.361576e+01 1.672727e+01
4.013672e-01 3.333735e+01 1.646787e+01
4.028320e-01 3.306539e+01 1.621495e+01
4.042969e-01 3.279983e+01 1.596839e+01
4.057617e-01 3.254068e+01 1.572804e+01
4.072266e-01 3.228789e+01 1.549379e+01
4.086914e-01 3.204144e+01 1.526551e+01
4.101562e-01 3.180131e+01 1.504307e+01
4.130859e-01 3.133984e+01 1.461525e+01
4.160156e-01 3.090319e+01 1.420935e+01
4.189453e-01 3.049103e+01 1.382444e+01
4.218750e-01 3.010297e+01 1.345959e+01
4.248047e-01 2.973863e+01 1.311392e+01
4.277344e-01 2.939756e+01 1.278654e+01
4.306641e-01 2.907932e+01 1.247662e+01
4.335938e-01 2.878340e+01 1.218333e+01
4.365234e-01 2.850930e+01 1.190588e+01
4.394531e-01 2.825650e+01 1.164350e+01
4.409180e-01 2.813792e+01 1.151772e+01
4.423828e-01 2.802445e+01 1.139543e+01
4.438477e-01 2.791602e+01 1.127654e+01
4.453125e-01 2.781257e+01 1.116096e+01
4.467773e-01 2.771402e+01 1.104860e+01
4.482422e-01 2.762029e+01 1.093939e+01
4.497070e-01 2.753132e+01 1.083323e+01
4.511719e-01 2.744703e+01 1.073004e+01
4.526367e-01 2.736734e+01 1.062975e+01
4.541016e-01 2.729218e+01 1.053228e+01
4.555664e-01 2.722147e+01 1.043754e+01
4.570312e-01 2.715513e+01 1.034547e+01
4.584961e-01 2.709309e+01 1.025599e+01
4.599609e-01 2.703527e+01 1.016902e+01
4.614258e-01 2.698159e+01 1.008449e+01
4.628906e-01 2.693197e+01 1.000234e+01
4.643555e-01 2.688633e+01 9.922488e+00
4.658203e-01 2.684461e+01 9.844877e+00
4.672852e-01 2.680670e+01 9.769438e+00
4.687500e-01 2.677255e+01 9.696106e+00
4.716797e-01 2.671518e+01 9.555510e+00
4.746094e-01 2.667186e+01 9.422602e+00
4.775391e-01 2.664197e+01 9.296911e+00
4.804688e-01 2.662488e+01 9.177989e+00
4.833984e-01 2.661998e+01 9.065407e+00
4.863281e-01 2.662664e+01 8.958757e+00
4.892578e-01 2.664427e+01 8.857647e+00
4.921875e-01 2.667225e+01 8.761705e+00
4.951172e-01 2.671000e+01 8.670577e+00
4.980469e-01 2.675693e+01 8.583925e+00
5.009766e-01 2.681246e+01 8.501429e+00
5.039062e-01 2.687602e+01 8.422783e+00
5.068359e-01 2.694707e+01 8.347700e+00
5.097656e-01 2.702504e+01 8.275904e+00
5.126953e-01 2.710942e+01 8.207136e+00
5.156250e-01 2.719967e+01 8.141151e+00
5.185547e-01 2.729528e+01 8.077717e+00
5.214844e-01 2.739577e+01 8.016614e+00
5.244141e-01 2.750063e+01 7.957637e+00
5.273438e-01 2.760940e+01 7.900590e+00
5.332031e-01 2.783684e+01 7.791566e+00
5.390625e-01 2.807458e+01 7.688210e+00
5.449219e-01 2.831932e+01 7.589348e+00
5.507812e-01 2.856797e+01 7.493958e+00
5.566406e-01 2.881769e+01 7.401154e+00
5.625000e-01 2.906581e+01 7.310172e+00
5.683594e-01 2.930993e+01 7.220361e+00
5.742188e-01 2.954782e+01 7.131172e+00
5.800781e-01 2.977748e+01 7.042146e+00
5.859375e-01 2.999707e+01 6.952908e+00
5.888672e-01 3.010259e+01 6.908111e+00
5.917969e-01 3.020500e+01 6.863153e+00
5.947266e-01 3.030413e+01 6.818005e+00
5.976562e-01 3.039982e+01 6.772643e+00
6.005859e-01 3.049191e+01 6.727048e+00
6.035156e-01 3.058027e+01 6.681200e+00
6.064453e-01 3.066476e+01 6.635085e+00
6.093750e-01 3.074527e+01 6.588691e+00
6.123047e-01 3.082167e+01 6.542010e+00
6.152344e-01 3.089388e+01 6.495034e+00
6.159668e-01 3.091127e+01 6.483243e+00
6.166992e-01 3.092838e+01 6.471434e+00
6.174316e-01 3.094522e+01 6.459605e+00
6.181641e-01 3.096179e+01 6.447758e+00
6.188965e-01 3.097809e+01 6.435892e+00
6.196289e-01 3.099411e+01 6.424007e+00
6.203613e-01 3.100986e+01 6.412104e+00
6.210938e-01 3.102533e+01 6.400181e+00
6.218262e-01 3.104052e+01 6.388239e+00
6.225586e-01 3.105544e+01 6.376279e+00
6.229248e-01 3.106279e+01 6.370292e+00
6.232910e-01 3.107007e+01 6.364299e+00
6.236572e-01 3.107728e+01 6.358303e+00
6.240234e-01 3.108442e+01 6.352301e+00
6.243896e-01 3.109149e+01 6.346295e+00
6.247559e-01 3.109849e+01 6.340284e+00
6.251221e-01 3.110542e+01 6.334269e+00
6.254883e-01 3.111227e+01 6.328249e+00
6.258545e-01 3.111906e+01 6.322224e+00
6.262207e-01 3.112578e+01 6.316194e+00
6.265869e-01 3.113242e+01 6.310160e+00
6.269531e-01 3.113899e+01 6.304121e+00
6.273193e-01 3.114550e+01 6.298078e+00
6.276855e-01 3.115193e+01 6.292030e+00
6.280518e-01 3.115828e+01 6.285977e+00
6.284180e-01 3.116457e+01 6.279920e+00
6.287842e-01 3.117078e+01 6.273857e+00
6.291504e-01 3.117693e+01 6.267791e+00
6.295166e-01 3.118300e+01 6.261719e+00
6.298828e-01 3.118899e+01 6.255643e+00
6.313477e-01 3.121226e+01 6.231294e+00
6.328125e-01 3.123436e+01 6.206871e+00
6.342773e-01 3.125530e+01 6.182376e+00
6.357422e-01 3.127506e+01 6.157810e+00
6.372070e-01 3.129365e+01 6.133174e+00
6.386719e-01 3.131106e+01 6.108468e+00
6.401367e-01 3.132728e+01 6.083694e+00
6.416016e-01 3.134232e+01 6.058853e+00
6.430664e-01 3.135617e+01 6.033947e+00
6.445312e-01 3.136882e+01 6.008975e+00
6.503906e-01 3.140752e+01 5.908472e+00
6.562500e-01 3.142709e+01 5.807051e+00
6.621094e-01 3.142759e+01 5.704817e+00
6.679688e-01 3.140915e+01 5.601883e+00
6.738281e-01 3.137198e+01 5.498367e+00
6.796875e-01 3.131635e+01 5.394394e+00
6.855469e-01 3.124260e+01 5.290089e+00
6.914062e-01 3.115114e+01 5.185581e+00
6.972656e-01 3.104239e+01 5.080996e+00
7.031250e-01 3.091687e+01 4.976461e+00
7.089844e-01 3.077509e+01 4.872099e+00
7.148438e-01 3.061761e+01 4.768033e+00
7.207031e-01 3.044504e+01 4.664379e+00
7.265625e-01 3.025797e+01 4.561251e+00
7.324219e-01 3.005704e+01 4.458757e+00
7.382812e-01 2.984291e+01 4.357000e+00
7.441406e-01 2.961622e+01 4.256080e+00
7.500000e-01 2.937765e+01 4.156088e+00
7.558594e-01 2.912787e+01 4.057111e+00
7.617188e-01 2.886755e+01 3.959231e+00
7.631836e-01 2.880091e+01 3.934941e+00
7.646484e-01 2.873366e+01 3.910726e+00
7.661133e-01 2.866581e+01 3.886586e+00
7.675781e-01 2.859737e+01 3.862523e+00
7.690430e-01 2.852836e+01 3.838538e+00
7.705078e-01 2.845879e+01 3.814631e+00
7.719727e-01 2.838867e+01 3.790804e+00
7.734375e-01 2.831800e+01 3.767057e+00
7.749023e-01 2.824679e+01 3.743392e+00
7.763672e-01 2.817507e+01 3.719810e+00
7.778320e-01 2.810283e+01 3.696311e+00
7.792969e-01 2.803009e+01 3.672897e+00
7.807617e-01 2.795685e+01 3.649568e+00
7.822266e-01 2.788314e+01 3.626325e+00
7.836914e-01 2.780895e+01 3.603169e+00
7.851562e-01 2.773430e+01 3.580100e+00
7.866211e-01 2.765920e+01 3.557121e+00
7.880859e-01 2.758366e+01 3.534230e+00
7.895508e-01 2.750769e+01 3.511430e+00
7.910156e-01 2.743129e+01 3.488721e+00
7.939453e-01 2.727727e+01 3.443577e+00
7.968750e-01 2.712168e+01 3.398806e+00
7.998047e-01 2.696460e+01 3.354410e+00
8.027344e-01 2.680610e+01 3.310397e+00
8.056641e-01 2.664626e+01 3.266769e+00
8.085938e-01 2.648516e+01 3.223531e+00
8.115234e-01 2.632286e+01 3.180688e+00
8.144531e-01 2.615944e+01 3.138242e+00
8.173828e-01 2.599498e+01 3.096197e+00
8.203125e-01 2.582953e+01 3.054556e+00
8.320312e-01 2.515936e+01 2.892081e+00
8.437500e-01 2.447891e+01 2.736243e+00
8.554688e-01 2.379216e+01 2.587115e+00
8.671875e-01 2.310277e+01 2.444715e+00
8.789062e-01 2.241412e+01 2.309014e+00
8.906250e-01 2.172925e+01 2.179942e+00
9.023438e-01 2.105092e+01 2.057393e+00
9.140625e-01 2.038161e+01 1.941229e+00
9.257812e-01 1.972349e+01 1.831290e+00
9.375000e-01 1.907851e+01 1.727397e+00
9.492188e-01 1.844827e+01 1.629346e+00
9.609375e-01 1.783420e+01 1.536928e+00
9.726562e-01 1.723747e+01 1.449923e+00
9.843750e-01 1.665905e+01 1.368105e+00
9.960938e-01 1.609971e+01 1.291243e+00
1.007812e+00 1.556004e+01 1.219106e+00
1.019531e+00 1.504046e+01 1.151464e+00
1.031250e+00 1.454125e+01 1.088088e+00
1.042969e+00 1.406253e+01 1.028753e+00
1.054688e+00 1.360432e+01 9.732388e-01
1.060547e+00 1.338288e+01 9.468476e-01
1.066406e+00 1.316653e+01 9.213317e-01
1.072266e+00 1.295523e+01 8.966654e-01
1.078125e+00 1.274895e+01 8.728234e-01
1.083984e+00 1.254766e+01 8.497807e-01
1.089844e+00 1.235131e+01 8.275130e-01
1.095703e+00 1.215986e+01 8.059962e-01
1.101562e+00 1.197326e+01 7.852070e-01
1.107422e+00 1.179144e+01 7.651224e-01
1.113281e+00 1.161436e+01 7.457199e-01
1.119141e+00 1.144196e+01 7.269777e-01
1.125000e+00 1.127416e+01 7.088741e-01
1.130859e+00 1.111090e+01 6.913883e-01
1.136719e+00 1.095211e+01 6.745000e-01
1.142578e+00 1.079773e+01 6.581891e-01
1.148438e+00 1.064767e+01 6.424363e-01
1.154297e+00 1.050187e+01 6.272226e-01
1.160156e+00 1.036024e+01 6.125297e-01
1.166016e+00 1.022272e+01 5.983397e-01
1.171875e+00 1.008921e+01 5.846351e-01
1.177734e+00 9.959650e+00 5.713990e-01
1.183594e+00 9.833946e+00 5.586151e-01
1.189453e+00 9.712021e+00 5.462672e-01
1.195312e+00 9.593794e+00 5.343399e-01
1.201172e+00 9.479181e+00 5.228181e-01
1.207031e+00 9.368101e+00 5.116874e-01
1.212891e+00 9.260472e+00 5.009334e-01
1.218750e+00 9.156211e+00 4.905425e-01
1.224609e+00 9.055235e+00 4.805015e-01
1.230469e+00 8.957463e+00 4.707973e-01
1.233398e+00 8.909753e+00 4.660677e-01
1.236328e+00 8.862813e+00 4.614177e-01
1.239258e+00 8.816633e+00 4.568457e-01
1.242188e+00 8.771203e+00 4.523504e-01
1.245117e+00 8.726513e+00 4.479303e-01
1.248047e+00 8.682553e+00 4.435839e-01
1.250977e+00 8.639313e+00 4.393099e-01
1.253906e+00 8.596783e+00 4.351069e-01
1.256836e+00 8.554953e+00 4.309735e-01
1.259766e+00 8.513814e+00 4.269085e-01
1.262695e+00 8.473354e+00 4.229104e-01
1.265625e+00 8.433566e+00 4.189781e-01
1.268555e+00 8.394438e+00 4.151102e-01
1.271484e+00 8.355961e+00 4.113055e-01
1.274414e+00 8.318126e+00 4.075628e-01
1.277344e+00 8.280924e+00 4.038809e-01
1.280273e+00 8.244343e+00 4.002587e-01
1.283203e+00 8.208376e+00 3.966949e-01
1.286133e+00 8.173013e+00 3.931884e-01
1.289062e+00 8.138244e+00 3.897381e-01
1.300781e+00 8.004930e+00 3.764776e-01
1.312500e+00 7.880400e+00 3.640322e-01
1.324219e+00 7.764091e+00 3.523395e-01
1.335938e+00 7.655460e+00 3.413416e-01
1.347656e+00 7.553983e+00 3.309847e-01
1.359375e+00 7.459155e+00 3.212190e-01
1.371094e+00 7.370491e+00 3.119983e-01
1.382812e+00 7.287529e+00 3.032800e-01
1.394531e+00 7.209825e+00 2.950247e-01
1.406250e+00 7.136959e+00 2.871959e-01
1.417969e+00 7.068527e+00 2.797601e-01
1.429688e+00 7.004148e+00 2.726862e-01
1.441406e+00 6.943462e+00 2.659459e-01
1.453125e+00 6.886125e+00 2.595130e-01
1.464844e+00 6.831816e+00 2.533633e-01
1.476562e+00 6.780231e+00 2.474748e-01
1.488281e+00 6.731083e+00 2.418271e-01
1.500000e+00 6.684104e+00 2.364018e-01
1.511719e+00 6.639044e+00 2.311818e-01
1.523438e+00 6.595666e+00 2.261515e-01
1.535156e+00 6.553753e+00 2.212968e-01
1.546875e+00 6.513101e+00 2.166045e-01
1.558594e+00 6.473520e+00 2.120629e-01
1.570312e+00 6.434837e+00 2.076613e-01
1.582031e+00 6.396888e+00 2.033896e-01
1.593750e+00 6.359525e+00 1.992390e-01
1.605469e+00 6.322612e+00 1.952014e-01
1.617188e+00 6.286024e+00 1.912694e-01
1.628906e+00 6.249646e+00 1.874362e-01
1.640625e+00 6.213375e+00 1.836957e-01
1.664062e+00 6.140786e+00 1.764716e-01
1.687500e+00 6.067617e+00 1.695590e-01
1.710938e+00 5.993359e+00 1.629266e-01
1.734375e+00 5.917618e+00 1.565493e-01
1.757812e+00 5.840106e+00 1.504062e-01
1.781250e+00 5.760623e+00 1.444807e-01
1.804688e+00 5.679045e+00 1.387591e-01
1.828125e+00 5.595316e+00 1.332303e-01
1.851562e+00 5.509435e+00 1.278852e-01
1.875000e+00 5.421447e+00 1.227165e-01
1.898438e+00 5.331438e+00 1.177177e-01
1.921875e+00 5.239523e+00 1.128838e-01
1.945312e+00 5.145845e+00 1.082102e-01
1.968750e+00 5.050564e+00 1.036929e-01
1.992188e+00 4.953858e+00 9.932835e-02
2.015625e+00 4.855911e+00 9.511333e-02
2.039062e+00 4.756918e+00 9.104470e-02
2.062500e+00 4.657073e+00 8.711948e-02
2.085938e+00 4.556574e+00 8.333472e-02
2.109375e+00 4.455616e+00 7.968753e-02
2.132812e+00 4.354391e+00 7.617496e-02
2.156250e+00 4.253086e+00 7.279408e-02
2.179688e+00 4.151881e+00 6.954190e-02
2.203125e+00 4.050948e+00 6.641536e-02
2.226562e+00 3.950452e+00 6.341138e-02
2.250000e+00 3.850550e+00 6.052682e-02
2.273438e+00 3.751387e+00 5.775851e-02
2.296875e+00 3.653100e+00 5.510322e-02
2.320312e+00 3.555817e+00 5.255773e-02
2.343750e+00 3.459655e+00 5.011877e-02
2.355469e+00 3.412028e+00 4.893821e-02
2.367188e+00 3.364722e+00 4.778306e-02
2.378906e+00 3.317747e+00 4.665291e-02
2.390625e+00 3.271115e+00 4.554734e-02
2.402344e+00 3.224837e+00 4.446596e-02
2.414062e+00 3.178924e+00 4.340835e-02
2.425781e+00 3.133385e+00 4.237411e-02
2.437500e+00 3.088229e+00 4.136284e-02
2.449219e+00 3.043465e+00 4.037414e-02
2.460938e+00 2.999101e+00 3.940761e-02
2.463867e+00 2.988074e+00 3.916939e-02
2.466797e+00 2.977072e+00 3.893253e-02
2.469727e+00 2.966095e+00 3.869702e-02
2.472656e+00 2.955145e+00 3.846285e-02
2.475586e+00 2.944221e+00 3.823001e-02
2.478516e+00 2.933322e+00 3.799851e-02
2.481445e+00 2.922450e+00 3.776833e-02
2.484375e+00 2.911604e+00 3.753947e-02
2.487305e+00 2.900784e+00 3.731191e-02
2.490234e+00 2.889991e+00 3.708567e-02
2.493164e+00 2.879224e+00 3.686072e-02
2.496094e+00 2.868484e+00 3.663707e-02
2.499023e+00 2.857770e+00 3.641470e-02
2.501953e+00 2.847084e+00 3.619362e-02
2.504883e+00 2.836424e+00 3.597381e-02
2.507812e+00 2.825791e+00 3.575527e-02
2.510742e+00 2.815185e+00 3.553799e-02
2.513672e+00 2.804607e+00 3.532197e-02
2.516602e+00 2.794055e+00 3.510720e-02
2.519531e+00 2.783531e+00 3.489368e-02
2.525391e+00 2.762565e+00 3.447034e-02
2.531250e+00 2.741710e+00 3.405191e-02
2.537109e+00 2.720965e+00 3.363835e-02
2.542969e+00 2.700331e+00 3.322960e-02
2.548828e+00 2.679809e+00 3.282562e-02
2.554688e+00 2.659400e+00 3.242636e-02
2.560547e+00 2.639103e+00 3.203178e-02
2.566406e+00 2.618920e+00 3.164183e-02
2.572266e+00 2.598850e+00 3.125646e-02
2.578125e+00 2.578894e+00 3.087562e-02
2.601562e+00 2.500219e+00 2.939678e-02
2.625000e+00 2.423395e+00 2.798695e-02
2.648438e+00 2.348435e+00 2.664337e-02
2.671875e+00 2.275349e+00 2.536331e-02
2.695312e+00 2.204142e+00 2.414413e-02
2.718750e+00 2.134813e+00 2.298324e-02
2.742188e+00 2.067356e+00 2.187818e-02
2.765625e+00 2.001764e+00 2.082651e-02
2.789062e+00 1.938024e+00 1.982589e-02
2.812500e+00 1.876121e+00 1.887408e-02
2.835938e+00 1.816036e+00 1.796889e-02
2.859375e+00 1.757748e+00 1.710821e-02
2.882812e+00 1.701234e+00 1.629001e-02
2.906250e+00 1.646468e+00 1.551234e-02
2.929688e+00 1.593422e+00 1.477333e-02
2.953125e+00 1.542068e+00 1.407116e-02
2.976562e+00 1.492374e+00 1.340410e-02
3.000000e+00 1.444308e+00 1.277049e-02
3.023438e+00 1.397838e+00 1.216872e-02
3.046875e+00 1.352929e+00 1.159727e-02
3.070312e+00 1.309547e+00 1.105468e-02
3.093750e+00 1.267656e+00 1.053953e-02
3.117188e+00 1.227221e+00 1.005048e-02
3.140625e+00 1.188205e+00 9.586260e-03
3.164062e+00 1.150572e+00 9.145631e-03
3.187500e+00 1.114285e+00 8.727426e-03
3.210938e+00 1.079309e+00 8.330523e-03
3.234375e+00 1.045607e+00 7.953856e-03
3.257812e+00 1.013142e+00 7.596406e-03
3.281250e+00 9.818784e-01 7.257202e-03
3.328125e+00 9.228142e-01 6.629872e-03
3.375000e+00 8.681335e-01 6.064976e-03
3.421875e+00 8.175631e-01 5.556267e-03
3.468750e+00 7.708388e-01 5.098092e-03
3.515625e+00 7.277060e-01 4.685339e-03
3.562500e+00 6.879206e-01 4.313390e-03
3.609375e+00 6.512495e-01 3.978080e-03
3.656250e+00 6.174709e-01 3.675656e-03
3.703125e+00 5.863743e-01 3.402736e-03
3.750000e+00 5.577606e-01 3.156280e-03
3.843750e+00 5.072422e-01 2.732092e-03
3.937500e+00 4.645451e-01 2.384388e-03
4.031250e+00 4.284654e-01 2.098101e-03
4.125000e+00 3.979549e-01 1.861127e-03
4.218750e+00 3.721068e-01 1.663758e-03
4.312500e+00 3.501413e-01 1.498219e-03
4.406250e+00 3.313915e-01 1.358292e-03
4.500000e+00 3.152904e-01 1.239013e-03
4.593750e+00 3.013582e-01 1.136419e-03
4.687500e+00 2.891914e-01 1.047353e-03
4.734375e+00 2.836621e-01 1.007085e-03
4.781250e+00 2.784520e-01 9.692985e-04
4.828125e+00 2.735275e-01 9.337577e-04
4.875000e+00 2.688583e-01 9.002527e-04
4.921875e+00 2.644167e-01 8.685959e-04
4.968750e+00 2.601774e-01 8.386202e-04
5.015625e+00 2.561177e-01 8.101764e-04
5.062500e+00 2.522171e-01 7.831314e-04
5.109375e+00 2.484571e-01 7.573664e-04
5.156250e+00 2.448210e-01 7.327753e-04
5.203125e+00 2.412937e-01 7.092634e-04
5.250000e+00 2.378618e-01 6.867461e-04
5.296875e+00 2.345133e-01 6.651478e-04
5.343750e+00 2.312375e-01 6.444009e-04
5.390625e+00 2.280249e-01 6.244449e-04
5.437500e+00 2.248670e-01 6.052257e-04
5.484375e+00 2.217565e-01 5.866949e-04
5.531250e+00 2.186869e-01 5.688088e-04
5.578125e+00 2.156524e-01 5.515285e-04
5.625000e+00 2.126482e-01 5.348189e-04
5.718750e+00 2.067139e-01 5.029881e-04
5.812500e+00 2.008573e-01 4.730988e-04
5.906250e+00 1.950593e-01 4.449725e-04
6.000000e+00 1.893077e-01 4.184620e-04
6.093750e+00 1.835954e-01 3.934438e-04
6.187500e+00 1.779194e-01 3.698137e-04
6.281250e+00 1.722799e-01 3.474823e-04
6.375000e+00 1.666798e-01 3.263718e-04
6.468750e+00 1.611234e-01 3.064136e-04
6.562500e+00 1.556166e-01 2.875461e-04
6.656250e+00 1.501661e-01 2.697135e-04
6.750000e+00 1.447789e-01 2.528645e-04
6.843750e+00 1.394624e-01 2.369513e-04
6.937500e+00 1.342240e-01 2.219291e-04
7.031250e+00 1.290707e-01 2.077555e-04
7.125000e+00 1.240093e-01 1.943903e-04
7.218750e+00 1.190462e-01 1.817949e-04
7.312500e+00 1.141871e-01 1.699321e-04
7.406250e+00 1.094374e-01 1.587666e-04
7.500000e+00 1.048016e-01 1.482640e-04
7.687500e+00 9.588740e-02 1.291164e-04
7.875000e+00 8.746925e-02 1.122392e-04
8.062500e+00 7.956242e-02 9.739994e-05
8.250000e+00 7.217345e-02 8.438392e-05
8.437500e+00 6.530110e-02 7.299332e-05
8.625000e+00 5.893758e-02 6.304697e-05
8.812500e+00 5.306961e-02 5.437982e-05
9.000000e+00 4.767954e-02 4.684219e-05
9.187500e+00 4.274639e-02 4.029906e-05
9.375000e+00 3.824673e-02 3.462915e-05
9.562500e+00 3.415550e-02 2.972404e-05
9.750000e+00 3.044670e-02 2.548714e-05
9.937500e+00 2.709398e-02 2.183276e-05
1.012500e+01 2.407112e-02 1.868514e-05
1.031250e+01 2.135238e-02 1.597749e-05
1.050000e+01 1.891285e-02 1.365112e-05
1.068750e+01 1.672862e-02 1.165462e-05
1.087500e+01 1.477702e-02 9.943027e-06
1.106250e+01 1.303666e-02 8.477149e-06
1.125000e+01 1.148750e-02 7.222885e-06
1.162500e+01 8.889717e-03 5.234704e-06
1.200000e+01 6.851220e-03 3.786130e-06
1.237500e+01 5.260668e-03 2.733635e-06
1.275000e+01 4.025918e-03 1.970764e-06
1.312500e+01 3.071726e-03 1.418973e-06
1.350000e+01 2.337344e-03 1.020576e-06
1.387500e+01 1.774197e-03 7.333747e-07
1.425000e+01 1.343769e-03 5.266052e-07
1.462500e+01 1.015748e-03 3.779066e-07
1.500000e+01 7.664293e-04 2.710689e-07
1.537500e+01 5.773767e-04 1.943655e-07
1.575000e+01 4.343275e-04 1.393306e-07
1.612500e+01 3.262939e-04 9.986187e-08
1.650000e+01 2.448446e-04 7.156700e-08
1.687500e+01 1.835324e-04 5.128793e-08
1.725000e+01 1.374424e-04 3.675637e-08
1.762500e+01 1.028384e-04 2.634434e-08
1.800000e+01 7.688704e-05 1.888419e-08
1.837500e+01 5.744416e-05 1.353884e-08
1.875000e+01 4.289057e-05 9.708440e-09
1.912500e+01 3.200558e-05 6.963266e-09
1.950000e+01 2.387033e-05 4.995504e-09
1.987500e+01 1.779413e-05 3.584699e-09
2.025000e+01 1.325850e-05 2.572968e-09
2.062500e+01 9.874615e-06 1.847236e-09
2.100000e+01 7.351201e-06 1.326508e-09
2.137500e+01 5.470244e-06 9.527624e-10
2.175000e+01 4.068718e-06 6.844303e-10
2.212500e+01 3.024779e-06 4.917193e-10
2.250000e+01 2.247426e-06 3.532731e-10
2.325000e+01 1.238047e-06 1.822558e-10
2.400000e+01 6.792515e-07 9.384222e-11
2.475000e+01 3.701098e-07 4.808064e-11
2.550000e+01 1.992008e-07 2.437815e-11
2.625000e+01 1.048922e-07 1.211364e-11
2.700000e+01 5.296971e-08 5.782161e-12
2.775000e+01 2.456289e-08 2.538304e-12
2.850000e+01 9.475240e-09 9.283049e-13
2.925000e+01 2.191832e-09 2.038664e-13
3.000000e+01 0.000000e+00 0.000000e+00
