# 
# Output from RAtom program.
# 
# Total radial electron density.
# The first column contains radius $r$ in bohr units.
# The second column holds $\rho(r)$.
# The third column holds $\tilde{\rho}(r) = \rho(r) / (\pi * r * r)$
# 
# Use this file with gnuplot to create the plot.
# 
# R     Rho     RhoTilde
#
0.000000e+00 0.000000e+00 4.108288e+04
1.831055e-04 1.706360e-02 4.050030e+04
3.662109e-04 6.728657e-02 3.992601e+04
5.493164e-04 1.492481e-01 3.935988e+04
7.324219e-04 2.615678e-01 3.880180e+04
9.155273e-04 4.029051e-01 3.825165e+04
1.098633e-03 5.719577e-01 3.770934e+04
1.281738e-03 7.674612e-01 3.717473e+04
1.464844e-03 9.881882e-01 3.664774e+04
1.647949e-03 1.232947e+00 3.612825e+04
1.831055e-03 1.500581e+00 3.561615e+04
2.014160e-03 1.789968e+00 3.511134e+04
2.197266e-03 2.100019e+00 3.461372e+04
2.380371e-03 2.429679e+00 3.412319e+04
2.563477e-03 2.777922e+00 3.363965e+04
2.746582e-03 3.143756e+00 3.316300e+04
2.929688e-03 3.526218e+00 3.269314e+04
3.112793e-03 3.924374e+00 3.222998e+04
3.295898e-03 4.337321e+00 3.177342e+04
3.479004e-03 4.764181e+00 3.132338e+04
3.662109e-03 5.204107e+00 3.087975e+04
4.028320e-03 6.119893e+00 3.001138e+04
4.394531e-03 7.078415e+00 2.916762e+04
4.760742e-03 8.073805e+00 2.834778e+04
5.126953e-03 9.100574e+00 2.755118e+04
5.493164e-03 1.015360e+01 2.677718e+04
5.859375e-03 1.122808e+01 2.602514e+04
6.225586e-03 1.231957e+01 2.529445e+04
6.591797e-03 1.342391e+01 2.458450e+04
6.958008e-03 1.453723e+01 2.389472e+04
7.324219e-03 1.565596e+01 2.322454e+04
7.690430e-03 1.677676e+01 2.257341e+04
8.056641e-03 1.789658e+01 2.194079e+04
8.422852e-03 1.901257e+01 2.132616e+04
8.789062e-03 2.012212e+01 2.072902e+04
9.155273e-03 2.122284e+01 2.014888e+04
9.521484e-03 2.231251e+01 1.958526e+04
9.887695e-03 2.338914e+01 1.903769e+04
1.025391e-02 2.445089e+01 1.850572e+04
1.062012e-02 2.549609e+01 1.798892e+04
1.098633e-02 2.652324e+01 1.748685e+04
1.135254e-02 2.753099e+01 1.699910e+04
1.171875e-02 2.851813e+01 1.652527e+04
1.208496e-02 2.948358e+01 1.606497e+04
1.245117e-02 3.042638e+01 1.561780e+04
1.281738e-02 3.134571e+01 1.518342e+04
1.318359e-02 3.224083e+01 1.476144e+04
1.354980e-02 3.311114e+01 1.435153e+04
1.391602e-02 3.395611e+01 1.395334e+04
1.428223e-02 3.477530e+01 1.356654e+04
1.464844e-02 3.556838e+01 1.319082e+04
1.501465e-02 3.633509e+01 1.282584e+04
1.538086e-02 3.707522e+01 1.247133e+04
1.574707e-02 3.778868e+01 1.212697e+04
1.611328e-02 3.847539e+01 1.179248e+04
1.647949e-02 3.913538e+01 1.146759e+04
1.684570e-02 3.976869e+01 1.115201e+04
1.721191e-02 4.037546e+01 1.084549e+04
1.757812e-02 4.095583e+01 1.054777e+04
1.794434e-02 4.151003e+01 1.025861e+04
1.831055e-02 4.203830e+01 9.977750e+03
1.867676e-02 4.254092e+01 9.704966e+03
1.904297e-02 4.301822e+01 9.440027e+03
1.940918e-02 4.347055e+01 9.182711e+03
1.977539e-02 4.389830e+01 8.932801e+03
2.014160e-02 4.430187e+01 8.690088e+03
2.050781e-02 4.468169e+01 8.454367e+03
2.087402e-02 4.503823e+01 8.225439e+03
2.124023e-02 4.537194e+01 8.003112e+03
2.160645e-02 4.568333e+01 7.787199e+03
2.197266e-02 4.597290e+01 7.577516e+03
2.233887e-02 4.624115e+01 7.373887e+03
2.270508e-02 4.648863e+01 7.176140e+03
2.307129e-02 4.671587e+01 6.984107e+03
2.343750e-02 4.692342e+01 6.797626e+03
2.380371e-02 4.711183e+01 6.616538e+03
2.416992e-02 4.728166e+01 6.440690e+03
2.453613e-02 4.743347e+01 6.269932e+03
2.490234e-02 4.756783e+01 6.104120e+03
2.526855e-02 4.768531e+01 5.943112e+03
2.563477e-02 4.778646e+01 5.786771e+03
2.600098e-02 4.787186e+01 5.634964e+03
2.636719e-02 4.794208e+01 5.487561e+03
2.673340e-02 4.799767e+01 5.344437e+03
2.709961e-02 4.803920e+01 5.205468e+03
2.746582e-02 4.806722e+01 5.070537e+03
2.783203e-02 4.808228e+01 4.939528e+03
2.819824e-02 4.808494e+01 4.812327e+03
2.856445e-02 4.807573e+01 4.688827e+03
2.893066e-02 4.805518e+01 4.568920e+03
2.929688e-02 4.802383e+01 4.452504e+03
3.002930e-02 4.793079e+01 4.229747e+03
3.076172e-02 4.780068e+01 4.019787e+03
3.149414e-02 4.763743e+01 3.821897e+03
3.222656e-02 4.744486e+01 3.635392e+03
3.295898e-02 4.722659e+01 3.459626e+03
3.369141e-02 4.698614e+01 3.293985e+03
3.442383e-02 4.672683e+01 3.137893e+03
3.515625e-02 4.645185e+01 2.990805e+03
3.588867e-02 4.616420e+01 2.852205e+03
3.662109e-02 4.586673e+01 2.721606e+03
3.680420e-02 4.579115e+01 2.690153e+03
3.698730e-02 4.571516e+01 2.659164e+03
3.717041e-02 4.563881e+01 2.628632e+03
3.735352e-02 4.556213e+01 2.598551e+03
3.753662e-02 4.548517e+01 2.568914e+03
3.771973e-02 4.540796e+01 2.539715e+03
3.790283e-02 4.533053e+01 2.510947e+03
3.808594e-02 4.525293e+01 2.482604e+03
3.826904e-02 4.517519e+01 2.454680e+03
3.845215e-02 4.509734e+01 2.427168e+03
3.863525e-02 4.501943e+01 2.400063e+03
3.881836e-02 4.494148e+01 2.373358e+03
3.900146e-02 4.486353e+01 2.347047e+03
3.918457e-02 4.478561e+01 2.321125e+03
3.936768e-02 4.470776e+01 2.295586e+03
3.955078e-02 4.463000e+01 2.270424e+03
3.973389e-02 4.455237e+01 2.245633e+03
3.991699e-02 4.447490e+01 2.221209e+03
4.010010e-02 4.439762e+01 2.197146e+03
4.028320e-02 4.432055e+01 2.173438e+03
4.064941e-02 4.416718e+01 2.127067e+03
4.101562e-02 4.401502e+01 2.082056e+03
4.138184e-02 4.386428e+01 2.038364e+03
4.174805e-02 4.371517e+01 1.995952e+03
4.211426e-02 4.356790e+01 1.954782e+03
4.248047e-02 4.342264e+01 1.914819e+03
4.284668e-02 4.327957e+01 1.876026e+03
4.321289e-02 4.313888e+01 1.838368e+03
4.357910e-02 4.300073e+01 1.801812e+03
4.394531e-02 4.286526e+01 1.766324e+03
4.467773e-02 4.260299e+01 1.698431e+03
4.541016e-02 4.235318e+01 1.634444e+03
4.614258e-02 4.211679e+01 1.574134e+03
4.687500e-02 4.189471e+01 1.517284e+03
4.760742e-02 4.168768e+01 1.463688e+03
4.833984e-02 4.149638e+01 1.413155e+03
4.907227e-02 4.132135e+01 1.365502e+03
4.980469e-02 4.116306e+01 1.320558e+03
5.053711e-02 4.102190e+01 1.278160e+03
5.126953e-02 4.089817e+01 1.238156e+03
5.200195e-02 4.079208e+01 1.200402e+03
5.273438e-02 4.070378e+01 1.164762e+03
5.346680e-02 4.063335e+01 1.131109e+03
5.419922e-02 4.058080e+01 1.099321e+03
5.493164e-02 4.054608e+01 1.069286e+03
5.566406e-02 4.052911e+01 1.040896e+03
5.639648e-02 4.052970e+01 1.014050e+03
5.712891e-02 4.054768e+01 9.886540e+02
5.786133e-02 4.058278e+01 9.646176e+02
5.859375e-02 4.063473e+01 9.418568e+02
5.932617e-02 4.070318e+01 9.202925e+02
6.005859e-02 4.078780e+01 8.998499e+02
6.079102e-02 4.088817e+01 8.804588e+02
6.152344e-02 4.100389e+01 8.620530e+02
6.225586e-02 4.113450e+01 8.445705e+02
6.298828e-02 4.127955e+01 8.279527e+02
6.372070e-02 4.143853e+01 8.121447e+02
6.445312e-02 4.161096e+01 7.970946e+02
6.518555e-02 4.179630e+01 7.827540e+02
6.591797e-02 4.199402e+01 7.690772e+02
6.665039e-02 4.220358e+01 7.560212e+02
6.738281e-02 4.242442e+01 7.435459e+02
6.811523e-02 4.265598e+01 7.316133e+02
6.884766e-02 4.289770e+01 7.201880e+02
6.958008e-02 4.314901e+01 7.092366e+02
7.031250e-02 4.340933e+01 6.987280e+02
7.104492e-02 4.367809e+01 6.886329e+02
7.177734e-02 4.395472e+01 6.789236e+02
7.250977e-02 4.423865e+01 6.695747e+02
7.324219e-02 4.452931e+01 6.605618e+02
7.360840e-02 4.467699e+01 6.561744e+02
7.397461e-02 4.482613e+01 6.518626e+02
7.434082e-02 4.497669e+01 6.476239e+02
7.470703e-02 4.512857e+01 6.434558e+02
7.507324e-02 4.528172e+01 6.393559e+02
7.543945e-02 4.543606e+01 6.353218e+02
7.580566e-02 4.559153e+01 6.313512e+02
7.617188e-02 4.574807e+01 6.274420e+02
7.653809e-02 4.590559e+01 6.235920e+02
7.690430e-02 4.606405e+01 6.197992e+02
7.708740e-02 4.614360e+01 6.179237e+02
7.727051e-02 4.622337e+01 6.160616e+02
7.745361e-02 4.630333e+01 6.142129e+02
7.763672e-02 4.638348e+01 6.123773e+02
7.781982e-02 4.646381e+01 6.105546e+02
7.800293e-02 4.654433e+01 6.087445e+02
7.818604e-02 4.662500e+01 6.069468e+02
7.836914e-02 4.670584e+01 6.051613e+02
7.855225e-02 4.678682e+01 6.033878e+02
7.873535e-02 4.686795e+01 6.016260e+02
7.891846e-02 4.694922e+01 5.998758e+02
7.910156e-02 4.703061e+01 5.981370e+02
7.928467e-02 4.711212e+01 5.964093e+02
7.946777e-02 4.719375e+01 5.946926e+02
7.965088e-02 4.727548e+01 5.929866e+02
7.983398e-02 4.735730e+01 5.912913e+02
8.001709e-02 4.743922e+01 5.896063e+02
8.020020e-02 4.752121e+01 5.879316e+02
8.038330e-02 4.760328e+01 5.862669e+02
8.056641e-02 4.768542e+01 5.846121e+02
8.129883e-02 4.801449e+01 5.780879e+02
8.203125e-02 4.834404e+01 5.717082e+02
8.276367e-02 4.867363e+01 5.654632e+02
8.349609e-02 4.900280e+01 5.593437e+02
8.422852e-02 4.933114e+01 5.533412e+02
8.496094e-02 4.965822e+01 5.474477e+02
8.569336e-02 4.998363e+01 5.416561e+02
8.642578e-02 5.030700e+01 5.359595e+02
8.715820e-02 5.062794e+01 5.303516e+02
8.789062e-02 5.094609e+01 5.248266e+02
8.935547e-02 5.157261e+01 5.140046e+02
9.082031e-02 5.218393e+01 5.034553e+02
9.228516e-02 5.277760e+01 4.931466e+02
9.375000e-02 5.335140e+01 4.830515e+02
9.521484e-02 5.390333e+01 4.731473e+02
9.667969e-02 5.443155e+01 4.634153e+02
9.814453e-02 5.493447e+01 4.538401e+02
9.960938e-02 5.541065e+01 4.444091e+02
1.010742e-01 5.585887e+01 4.351124e+02
1.025391e-01 5.627807e+01 4.259422e+02
1.040039e-01 5.666736e+01 4.168923e+02
1.054688e-01 5.702604e+01 4.079583e+02
1.069336e-01 5.735353e+01 3.991370e+02
1.083984e-01 5.764943e+01 3.904264e+02
1.098633e-01 5.791347e+01 3.818252e+02
1.113281e-01 5.814550e+01 3.733331e+02
1.127930e-01 5.834551e+01 3.649501e+02
1.142578e-01 5.851361e+01 3.566771e+02
1.157227e-01 5.865000e+01 3.485149e+02
1.171875e-01 5.875501e+01 3.404650e+02
1.179199e-01 5.879587e+01 3.364826e+02
1.186523e-01 5.882904e+01 3.325288e+02
1.193848e-01 5.885459e+01 3.286038e+02
1.201172e-01 5.887258e+01 3.247079e+02
1.208496e-01 5.888309e+01 3.208413e+02
1.215820e-01 5.888620e+01 3.170041e+02
1.223145e-01 5.888199e+01 3.131966e+02
1.230469e-01 5.887054e+01 3.094190e+02
1.237793e-01 5.885196e+01 3.056716e+02
1.245117e-01 5.882633e+01 3.019544e+02
1.252441e-01 5.879374e+01 2.982678e+02
1.259766e-01 5.875431e+01 2.946120e+02
1.267090e-01 5.870814e+01 2.909870e+02
1.274414e-01 5.865532e+01 2.873932e+02
1.281738e-01 5.859598e+01 2.838306e+02
1.289062e-01 5.853022e+01 2.802995e+02
1.296387e-01 5.845817e+01 2.768001e+02
1.303711e-01 5.837992e+01 2.733324e+02
1.311035e-01 5.829562e+01 2.698966e+02
1.318359e-01 5.820537e+01 2.664928e+02
1.333008e-01 5.800753e+01 2.597820e+02
1.347656e-01 5.778740e+01 2.532008e+02
1.362305e-01 5.754602e+01 2.467499e+02
1.376953e-01 5.728441e+01 2.404298e+02
1.391602e-01 5.700362e+01 2.342409e+02
1.406250e-01 5.670471e+01 2.281835e+02
1.420898e-01 5.638875e+01 2.222576e+02
1.435547e-01 5.605679e+01 2.164630e+02
1.450195e-01 5.570991e+01 2.107995e+02
1.464844e-01 5.534915e+01 2.052667e+02
1.472168e-01 5.516390e+01 2.025491e+02
1.479492e-01 5.497558e+01 1.998640e+02
1.486816e-01 5.478431e+01 1.972112e+02
1.494141e-01 5.459022e+01 1.945907e+02
1.501465e-01 5.439344e+01 1.920023e+02
1.508789e-01 5.419410e+01 1.894459e+02
1.516113e-01 5.399233e+01 1.869214e+02
1.523438e-01 5.378825e+01 1.844286e+02
1.530762e-01 5.358198e+01 1.819675e+02
1.538086e-01 5.337365e+01 1.795378e+02
1.541748e-01 5.326875e+01 1.783347e+02
1.545410e-01 5.316338e+01 1.771394e+02
1.549072e-01 5.305756e+01 1.759519e+02
1.552734e-01 5.295129e+01 1.747722e+02
1.556396e-01 5.284460e+01 1.736002e+02
1.560059e-01 5.273750e+01 1.724360e+02
1.563721e-01 5.263001e+01 1.712794e+02
1.567383e-01 5.252213e+01 1.701306e+02
1.571045e-01 5.241389e+01 1.689893e+02
1.574707e-01 5.230529e+01 1.678558e+02
1.578369e-01 5.219636e+01 1.667298e+02
1.582031e-01 5.208711e+01 1.656114e+02
1.585693e-01 5.197754e+01 1.645006e+02
1.589355e-01 5.186768e+01 1.633973e+02
1.593018e-01 5.175754e+01 1.623015e+02
1.596680e-01 5.164713e+01 1.612132e+02
1.600342e-01 5.153647e+01 1.601324e+02
1.604004e-01 5.142556e+01 1.590590e+02
1.607666e-01 5.131444e+01 1.579931e+02
1.611328e-01 5.120310e+01 1.569345e+02
1.625977e-01 5.075587e+01 1.527734e+02
1.640625e-01 5.030631e+01 1.487284e+02
1.655273e-01 4.985521e+01 1.447975e+02
1.669922e-01 4.940338e+01 1.409790e+02
1.684570e-01 4.895157e+01 1.372709e+02
1.699219e-01 4.850051e+01 1.336712e+02
1.713867e-01 4.805092e+01 1.301780e+02
1.728516e-01 4.760347e+01 1.267892e+02
1.743164e-01 4.715881e+01 1.235027e+02
1.757812e-01 4.671756e+01 1.203165e+02
1.772461e-01 4.628031e+01 1.172285e+02
1.787109e-01 4.584763e+01 1.142365e+02
1.801758e-01 4.542006e+01 1.113384e+02
1.816406e-01 4.499809e+01 1.085321e+02
1.831055e-01 4.458221e+01 1.058154e+02
1.845703e-01 4.417287e+01 1.031863e+02
1.860352e-01 4.377049e+01 1.006425e+02
1.875000e-01 4.337548e+01 9.818199e+01
1.889648e-01 4.298820e+01 9.580261e+01
1.904297e-01 4.260899e+01 9.350226e+01
1.918945e-01 4.223819e+01 9.127887e+01
1.933594e-01 4.187608e+01 8.913037e+01
1.948242e-01 4.152294e+01 8.705471e+01
1.962891e-01 4.117900e+01 8.504988e+01
1.977539e-01 4.084450e+01 8.311388e+01
1.992188e-01 4.051963e+01 8.124472e+01
2.006836e-01 4.020457e+01 7.944048e+01
2.021484e-01 3.989949e+01 7.769922e+01
2.036133e-01 3.960451e+01 7.601907e+01
2.050781e-01 3.931975e+01 7.439817e+01
2.065430e-01 3.904531e+01 7.283468e+01
2.080078e-01 3.878127e+01 7.132683e+01
2.094727e-01 3.852769e+01 6.987285e+01
2.109375e-01 3.828461e+01 6.847101e+01
2.124023e-01 3.805205e+01 6.711963e+01
2.138672e-01 3.783002e+01 6.581705e+01
2.153320e-01 3.761853e+01 6.456165e+01
2.167969e-01 3.741753e+01 6.335184e+01
2.182617e-01 3.722701e+01 6.218608e+01
2.197266e-01 3.704691e+01 6.106285e+01
2.211914e-01 3.687717e+01 5.998066e+01
2.226562e-01 3.671772e+01 5.893809e+01
2.241211e-01 3.656846e+01 5.793372e+01
2.255859e-01 3.642931e+01 5.696617e+01
2.270508e-01 3.630015e+01 5.603412e+01
2.285156e-01 3.618087e+01 5.513626e+01
2.299805e-01 3.607133e+01 5.427132e+01
2.314453e-01 3.597141e+01 5.343808e+01
2.329102e-01 3.588096e+01 5.263532e+01
2.343750e-01 3.579982e+01 5.186189e+01
2.358398e-01 3.572783e+01 5.111666e+01
2.373047e-01 3.566484e+01 5.039852e+01
2.387695e-01 3.561066e+01 4.970641e+01
2.402344e-01 3.556512e+01 4.903929e+01
2.416992e-01 3.552804e+01 4.839616e+01
2.431641e-01 3.549922e+01 4.777604e+01
2.446289e-01 3.547847e+01 4.717799e+01
2.460938e-01 3.546560e+01 4.660111e+01
2.475586e-01 3.546040e+01 4.604449e+01
2.490234e-01 3.546266e+01 4.550730e+01
2.504883e-01 3.547219e+01 4.498869e+01
2.519531e-01 3.548878e+01 4.448788e+01
2.534180e-01 3.551220e+01 4.400408e+01
2.548828e-01 3.554225e+01 4.353655e+01
2.563477e-01 3.557872e+01 4.308456e+01
2.578125e-01 3.562138e+01 4.264743e+01
2.592773e-01 3.567002e+01 4.222448e+01
2.607422e-01 3.572442e+01 4.181505e+01
2.622070e-01 3.578436e+01 4.141854e+01
2.636719e-01 3.584963e+01 4.103432e+01
2.666016e-01 3.599528e+01 4.030049e+01
2.695312e-01 3.615963e+01 3.960919e+01
2.724609e-01 3.634097e+01 3.895634e+01
2.753906e-01 3.653760e+01 3.833821e+01
2.783203e-01 3.674784e+01 3.775132e+01
2.812500e-01 3.697007e+01 3.719250e+01
2.841797e-01 3.720268e+01 3.665881e+01
2.871094e-01 3.744413e+01 3.614757e+01
2.900391e-01 3.769289e+01 3.565632e+01
2.929688e-01 3.794751e+01 3.518283e+01
2.944336e-01 3.807657e+01 3.495209e+01
2.958984e-01 3.820657e+01 3.472505e+01
2.973633e-01 3.833734e+01 3.450146e+01
2.988281e-01 3.846872e+01 3.428111e+01
3.002930e-01 3.860054e+01 3.406381e+01
3.017578e-01 3.873265e+01 3.384935e+01
3.032227e-01 3.886489e+01 3.363755e+01
3.046875e-01 3.899712e+01 3.342823e+01
3.061523e-01 3.912918e+01 3.322123e+01
3.076172e-01 3.926093e+01 3.301639e+01
3.079834e-01 3.929380e+01 3.296550e+01
3.083496e-01 3.932665e+01 3.291473e+01
3.087158e-01 3.935946e+01 3.286408e+01
3.090820e-01 3.939224e+01 3.281355e+01
3.094482e-01 3.942498e+01 3.276314e+01
3.098145e-01 3.945768e+01 3.271285e+01
3.101807e-01 3.949034e+01 3.266266e+01
3.105469e-01 3.952296e+01 3.261259e+01
3.109131e-01 3.955553e+01 3.256262e+01
3.112793e-01 3.958806e+01 3.251276e+01
3.116455e-01 3.962054e+01 3.246301e+01
3.120117e-01 3.965297e+01 3.241336e+01
3.123779e-01 3.968534e+01 3.236381e+01
3.127441e-01 3.971766e+01 3.231435e+01
3.131104e-01 3.974993e+01 3.226500e+01
3.134766e-01 3.978213e+01 3.221574e+01
3.138428e-01 3.981428e+01 3.216657e+01
3.142090e-01 3.984636e+01 3.211749e+01
3.145752e-01 3.987838e+01 3.206850e+01
3.149414e-01 3.991033e+01 3.201960e+01
3.156738e-01 3.997402e+01 3.192206e+01
3.164062e-01 4.003743e+01 3.182484e+01
3.171387e-01 4.010054e+01 3.172794e+01
3.178711e-01 4.016333e+01 3.163135e+01
3.186035e-01 4.022578e+01 3.153505e+01
3.193359e-01 4.028790e+01 3.143903e+01
3.200684e-01 4.034965e+01 3.134328e+01
3.208008e-01 4.041104e+01 3.124779e+01
3.215332e-01 4.047203e+01 3.115254e+01
3.222656e-01 4.053263e+01 3.105753e+01
3.251953e-01 4.077080e+01 3.067968e+01
3.281250e-01 4.100161e+01 3.030487e+01
3.310547e-01 4.122433e+01 2.993259e+01
3.339844e-01 4.143831e+01 2.956241e+01
3.369141e-01 4.164291e+01 2.919395e+01
3.398438e-01 4.183757e+01 2.882690e+01
3.427734e-01 4.202177e+01 2.846100e+01
3.457031e-01 4.219505e+01 2.809604e+01
3.486328e-01 4.235699e+01 2.773184e+01
3.515625e-01 4.250722e+01 2.736830e+01
3.544922e-01 4.264541e+01 2.700530e+01
3.574219e-01 4.277127e+01 2.664281e+01
3.603516e-01 4.288457e+01 2.628079e+01
3.632812e-01 4.298511e+01 2.591924e+01
3.662109e-01 4.307271e+01 2.555817e+01
3.691406e-01 4.314725e+01 2.519763e+01
3.720703e-01 4.320865e+01 2.483767e+01
3.750000e-01 4.325683e+01 2.447836e+01
3.779297e-01 4.329178e+01 2.411979e+01
3.808594e-01 4.331349e+01 2.376206e+01
3.837891e-01 4.332200e+01 2.340526e+01
3.867188e-01 4.331736e+01 2.304951e+01
3.896484e-01 4.329965e+01 2.269492e+01
3.925781e-01 4.326899e+01 2.234162e+01
3.955078e-01 4.322548e+01 2.198973e+01
3.984375e-01 4.316930e+01 2.163937e+01
4.013672e-01 4.310059e+01 2.129068e+01
4.042969e-01 4.301955e+01 2.094379e+01
4.072266e-01 4.292637e+01 2.059881e+01
4.101562e-01 4.282127e+01 2.025588e+01
4.130859e-01 4.270448e+01 1.991511e+01
4.160156e-01 4.257625e+01 1.957664e+01
4.189453e-01 4.243681e+01 1.924058e+01
4.218750e-01 4.228645e+01 1.890705e+01
4.248047e-01 4.212543e+01 1.857616e+01
4.277344e-01 4.195402e+01 1.824801e+01
4.306641e-01 4.177253e+01 1.792271e+01
4.335938e-01 4.158123e+01 1.760036e+01
4.365234e-01 4.138044e+01 1.728105e+01
4.394531e-01 4.117046e+01 1.696488e+01
4.423828e-01 4.095159e+01 1.665192e+01
4.453125e-01 4.072414e+01 1.634227e+01
4.482422e-01 4.048844e+01 1.603599e+01
4.511719e-01 4.024479e+01 1.573315e+01
4.541016e-01 3.999350e+01 1.543383e+01
4.570312e-01 3.973491e+01 1.513807e+01
4.599609e-01 3.946932e+01 1.484595e+01
4.628906e-01 3.919705e+01 1.455750e+01
4.658203e-01 3.891842e+01 1.427278e+01
4.687500e-01 3.863374e+01 1.399182e+01
4.746094e-01 3.804745e+01 1.344135e+01
4.804688e-01 3.744062e+01 1.290633e+01
4.863281e-01 3.681566e+01 1.238694e+01
4.921875e-01 3.617490e+01 1.188328e+01
4.980469e-01 3.552060e+01 1.139541e+01
5.039062e-01 3.485494e+01 1.092333e+01
5.097656e-01 3.418003e+01 1.046698e+01
5.156250e-01 3.349787e+01 1.002627e+01
5.214844e-01 3.281037e+01 9.601050e+00
5.273438e-01 3.211937e+01 9.191144e+00
5.332031e-01 3.142659e+01 8.796341e+00
5.390625e-01 3.073366e+01 8.416396e+00
5.449219e-01 3.004211e+01 8.051043e+00
5.507812e-01 2.935339e+01 7.699988e+00
5.566406e-01 2.866882e+01 7.362922e+00
5.625000e-01 2.798967e+01 7.039516e+00
5.683594e-01 2.731708e+01 6.729430e+00
5.742188e-01 2.665212e+01 6.432312e+00
5.800781e-01 2.599576e+01 6.147799e+00
5.859375e-01 2.534890e+01 5.875525e+00
5.888672e-01 2.502929e+01 5.743861e+00
5.917969e-01 2.471235e+01 5.615117e+00
5.947266e-01 2.439817e+01 5.489246e+00
5.976562e-01 2.408683e+01 5.366201e+00
6.005859e-01 2.377842e+01 5.245934e+00
6.035156e-01 2.347301e+01 5.128400e+00
6.064453e-01 2.317067e+01 5.013550e+00
6.093750e-01 2.287146e+01 4.901339e+00
6.123047e-01 2.257545e+01 4.791719e+00
6.152344e-01 2.228269e+01 4.684644e+00
6.159668e-01 2.221002e+01 4.658268e+00
6.166992e-01 2.213755e+01 4.632047e+00
6.174316e-01 2.206529e+01 4.605981e+00
6.181641e-01 2.199325e+01 4.580068e+00
6.188965e-01 2.192141e+01 4.554309e+00
6.196289e-01 2.184978e+01 4.528703e+00
6.203613e-01 2.177836e+01 4.503249e+00
6.210938e-01 2.170716e+01 4.477945e+00
6.218262e-01 2.163617e+01 4.452792e+00
6.225586e-01 2.156539e+01 4.427789e+00
6.232910e-01 2.149482e+01 4.402935e+00
6.240234e-01 2.142447e+01 4.378229e+00
6.247559e-01 2.135434e+01 4.353671e+00
6.254883e-01 2.128442e+01 4.329260e+00
6.262207e-01 2.121472e+01 4.304995e+00
6.269531e-01 2.114524e+01 4.280875e+00
6.276855e-01 2.107597e+01 4.256900e+00
6.284180e-01 2.100692e+01 4.233069e+00
6.291504e-01 2.093809e+01 4.209382e+00
6.298828e-01 2.086948e+01 4.185837e+00
6.313477e-01 2.073292e+01 4.139173e+00
6.328125e-01 2.059725e+01 4.093071e+00
6.342773e-01 2.046246e+01 4.047526e+00
6.357422e-01 2.032857e+01 4.002533e+00
6.372070e-01 2.019557e+01 3.958085e+00
6.386719e-01 2.006347e+01 3.914178e+00
6.401367e-01 1.993227e+01 3.870805e+00
6.416016e-01 1.980197e+01 3.827963e+00
6.430664e-01 1.967258e+01 3.785644e+00
6.445312e-01 1.954410e+01 3.743845e+00
6.503906e-01 1.903931e+01 3.581730e+00
6.562500e-01 1.854922e+01 3.427497e+00
6.621094e-01 1.807388e+01 3.280818e+00
6.679688e-01 1.761335e+01 3.141375e+00
6.738281e-01 1.716760e+01 3.008856e+00
6.796875e-01 1.673659e+01 2.882960e+00
6.855469e-01 1.632025e+01 2.763394e+00
6.914062e-01 1.591848e+01 2.649873e+00
6.972656e-01 1.553112e+01 2.542123e+00
7.031250e-01 1.515804e+01 2.439878e+00
7.089844e-01 1.479904e+01 2.342881e+00
7.148438e-01 1.445391e+01 2.250885e+00
7.207031e-01 1.412245e+01 2.163651e+00
7.265625e-01 1.380440e+01 2.080950e+00
7.324219e-01 1.349950e+01 2.002559e+00
7.382812e-01 1.320750e+01 1.928267e+00
7.441406e-01 1.292811e+01 1.857869e+00
7.500000e-01 1.266103e+01 1.791170e+00
7.558594e-01 1.240598e+01 1.727981e+00
7.617188e-01 1.216263e+01 1.668124e+00
7.646484e-01 1.204525e+01 1.639390e+00
7.675781e-01 1.193068e+01 1.611425e+00
7.705078e-01 1.181888e+01 1.584208e+00
7.734375e-01 1.170981e+01 1.557720e+00
7.763672e-01 1.160342e+01 1.531941e+00
7.792969e-01 1.149969e+01 1.506851e+00
7.822266e-01 1.139856e+01 1.482433e+00
7.851562e-01 1.130000e+01 1.458668e+00
7.880859e-01 1.120397e+01 1.435538e+00
7.910156e-01 1.111042e+01 1.413027e+00
7.939453e-01 1.101931e+01 1.391116e+00
7.968750e-01 1.093061e+01 1.369790e+00
7.998047e-01 1.084427e+01 1.349033e+00
8.027344e-01 1.076025e+01 1.328828e+00
8.056641e-01 1.067851e+01 1.309160e+00
8.085938e-01 1.059901e+01 1.290015e+00
8.115234e-01 1.052171e+01 1.271377e+00
8.144531e-01 1.044657e+01 1.253232e+00
8.173828e-01 1.037355e+01 1.235567e+00
8.203125e-01 1.030260e+01 1.218367e+00
8.261719e-01 1.016678e+01 1.185312e+00
8.320312e-01 1.003880e+01 1.153965e+00
8.378906e-01 9.918343e+00 1.124229e+00
8.437500e-01 9.805099e+00 1.096010e+00
8.496094e-01 9.698765e+00 1.069222e+00
8.554688e-01 9.599042e+00 1.043782e+00
8.613281e-01 9.505637e+00 1.019610e+00
8.671875e-01 9.418261e+00 9.966320e-01
8.730469e-01 9.336633e+00 9.747771e-01
8.789062e-01 9.260477e+00 9.539781e-01
8.847656e-01 9.189524e+00 9.341716e-01
8.906250e-01 9.123510e+00 9.152976e-01
8.964844e-01 9.062180e+00 8.972993e-01
9.023438e-01 9.005283e+00 8.801232e-01
9.082031e-01 8.952577e+00 8.637185e-01
9.140625e-01 8.903825e+00 8.480374e-01
9.199219e-01 8.858800e+00 8.330348e-01
9.257812e-01 8.817277e+00 8.186681e-01
9.316406e-01 8.779043e+00 8.048973e-01
9.375000e-01 8.743888e+00 7.916845e-01
9.492188e-01 8.682022e+00 7.667935e-01
9.609375e-01 8.630150e+00 7.437350e-01
9.726562e-01 8.586851e+00 7.222795e-01
9.843750e-01 8.550808e+00 7.022248e-01
9.960938e-01 8.520808e+00 6.833929e-01
1.007812e+00 8.495734e+00 6.656280e-01
1.019531e+00 8.474567e+00 6.487936e-01
1.031250e+00 8.456376e+00 6.327709e-01
1.042969e+00 8.440318e+00 6.174565e-01
1.054688e+00 8.425631e+00 6.027608e-01
1.066406e+00 8.411631e+00 5.886064e-01
1.078125e+00 8.397708e+00 5.749270e-01
1.089844e+00 8.383320e+00 5.616654e-01
1.101562e+00 8.367989e+00 5.487733e-01
1.113281e+00 8.351299e+00 5.362093e-01
1.125000e+00 8.332888e+00 5.239389e-01
1.136719e+00 8.312449e+00 5.119329e-01
1.148438e+00 8.289719e+00 5.001672e-01
1.160156e+00 8.264483e+00 4.886218e-01
1.171875e+00 8.236566e+00 4.772805e-01
1.177734e+00 8.221557e+00 4.716822e-01
1.183594e+00 8.205828e+00 4.661302e-01
1.189453e+00 8.189368e+00 4.606233e-01
1.195312e+00 8.172167e+00 4.551604e-01
1.201172e+00 8.154216e+00 4.497405e-01
1.207031e+00 8.135509e+00 4.443629e-01
1.212891e+00 8.116041e+00 4.390268e-01
1.218750e+00 8.095809e+00 4.337317e-01
1.224609e+00 8.074812e+00 4.284769e-01
1.230469e+00 8.053049e+00 4.232620e-01
1.231934e+00 8.047488e+00 4.219645e-01
1.233398e+00 8.041880e+00 4.206694e-01
1.234863e+00 8.036225e+00 4.193769e-01
1.236328e+00 8.030521e+00 4.180867e-01
1.237793e+00 8.024770e+00 4.167990e-01
1.239258e+00 8.018972e+00 4.155138e-01
1.240723e+00 8.013125e+00 4.142310e-01
1.242188e+00 8.007232e+00 4.129507e-01
1.243652e+00 8.001291e+00 4.116728e-01
1.245117e+00 7.995302e+00 4.103974e-01
1.246582e+00 7.989267e+00 4.091243e-01
1.248047e+00 7.983184e+00 4.078538e-01
1.249512e+00 7.977054e+00 4.065856e-01
1.250977e+00 7.970877e+00 4.053199e-01
1.252441e+00 7.964653e+00 4.040566e-01
1.253906e+00 7.958382e+00 4.027957e-01
1.255371e+00 7.952064e+00 4.015372e-01
1.256836e+00 7.945700e+00 4.002811e-01
1.258301e+00 7.939289e+00 3.990275e-01
1.259766e+00 7.932832e+00 3.977763e-01
1.262695e+00 7.919778e+00 3.952811e-01
1.265625e+00 7.906541e+00 3.927955e-01
1.268555e+00 7.893120e+00 3.903197e-01
1.271484e+00 7.879516e+00 3.878534e-01
1.274414e+00 7.865731e+00 3.853968e-01
1.277344e+00 7.851767e+00 3.829499e-01
1.280273e+00 7.837623e+00 3.805126e-01
1.283203e+00 7.823302e+00 3.780850e-01
1.286133e+00 7.808805e+00 3.756670e-01
1.289062e+00 7.794132e+00 3.732587e-01
1.300781e+00 7.733721e+00 3.637224e-01
1.312500e+00 7.670629e+00 3.543419e-01
1.324219e+00 7.604958e+00 3.451179e-01
1.335938e+00 7.536821e+00 3.360517e-01
1.347656e+00 7.466335e+00 3.271443e-01
1.359375e+00 7.393623e+00 3.183969e-01
1.371094e+00 7.318810e+00 3.098106e-01
1.382812e+00 7.242026e+00 3.013864e-01
1.394531e+00 7.163402e+00 2.931251e-01
1.406250e+00 7.083072e+00 2.850275e-01
1.417969e+00 7.001166e+00 2.770940e-01
1.429688e+00 6.917819e+00 2.693252e-01
1.441406e+00 6.833161e+00 2.617212e-01
1.453125e+00 6.747322e+00 2.542820e-01
1.464844e+00 6.660432e+00 2.470074e-01
1.476562e+00 6.572616e+00 2.398969e-01
1.488281e+00 6.483997e+00 2.329501e-01
1.500000e+00 6.394695e+00 2.261661e-01
1.511719e+00 6.304829e+00 2.195439e-01
1.523438e+00 6.214511e+00 2.130825e-01
1.529297e+00 6.169218e+00 2.099117e-01
1.535156e+00 6.123852e+00 2.067805e-01
1.541016e+00 6.078428e+00 2.036889e-01
1.546875e+00 6.032958e+00 2.006365e-01
1.552734e+00 5.987455e+00 1.976233e-01
1.558594e+00 5.941932e+00 1.946489e-01
1.564453e+00 5.896400e+00 1.917132e-01
1.570312e+00 5.850872e+00 1.888159e-01
1.576172e+00 5.805358e+00 1.859568e-01
1.582031e+00 5.759872e+00 1.831356e-01
1.587891e+00 5.714423e+00 1.803522e-01
1.593750e+00 5.669023e+00 1.776061e-01
1.599609e+00 5.623681e+00 1.748972e-01
1.605469e+00 5.578410e+00 1.722253e-01
1.611328e+00 5.533218e+00 1.695899e-01
1.617188e+00 5.488116e+00 1.669909e-01
1.623047e+00 5.443114e+00 1.644279e-01
1.628906e+00 5.398220e+00 1.619006e-01
1.634766e+00 5.353443e+00 1.594088e-01
1.640625e+00 5.308793e+00 1.569522e-01
1.664062e+00 5.131628e+00 1.474708e-01
1.687500e+00 4.957131e+00 1.385265e-01
1.710938e+00 4.785753e+00 1.300984e-01
1.734375e+00 4.617883e+00 1.221651e-01
1.757812e+00 4.453858e+00 1.147047e-01
1.781250e+00 4.293960e+00 1.076957e-01
1.804688e+00 4.138423e+00 1.011163e-01
1.828125e+00 3.987437e+00 9.494502e-02
1.851562e+00 3.841148e+00 8.916090e-02
1.875000e+00 3.699666e+00 8.374330e-02
1.898438e+00 3.563064e+00 7.867217e-02
1.921875e+00 3.431385e+00 7.392807e-02
1.945312e+00 3.304645e+00 6.949223e-02
1.968750e+00 3.182832e+00 6.534656e-02
1.992188e+00 3.065913e+00 6.147373e-02
2.015625e+00 2.953835e+00 5.785712e-02
2.039062e+00 2.846527e+00 5.448091e-02
2.062500e+00 2.743905e+00 5.133001e-02
2.085938e+00 2.645871e+00 4.839007e-02
2.109375e+00 2.552317e+00 4.564751e-02
2.132812e+00 2.463124e+00 4.308945e-02
2.156250e+00 2.378167e+00 4.070373e-02
2.179688e+00 2.297316e+00 3.847887e-02
2.203125e+00 2.220434e+00 3.640406e-02
2.226562e+00 2.147384e+00 3.446911e-02
2.250000e+00 2.078024e+00 3.266448e-02
2.273438e+00 2.012212e+00 3.098117e-02
2.296875e+00 1.949805e+00 2.941078e-02
2.320312e+00 1.890661e+00 2.794544e-02
2.343750e+00 1.834639e+00 2.657775e-02
2.355469e+00 1.807756e+00 2.592837e-02
2.367188e+00 1.781600e+00 2.530085e-02
2.378906e+00 1.756156e+00 2.469441e-02
2.390625e+00 1.731406e+00 2.410828e-02
2.402344e+00 1.707334e+00 2.354172e-02
2.414062e+00 1.683922e+00 2.299404e-02
2.425781e+00 1.661156e+00 2.246452e-02
2.437500e+00 1.639017e+00 2.195252e-02
2.449219e+00 1.617491e+00 2.145739e-02
2.460938e+00 1.596562e+00 2.097851e-02
2.472656e+00 1.576213e+00 2.051529e-02
2.484375e+00 1.556431e+00 2.006715e-02
2.496094e+00 1.537199e+00 1.963353e-02
2.507812e+00 1.518502e+00 1.921390e-02
2.519531e+00 1.500328e+00 1.880774e-02
2.531250e+00 1.482660e+00 1.841457e-02
2.542969e+00 1.465484e+00 1.803389e-02
2.554688e+00 1.448788e+00 1.766524e-02
2.566406e+00 1.432557e+00 1.730818e-02
2.578125e+00 1.416779e+00 1.696228e-02
2.601562e+00 1.386525e+00 1.630232e-02
2.625000e+00 1.357926e+00 1.568222e-02
2.648438e+00 1.330884e+00 1.509910e-02
2.671875e+00 1.305306e+00 1.455024e-02
2.695312e+00 1.281102e+00 1.403317e-02
2.718750e+00 1.258187e+00 1.354556e-02
2.742188e+00 1.236480e+00 1.308528e-02
2.765625e+00 1.215903e+00 1.265035e-02
2.789062e+00 1.196383e+00 1.223894e-02
2.812500e+00 1.177848e+00 1.184935e-02
2.859375e+00 1.143475e+00 1.112947e-02
2.906250e+00 1.112291e+00 1.047955e-02
2.953125e+00 1.083858e+00 9.890054e-03
3.000000e+00 1.057782e+00 9.352846e-03
3.046875e+00 1.033717e+00 8.860995e-03
3.093750e+00 1.011356e+00 8.408599e-03
3.140625e+00 9.904286e-01 7.990633e-03
3.187500e+00 9.707002e-01 7.602823e-03
3.234375e+00 9.519656e-01 7.241535e-03
3.281250e+00 9.340473e-01 6.903676e-03
3.328125e+00 9.167932e-01 6.586614e-03
3.375000e+00 9.000729e-01 6.288112e-03
3.421875e+00 8.837764e-01 6.006261e-03
3.468750e+00 8.678108e-01 5.739435e-03
3.515625e+00 8.520991e-01 5.486244e-03
3.562500e+00 8.365780e-01 5.245499e-03
3.609375e+00 8.211962e-01 5.016180e-03
3.656250e+00 8.059132e-01 4.797408e-03
3.703125e+00 7.906973e-01 4.588425e-03
3.750000e+00 7.755249e-01 4.388573e-03
3.843750e+00 7.452500e-01 4.014042e-03
3.937500e+00 7.150196e-01 3.670007e-03
4.031250e+00 6.848324e-01 3.353474e-03
4.125000e+00 6.547337e-01 3.062012e-03
4.218750e+00 6.247989e-01 2.793591e-03
4.312500e+00 5.951209e-01 2.546462e-03
4.406250e+00 5.658006e-01 2.319078e-03
4.500000e+00 5.369403e-01 2.110042e-03
4.593750e+00 5.086384e-01 1.918070e-03
4.687500e+00 4.809859e-01 1.741967e-03
4.710938e+00 4.741841e-01 1.700288e-03
4.734375e+00 4.674292e-01 1.659513e-03
4.757812e+00 4.607224e-01 1.619626e-03
4.781250e+00 4.540648e-01 1.580611e-03
4.804688e+00 4.474573e-01 1.542451e-03
4.828125e+00 4.409010e-01 1.505131e-03
4.851562e+00 4.343969e-01 1.468634e-03
4.875000e+00 4.279459e-01 1.432946e-03
4.898438e+00 4.215487e-01 1.398050e-03
4.921875e+00 4.152064e-01 1.363933e-03
4.933594e+00 4.120560e-01 1.347161e-03
4.945312e+00 4.089195e-01 1.330579e-03
4.957031e+00 4.057972e-01 1.314183e-03
4.968750e+00 4.026889e-01 1.297973e-03
4.980469e+00 3.995950e-01 1.281946e-03
4.992188e+00 3.965153e-01 1.266101e-03
5.003906e+00 3.934501e-01 1.250436e-03
5.015625e+00 3.903992e-01 1.234949e-03
5.027344e+00 3.873630e-01 1.219638e-03
5.039062e+00 3.843413e-01 1.204503e-03
5.050781e+00 3.813344e-01 1.189540e-03
5.062500e+00 3.783422e-01 1.174748e-03
5.074219e+00 3.753649e-01 1.160127e-03
5.085938e+00 3.724024e-01 1.145673e-03
5.097656e+00 3.694549e-01 1.131385e-03
5.109375e+00 3.665224e-01 1.117262e-03
5.121094e+00 3.636049e-01 1.103302e-03
5.132812e+00 3.607026e-01 1.089503e-03
5.144531e+00 3.578154e-01 1.075864e-03
5.156250e+00 3.549433e-01 1.062383e-03
5.203125e+00 3.436081e-01 1.010008e-03
5.250000e+00 3.325190e-01 9.600369e-04
5.296875e+00 3.216778e-01 9.123717e-04
5.343750e+00 3.110859e-01 8.669184e-04
5.390625e+00 3.007440e-01 8.235859e-04
5.437500e+00 2.906523e-01 7.822857e-04
5.484375e+00 2.808106e-01 7.429325e-04
5.531250e+00 2.712182e-01 7.054438e-04
5.578125e+00 2.618741e-01 6.697400e-04
5.625000e+00 2.527768e-01 6.357440e-04
5.718750e+00 2.353149e-01 5.725814e-04
5.812500e+00 2.188141e-01 5.153943e-04
5.906250e+00 2.032518e-01 4.636613e-04
6.000000e+00 1.886012e-01 4.169003e-04
6.093750e+00 1.748330e-01 3.746661e-04
6.187500e+00 1.619153e-01 3.365485e-04
6.281250e+00 1.498145e-01 3.021703e-04
6.375000e+00 1.384957e-01 2.711853e-04
6.468750e+00 1.279235e-01 2.432762e-04
6.562500e+00 1.180619e-01 2.181530e-04
6.656250e+00 1.088749e-01 1.955503e-04
6.750000e+00 1.003269e-01 1.752266e-04
6.843750e+00 9.238284e-02 1.569615e-04
6.937500e+00 8.500828e-02 1.405547e-04
7.031250e+00 7.816975e-02 1.258241e-04
7.125000e+00 7.183480e-02 1.126044e-04
7.218750e+00 6.597208e-02 1.007457e-04
7.312500e+00 6.055147e-02 9.011209e-05
7.406250e+00 5.554405e-02 8.058068e-05
7.500000e+00 5.092220e-02 7.204017e-05
7.687500e+00 4.273230e-02 5.754084e-05
7.875000e+00 3.578819e-02 4.592284e-05
8.062500e+00 2.991706e-02 3.662433e-05
8.250000e+00 2.496617e-02 2.919000e-05
8.437500e+00 2.080140e-02 2.325172e-05
8.625000e+00 1.730577e-02 1.851241e-05
8.812500e+00 1.437783e-02 1.473279e-05
9.000000e+00 1.193005e-02 1.172053e-05
9.187500e+00 9.887290e-03 9.321219e-06
9.375000e+00 8.185328e-03 7.411117e-06
9.468750e+00 7.444713e-03 6.607738e-06
9.562500e+00 6.769457e-03 5.891164e-06
9.656250e+00 6.154004e-03 5.252075e-06
9.750000e+00 5.593245e-03 4.682144e-06
9.843750e+00 5.082476e-03 4.173922e-06
9.937500e+00 4.617378e-03 3.720756e-06
1.003125e+01 4.193987e-03 3.316707e-06
1.012500e+01 3.808679e-03 2.956476e-06
1.021875e+01 3.458133e-03 2.635338e-06
1.031250e+01 3.139294e-03 2.349061e-06
1.040625e+01 2.849362e-03 2.093868e-06
1.050000e+01 2.585779e-03 1.866393e-06
1.059375e+01 2.346205e-03 1.663630e-06
1.068750e+01 2.128502e-03 1.482900e-06
1.078125e+01 1.930714e-03 1.321812e-06
1.087500e+01 1.751057e-03 1.178235e-06
1.096875e+01 1.587902e-03 1.050267e-06
1.106250e+01 1.439762e-03 9.362120e-07
1.115625e+01 1.305279e-03 8.345588e-07
1.125000e+01 1.183216e-03 7.439592e-07
1.162500e+01 7.980519e-04 4.699323e-07
1.200000e+01 5.374443e-04 2.970032e-07
1.237500e+01 3.614779e-04 1.878372e-07
1.275000e+01 2.428671e-04 1.188881e-07
1.312500e+01 1.630336e-04 7.531279e-08
1.350000e+01 1.093651e-04 4.775309e-08
1.387500e+01 7.332278e-05 3.030841e-08
1.425000e+01 4.913978e-05 1.925722e-08
1.462500e+01 3.292444e-05 1.224945e-08
1.500000e+01 2.205448e-05 7.800178e-09
1.537500e+01 1.477218e-05 4.972840e-09
1.575000e+01 9.894388e-06 3.174081e-09
1.612500e+01 6.627719e-06 2.028405e-09
1.650000e+01 4.440151e-06 1.297837e-09
1.687500e+01 2.975235e-06 8.314265e-10
1.725000e+01 1.994141e-06 5.332954e-10
1.762500e+01 1.336950e-06 3.424892e-10
1.800000e+01 8.966858e-07 2.202345e-10
1.837500e+01 6.016746e-07 1.418068e-10
1.875000e+01 4.038994e-07 9.142411e-11
1.912500e+01 2.712839e-07 5.902165e-11
1.950000e+01 1.823171e-07 3.815473e-11
1.987500e+01 1.226109e-07 2.470046e-11
2.025000e+01 8.252398e-08 1.601475e-11
2.062500e+01 5.559653e-08 1.040040e-11
2.100000e+01 3.749876e-08 6.766568e-12
2.137500e+01 2.532946e-08 4.411678e-12
2.175000e+01 1.714382e-08 2.883893e-12
2.212500e+01 1.163296e-08 1.891097e-12
2.250000e+01 7.920086e-09 1.244959e-12
2.325000e+01 3.729487e-09 5.490264e-13
2.400000e+01 1.818000e-09 2.511663e-13
2.475000e+01 9.338221e-10 1.213120e-13
2.550000e+01 5.111518e-10 6.255466e-14
2.625000e+01 2.961892e-10 3.420588e-14
2.700000e+01 1.734477e-10 1.893352e-14
2.775000e+01 9.390798e-11 9.704355e-15
2.850000e+01 4.167608e-11 4.083074e-15
2.925000e+01 1.092275e-11 1.015946e-15
3.000000e+01 2.806645e-256 2.481619e-260
