# 
# Output from RAtom program.
# 
# Total radial electron density.
# The first column contains radius $r$ in bohr units.
# The second column holds $\rho(r)$.
# The third column holds $\tilde{\rho}(r) = \rho(r) / (\pi * r * r)$
# 
# Use this file with gnuplot to create the plot.
# 
# R     Rho     RhoTilde
#
0.000000e+00 0.000000e+00 5.537765e+04
1.831055e-04 2.296721e-02 5.451245e+04
3.662109e-04 9.043356e-02 5.366080e+04
5.493164e-04 2.002968e-01 5.282249e+04
7.324219e-04 3.505205e-01 5.199732e+04
9.155273e-04 5.391329e-01 5.118507e+04
1.098633e-03 7.642246e-01 5.038555e+04
1.281738e-03 1.023948e+00 4.959857e+04
1.464844e-03 1.316513e+00 4.882392e+04
1.647949e-03 1.640190e+00 4.806142e+04
1.831055e-03 1.993304e+00 4.731088e+04
2.014160e-03 2.374236e+00 4.657212e+04
2.197266e-03 2.781419e+00 4.584495e+04
2.380371e-03 3.213340e+00 4.512919e+04
2.563477e-03 3.668535e+00 4.442466e+04
2.746582e-03 4.145591e+00 4.373120e+04
2.929688e-03 4.643140e+00 4.304863e+04
3.112793e-03 5.159865e+00 4.237678e+04
3.295898e-03 5.694490e+00 4.171549e+04
3.479004e-03 6.245787e+00 4.106459e+04
3.662109e-03 6.812568e+00 4.042392e+04
4.028320e-03 7.988047e+00 3.917263e+04
4.394531e-03 9.212251e+00 3.796040e+04
4.760742e-03 1.047712e+01 3.678601e+04
5.126953e-03 1.177518e+01 3.564830e+04
5.493164e-03 1.309949e+01 3.454614e+04
5.859375e-03 1.444367e+01 3.347843e+04
6.225586e-03 1.580179e+01 3.244411e+04
6.591797e-03 1.716839e+01 3.144214e+04
6.958008e-03 1.853848e+01 3.047154e+04
7.324219e-03 1.990743e+01 2.953132e+04
7.690430e-03 2.127105e+01 2.862055e+04
8.056641e-03 2.262549e+01 2.773831e+04
8.422852e-03 2.396723e+01 2.688374e+04
8.789062e-03 2.529310e+01 2.605596e+04
9.155273e-03 2.660023e+01 2.525416e+04
9.521484e-03 2.788602e+01 2.447752e+04
9.887695e-03 2.914815e+01 2.372526e+04
1.025391e-02 3.038456e+01 2.299664e+04
1.062012e-02 3.159340e+01 2.229092e+04
1.098633e-02 3.277307e+01 2.160738e+04
1.135254e-02 3.392216e+01 2.094535e+04
1.171875e-02 3.503944e+01 2.030415e+04
1.208496e-02 3.612389e+01 1.968313e+04
1.245117e-02 3.717464e+01 1.908168e+04
1.281738e-02 3.819099e+01 1.849917e+04
1.318359e-02 3.917235e+01 1.793503e+04
1.354980e-02 4.011832e+01 1.738869e+04
1.391602e-02 4.102857e+01 1.685958e+04
1.428223e-02 4.190293e+01 1.634718e+04
1.464844e-02 4.274132e+01 1.585096e+04
1.501465e-02 4.354375e+01 1.537042e+04
1.538086e-02 4.431034e+01 1.490507e+04
1.574707e-02 4.504127e+01 1.445444e+04
1.611328e-02 4.573683e+01 1.401807e+04
1.647949e-02 4.639736e+01 1.359552e+04
1.684570e-02 4.702326e+01 1.318635e+04
1.721191e-02 4.761500e+01 1.279015e+04
1.757812e-02 4.817310e+01 1.240651e+04
1.794434e-02 4.869812e+01 1.203504e+04
1.831055e-02 4.919069e+01 1.167536e+04
1.867676e-02 4.965144e+01 1.132711e+04
1.904297e-02 5.008107e+01 1.098992e+04
1.940918e-02 5.048028e+01 1.066344e+04
1.977539e-02 5.084982e+01 1.034736e+04
2.014160e-02 5.119044e+01 1.004133e+04
2.050781e-02 5.150295e+01 9.745038e+03
2.087402e-02 5.178813e+01 9.458189e+03
2.124023e-02 5.204679e+01 9.180483e+03
2.160645e-02 5.227978e+01 8.911631e+03
2.197266e-02 5.248791e+01 8.651357e+03
2.233887e-02 5.267202e+01 8.399392e+03
2.270508e-02 5.283297e+01 8.155473e+03
2.307129e-02 5.297160e+01 7.919349e+03
2.343750e-02 5.308875e+01 7.690774e+03
2.380371e-02 5.318527e+01 7.469511e+03
2.416992e-02 5.326200e+01 7.255328e+03
2.453613e-02 5.331977e+01 7.048004e+03
2.490234e-02 5.335942e+01 6.847322e+03
2.526855e-02 5.338176e+01 6.653072e+03
2.563477e-02 5.338762e+01 6.465052e+03
2.600098e-02 5.337780e+01 6.283064e+03
2.636719e-02 5.335309e+01 6.106918e+03
2.673340e-02 5.331427e+01 5.936429e+03
2.709961e-02 5.326212e+01 5.771418e+03
2.746582e-02 5.319739e+01 5.611712e+03
2.783203e-02 5.312083e+01 5.457141e+03
2.819824e-02 5.303317e+01 5.307544e+03
2.856445e-02 5.293511e+01 5.162763e+03
2.893066e-02 5.282737e+01 5.022643e+03
2.929688e-02 5.271063e+01 4.887038e+03
3.002930e-02 5.245279e+01 4.628800e+03
3.076172e-02 5.216676e+01 4.386951e+03
3.149414e-02 5.185743e+01 4.160462e+03
3.222656e-02 5.152942e+01 3.948366e+03
3.295898e-02 5.118709e+01 3.749755e+03
3.369141e-02 5.083453e+01 3.563778e+03
3.442383e-02 5.047555e+01 3.389635e+03
3.515625e-02 5.011371e+01 3.226574e+03
3.588867e-02 4.975231e+01 3.073892e+03
3.662109e-02 4.939437e+01 2.930927e+03
3.680420e-02 4.930576e+01 2.896630e+03
3.698730e-02 4.921759e+01 2.862893e+03
3.717041e-02 4.912989e+01 2.829705e+03
3.735352e-02 4.904270e+01 2.797059e+03
3.753662e-02 4.895607e+01 2.764944e+03
3.771973e-02 4.887003e+01 2.733352e+03
3.790283e-02 4.878461e+01 2.702276e+03
3.808594e-02 4.869985e+01 2.671705e+03
3.826904e-02 4.861580e+01 2.641632e+03
3.845215e-02 4.853247e+01 2.612049e+03
3.863525e-02 4.844991e+01 2.582947e+03
3.881836e-02 4.836814e+01 2.554319e+03
3.900146e-02 4.828720e+01 2.526157e+03
3.918457e-02 4.820713e+01 2.498453e+03
3.936768e-02 4.812794e+01 2.471200e+03
3.955078e-02 4.804967e+01 2.444389e+03
3.973389e-02 4.797234e+01 2.418015e+03
3.991699e-02 4.789599e+01 2.392069e+03
4.010010e-02 4.782064e+01 2.366544e+03
4.028320e-02 4.774631e+01 2.341434e+03
4.064941e-02 4.760083e+01 2.292430e+03
4.101562e-02 4.745974e+01 2.245002e+03
4.138184e-02 4.732322e+01 2.199100e+03
4.174805e-02 4.719143e+01 2.154671e+03
4.211426e-02 4.706455e+01 2.111668e+03
4.248047e-02 4.694269e+01 2.070044e+03
4.284668e-02 4.682601e+01 2.029752e+03
4.321289e-02 4.671462e+01 1.990748e+03
4.357910e-02 4.660864e+01 1.952990e+03
4.394531e-02 4.650817e+01 1.916436e+03
4.467773e-02 4.632412e+01 1.846780e+03
4.541016e-02 4.616311e+01 1.781473e+03
4.614258e-02 4.602562e+01 1.720228e+03
4.687500e-02 4.591201e+01 1.662777e+03
4.760742e-02 4.582253e+01 1.608866e+03
4.833984e-02 4.575728e+01 1.558260e+03
4.907227e-02 4.571628e+01 1.510737e+03
4.980469e-02 4.569943e+01 1.466090e+03
5.053711e-02 4.570656e+01 1.424124e+03
5.126953e-02 4.573740e+01 1.384659e+03
5.200195e-02 4.579159e+01 1.347524e+03
5.273438e-02 4.586873e+01 1.312560e+03
5.346680e-02 4.596832e+01 1.279618e+03
5.419922e-02 4.608984e+01 1.248560e+03
5.493164e-02 4.623268e+01 1.219254e+03
5.566406e-02 4.639620e+01 1.191579e+03
5.639648e-02 4.657971e+01 1.165421e+03
5.712891e-02 4.678251e+01 1.140675e+03
5.786133e-02 4.700382e+01 1.117240e+03
5.859375e-02 4.724288e+01 1.095025e+03
5.932617e-02 4.749887e+01 1.073942e+03
6.005859e-02 4.777098e+01 1.053911e+03
6.079102e-02 4.805835e+01 1.034857e+03
6.152344e-02 4.836014e+01 1.016709e+03
6.225586e-02 4.867548e+01 9.994014e+02
6.298828e-02 4.900351e+01 9.828739e+02
6.372070e-02 4.934335e+01 9.670695e+02
6.445312e-02 4.969414e+01 9.519351e+02
6.518555e-02 5.005500e+01 9.374216e+02
6.591797e-02 5.042506e+01 9.234830e+02
6.665039e-02 5.080347e+01 9.100769e+02
6.738281e-02 5.118937e+01 8.971637e+02
6.811523e-02 5.158193e+01 8.847065e+02
6.884766e-02 5.198031e+01 8.726713e+02
6.958008e-02 5.238370e+01 8.610265e+02
7.031250e-02 5.279130e+01 8.497427e+02
7.104492e-02 5.320232e+01 8.387927e+02
7.177734e-02 5.361600e+01 8.281514e+02
7.250977e-02 5.403157e+01 8.177955e+02
7.324219e-02 5.444832e+01 8.077036e+02
7.360840e-02 5.465691e+01 8.027503e+02
7.397461e-02 5.486553e+01 7.978557e+02
7.434082e-02 5.507409e+01 7.930174e+02
7.470703e-02 5.528250e+01 7.882335e+02
7.507324e-02 5.549070e+01 7.835017e+02
7.543945e-02 5.569858e+01 7.788202e+02
7.580566e-02 5.590608e+01 7.741869e+02
7.617188e-02 5.611311e+01 7.696002e+02
7.653809e-02 5.631959e+01 7.650581e+02
7.690430e-02 5.652546e+01 7.605592e+02
7.699585e-02 5.657682e+01 7.594410e+02
7.708740e-02 5.662813e+01 7.583253e+02
7.717896e-02 5.667940e+01 7.572122e+02
7.727051e-02 5.673063e+01 7.561017e+02
7.736206e-02 5.678180e+01 7.549936e+02
7.745361e-02 5.683293e+01 7.538880e+02
7.754517e-02 5.688400e+01 7.527848e+02
7.763672e-02 5.693503e+01 7.516841e+02
7.772827e-02 5.698600e+01 7.505857e+02
7.781982e-02 5.703692e+01 7.494898e+02
7.791138e-02 5.708778e+01 7.483962e+02
7.800293e-02 5.713859e+01 7.473049e+02
7.809448e-02 5.718934e+01 7.462160e+02
7.818604e-02 5.724003e+01 7.451293e+02
7.827759e-02 5.729067e+01 7.440449e+02
7.836914e-02 5.734124e+01 7.429627e+02
7.846069e-02 5.739175e+01 7.418828e+02
7.855225e-02 5.744220e+01 7.408051e+02
7.864380e-02 5.749258e+01 7.397296e+02
7.873535e-02 5.754290e+01 7.386562e+02
7.891846e-02 5.764334e+01 7.365159e+02
7.910156e-02 5.774351e+01 7.343840e+02
7.928467e-02 5.784341e+01 7.322604e+02
7.946777e-02 5.794301e+01 7.301450e+02
7.965088e-02 5.804232e+01 7.280375e+02
7.983398e-02 5.814133e+01 7.259379e+02
8.001709e-02 5.824002e+01 7.238460e+02
8.020020e-02 5.833840e+01 7.217616e+02
8.038330e-02 5.843644e+01 7.196847e+02
8.056641e-02 5.853416e+01 7.176150e+02
8.129883e-02 5.892152e+01 7.094070e+02
8.203125e-02 5.930294e+01 7.013062e+02
8.276367e-02 5.967796e+01 6.933055e+02
8.349609e-02 6.004618e+01 6.853986e+02
8.422852e-02 6.040718e+01 6.775798e+02
8.496094e-02 6.076059e+01 6.698438e+02
8.569336e-02 6.110604e+01 6.621859e+02
8.642578e-02 6.144320e+01 6.546020e+02
8.715820e-02 6.177176e+01 6.470883e+02
8.789062e-02 6.209142e+01 6.396414e+02
8.862305e-02 6.240190e+01 6.322583e+02
8.935547e-02 6.270295e+01 6.249364e+02
9.008789e-02 6.299434e+01 6.176733e+02
9.082031e-02 6.327586e+01 6.104670e+02
9.155273e-02 6.354730e+01 6.033157e+02
9.228516e-02 6.380850e+01 5.962178e+02
9.301758e-02 6.405929e+01 5.891721e+02
9.375000e-02 6.429953e+01 5.821774e+02
9.448242e-02 6.452910e+01 5.752329e+02
9.521484e-02 6.474789e+01 5.683377e+02
9.594727e-02 6.495582e+01 5.614913e+02
9.667969e-02 6.515281e+01 5.546931e+02
9.741211e-02 6.533879e+01 5.479429e+02
9.814453e-02 6.551372e+01 5.412404e+02
9.887695e-02 6.567759e+01 5.345855e+02
9.960938e-02 6.583036e+01 5.279781e+02
1.003418e-01 6.597203e+01 5.214183e+02
1.010742e-01 6.610262e+01 5.149061e+02
1.018066e-01 6.622215e+01 5.084417e+02
1.025391e-01 6.633065e+01 5.020254e+02
1.032715e-01 6.642817e+01 4.956574e+02
1.040039e-01 6.651477e+01 4.893380e+02
1.047363e-01 6.659051e+01 4.830675e+02
1.054688e-01 6.665548e+01 4.768463e+02
1.062012e-01 6.670975e+01 4.706747e+02
1.069336e-01 6.675344e+01 4.645532e+02
1.076660e-01 6.678663e+01 4.584821e+02
1.083984e-01 6.680945e+01 4.524619e+02
1.091309e-01 6.682202e+01 4.464929e+02
1.098633e-01 6.682447e+01 4.405757e+02
1.105957e-01 6.681693e+01 4.347105e+02
1.113281e-01 6.679955e+01 4.288979e+02
1.120605e-01 6.677248e+01 4.231381e+02
1.127930e-01 6.673587e+01 4.174317e+02
1.135254e-01 6.668989e+01 4.117789e+02
1.142578e-01 6.663470e+01 4.061802e+02
1.149902e-01 6.657047e+01 4.006359e+02
1.157227e-01 6.649739e+01 3.951463e+02
1.164551e-01 6.641562e+01 3.897118e+02
1.171875e-01 6.632537e+01 3.843326e+02
1.186523e-01 6.612011e+01 3.737413e+02
1.201172e-01 6.588317e+01 3.633744e+02
1.215820e-01 6.561613e+01 3.532335e+02
1.230469e-01 6.532059e+01 3.433199e+02
1.245117e-01 6.499820e+01 3.336345e+02
1.259766e-01 6.465061e+01 3.241778e+02
1.274414e-01 6.427950e+01 3.149500e+02
1.289062e-01 6.388654e+01 3.059508e+02
1.303711e-01 6.347339e+01 2.971798e+02
1.318359e-01 6.304172e+01 2.886360e+02
1.333008e-01 6.259316e+01 2.803184e+02
1.347656e-01 6.212934e+01 2.722254e+02
1.362305e-01 6.165187e+01 2.643552e+02
1.376953e-01 6.116232e+01 2.567058e+02
1.391602e-01 6.066223e+01 2.492750e+02
1.406250e-01 6.015311e+01 2.420601e+02
1.420898e-01 5.963643e+01 2.350584e+02
1.435547e-01 5.911362e+01 2.282669e+02
1.450195e-01 5.858608e+01 2.216826e+02
1.464844e-01 5.805514e+01 2.153021e+02
1.472168e-01 5.778880e+01 2.121871e+02
1.479492e-01 5.752209e+01 2.091219e+02
1.486816e-01 5.725518e+01 2.061058e+02
1.494141e-01 5.698820e+01 2.031385e+02
1.501465e-01 5.672131e+01 2.002194e+02
1.508789e-01 5.645466e+01 1.973481e+02
1.516113e-01 5.618838e+01 1.945241e+02
1.523438e-01 5.592262e+01 1.917469e+02
1.530762e-01 5.565751e+01 1.890161e+02
1.538086e-01 5.539319e+01 1.863311e+02
1.539917e-01 5.532724e+01 1.856669e+02
1.541748e-01 5.526136e+01 1.850056e+02
1.543579e-01 5.519554e+01 1.843471e+02
1.545410e-01 5.512978e+01 1.836914e+02
1.547241e-01 5.506408e+01 1.830385e+02
1.549072e-01 5.499845e+01 1.823884e+02
1.550903e-01 5.493289e+01 1.817411e+02
1.552734e-01 5.486741e+01 1.810966e+02
1.554565e-01 5.480199e+01 1.804548e+02
1.556396e-01 5.473665e+01 1.798158e+02
1.558228e-01 5.467139e+01 1.791796e+02
1.560059e-01 5.460620e+01 1.785461e+02
1.561890e-01 5.454110e+01 1.779153e+02
1.563721e-01 5.447607e+01 1.772873e+02
1.565552e-01 5.441113e+01 1.766620e+02
1.567383e-01 5.434628e+01 1.760394e+02
1.569214e-01 5.428152e+01 1.754195e+02
1.571045e-01 5.421684e+01 1.748023e+02
1.572876e-01 5.415226e+01 1.741878e+02
1.574707e-01 5.408776e+01 1.735760e+02
1.578369e-01 5.395907e+01 1.723604e+02
1.582031e-01 5.383076e+01 1.711554e+02
1.585693e-01 5.370286e+01 1.699610e+02
1.589355e-01 5.357538e+01 1.687770e+02
1.593018e-01 5.344834e+01 1.676036e+02
1.596680e-01 5.332174e+01 1.664404e+02
1.600342e-01 5.319560e+01 1.652876e+02
1.604004e-01 5.306993e+01 1.641451e+02
1.607666e-01 5.294475e+01 1.630127e+02
1.611328e-01 5.282007e+01 1.618904e+02
1.625977e-01 5.232653e+01 1.575011e+02
1.640625e-01 5.184189e+01 1.532683e+02
1.655273e-01 5.136684e+01 1.491879e+02
1.669922e-01 5.090201e+01 1.452556e+02
1.684570e-01 5.044802e+01 1.414673e+02
1.699219e-01 5.000541e+01 1.378188e+02
1.713867e-01 4.957470e+01 1.343061e+02
1.728516e-01 4.915633e+01 1.309251e+02
1.743164e-01 4.875073e+01 1.276717e+02
1.757812e-01 4.835828e+01 1.245420e+02
1.772461e-01 4.797929e+01 1.215320e+02
1.787109e-01 4.761407e+01 1.186378e+02
1.801758e-01 4.726287e+01 1.158557e+02
1.816406e-01 4.692590e+01 1.131818e+02
1.831055e-01 4.660333e+01 1.106126e+02
1.845703e-01 4.629531e+01 1.081443e+02
1.860352e-01 4.600195e+01 1.057734e+02
1.875000e-01 4.572332e+01 1.034964e+02
1.889648e-01 4.545946e+01 1.013100e+02
1.904297e-01 4.521038e+01 9.921082e+01
1.918945e-01 4.497608e+01 9.719559e+01
1.933594e-01 4.475651e+01 9.526116e+01
1.948242e-01 4.455159e+01 9.340443e+01
1.962891e-01 4.436124e+01 9.162239e+01
1.977539e-01 4.418534e+01 8.991210e+01
1.992188e-01 4.402374e+01 8.827071e+01
2.006836e-01 4.387628e+01 8.669544e+01
2.021484e-01 4.374280e+01 8.518358e+01
2.036133e-01 4.362307e+01 8.373252e+01
2.050781e-01 4.351690e+01 8.233972e+01
2.065430e-01 4.342404e+01 8.100270e+01
2.080078e-01 4.334424e+01 7.971907e+01
2.094727e-01 4.327725e+01 7.848653e+01
2.109375e-01 4.322279e+01 7.730282e+01
2.124023e-01 4.318056e+01 7.616577e+01
2.138672e-01 4.315029e+01 7.507330e+01
2.153320e-01 4.313164e+01 7.402337e+01
2.167969e-01 4.312431e+01 7.301402e+01
2.182617e-01 4.312797e+01 7.204337e+01
2.197266e-01 4.314229e+01 7.110960e+01
2.211914e-01 4.316693e+01 7.021094e+01
2.226562e-01 4.320155e+01 6.934572e+01
2.241211e-01 4.324578e+01 6.851228e+01
2.255859e-01 4.329930e+01 6.770908e+01
2.270508e-01 4.336172e+01 6.693460e+01
2.285156e-01 4.343270e+01 6.618738e+01
2.299805e-01 4.351188e+01 6.546604e+01
2.314453e-01 4.359889e+01 6.476924e+01
2.329102e-01 4.369337e+01 6.409569e+01
2.343750e-01 4.379495e+01 6.344416e+01
2.373047e-01 4.401799e+01 6.220249e+01
2.402344e-01 4.426512e+01 6.103536e+01
2.431641e-01 4.453349e+01 5.993467e+01
2.460938e-01 4.482029e+01 5.889299e+01
2.490234e-01 4.512276e+01 5.790357e+01
2.519531e-01 4.543823e+01 5.696027e+01
2.548828e-01 4.576410e+01 5.605753e+01
2.578125e-01 4.609784e+01 5.519031e+01
2.607422e-01 4.643704e+01 5.435407e+01
2.636719e-01 4.677938e+01 5.354476e+01
2.666016e-01 4.712262e+01 5.275871e+01
2.695312e-01 4.746467e+01 5.199269e+01
2.724609e-01 4.780351e+01 5.124381e+01
2.753906e-01 4.813726e+01 5.050951e+01
2.783203e-01 4.846413e+01 4.978755e+01
2.812500e-01 4.878248e+01 4.907598e+01
2.841797e-01 4.909074e+01 4.837307e+01
2.871094e-01 4.938749e+01 4.767738e+01
2.900391e-01 4.967139e+01 4.698762e+01
2.929688e-01 4.994124e+01 4.630276e+01
2.944336e-01 5.007054e+01 4.596187e+01
2.958984e-01 5.019592e+01 4.562188e+01
2.973633e-01 5.031725e+01 4.528271e+01
2.988281e-01 5.043443e+01 4.494427e+01
3.002930e-01 5.054734e+01 4.460650e+01
3.017578e-01 5.065588e+01 4.426933e+01
3.032227e-01 5.075995e+01 4.393272e+01
3.046875e-01 5.085947e+01 4.359661e+01
3.061523e-01 5.095434e+01 4.326096e+01
3.076172e-01 5.104449e+01 4.292574e+01
3.079834e-01 5.106628e+01 4.284200e+01
3.083496e-01 5.108777e+01 4.275829e+01
3.087158e-01 5.110896e+01 4.267460e+01
3.090820e-01 5.112985e+01 4.259093e+01
3.094482e-01 5.115043e+01 4.250729e+01
3.098145e-01 5.117070e+01 4.242367e+01
3.101807e-01 5.119068e+01 4.234007e+01
3.105469e-01 5.121034e+01 4.225649e+01
3.109131e-01 5.122970e+01 4.217294e+01
3.112793e-01 5.124874e+01 4.208941e+01
3.114624e-01 5.125815e+01 4.204766e+01
3.116455e-01 5.126748e+01 4.200591e+01
3.118286e-01 5.127673e+01 4.196416e+01
3.120117e-01 5.128591e+01 4.192242e+01
3.121948e-01 5.129501e+01 4.188069e+01
3.123779e-01 5.130402e+01 4.183896e+01
3.125610e-01 5.131297e+01 4.179724e+01
3.127441e-01 5.132183e+01 4.175552e+01
3.129272e-01 5.133062e+01 4.171381e+01
3.131104e-01 5.133932e+01 4.167210e+01
3.132935e-01 5.134795e+01 4.163040e+01
3.134766e-01 5.135650e+01 4.158871e+01
3.136597e-01 5.136497e+01 4.154702e+01
3.138428e-01 5.137337e+01 4.150533e+01
3.140259e-01 5.138168e+01 4.146365e+01
3.142090e-01 5.138992e+01 4.142198e+01
3.143921e-01 5.139807e+01 4.138031e+01
3.145752e-01 5.140615e+01 4.133865e+01
3.147583e-01 5.141415e+01 4.129699e+01
3.149414e-01 5.142206e+01 4.125533e+01
3.156738e-01 5.145294e+01 4.108877e+01
3.164062e-01 5.148254e+01 4.092230e+01
3.171387e-01 5.151086e+01 4.075591e+01
3.178711e-01 5.153790e+01 4.058960e+01
3.186035e-01 5.156365e+01 4.042338e+01
3.193359e-01 5.158810e+01 4.025725e+01
3.200684e-01 5.161125e+01 4.009120e+01
3.208008e-01 5.163311e+01 3.992524e+01
3.215332e-01 5.165366e+01 3.975938e+01
3.222656e-01 5.167290e+01 3.959360e+01
3.237305e-01 5.170745e+01 3.926234e+01
3.251953e-01 5.173675e+01 3.893147e+01
3.266602e-01 5.176079e+01 3.860101e+01
3.281250e-01 5.177954e+01 3.827099e+01
3.295898e-01 5.179301e+01 3.794142e+01
3.310547e-01 5.180119e+01 3.761235e+01
3.325195e-01 5.180410e+01 3.728378e+01
3.339844e-01 5.180173e+01 3.695576e+01
3.354492e-01 5.179410e+01 3.662830e+01
3.369141e-01 5.178121e+01 3.630146e+01
3.383789e-01 5.176309e+01 3.597524e+01
3.398438e-01 5.173975e+01 3.564970e+01
3.413086e-01 5.171122e+01 3.532486e+01
3.427734e-01 5.167753e+01 3.500077e+01
3.442383e-01 5.163870e+01 3.467745e+01
3.457031e-01 5.159477e+01 3.435494e+01
3.471680e-01 5.154577e+01 3.403328e+01
3.486328e-01 5.149173e+01 3.371251e+01
3.500977e-01 5.143270e+01 3.339267e+01
3.515625e-01 5.136873e+01 3.307378e+01
3.544922e-01 5.122610e+01 3.243905e+01
3.574219e-01 5.106423e+01 3.180861e+01
3.603516e-01 5.088354e+01 3.118277e+01
3.632812e-01 5.068447e+01 3.056181e+01
3.662109e-01 5.046749e+01 2.994603e+01
3.691406e-01 5.023309e+01 2.933569e+01
3.720703e-01 4.998179e+01 2.873108e+01
3.750000e-01 4.971412e+01 2.813244e+01
3.779297e-01 4.943064e+01 2.754003e+01
3.808594e-01 4.913190e+01 2.695407e+01
3.837891e-01 4.881849e+01 2.637481e+01
3.867188e-01 4.849099e+01 2.580244e+01
3.896484e-01 4.814998e+01 2.523716e+01
3.925781e-01 4.779608e+01 2.467915e+01
3.955078e-01 4.742989e+01 2.412860e+01
3.984375e-01 4.705200e+01 2.358565e+01
4.013672e-01 4.666303e+01 2.305044e+01
4.042969e-01 4.626358e+01 2.252312e+01
4.072266e-01 4.585425e+01 2.200379e+01
4.101562e-01 4.543565e+01 2.149256e+01
4.160156e-01 4.457299e+01 2.049475e+01
4.218750e-01 4.368031e+01 1.953027e+01
4.277344e-01 4.276216e+01 1.859951e+01
4.335938e-01 4.182298e+01 1.770268e+01
4.394531e-01 4.086704e+01 1.683985e+01
4.453125e-01 3.989842e+01 1.601091e+01
4.511719e-01 3.892101e+01 1.521564e+01
4.570312e-01 3.793850e+01 1.445368e+01
4.628906e-01 3.695438e+01 1.372459e+01
4.687500e-01 3.597192e+01 1.302780e+01
4.746094e-01 3.499411e+01 1.236268e+01
4.804688e-01 3.402379e+01 1.172850e+01
4.863281e-01 3.306356e+01 1.112451e+01
4.921875e-01 3.211578e+01 1.054988e+01
4.980469e-01 3.118264e+01 1.000374e+01
5.039062e-01 3.026608e+01 9.485207e+00
5.097656e-01 2.936787e+01 8.993351e+00
5.156250e-01 2.848958e+01 8.527235e+00
5.214844e-01 2.763258e+01 8.085911e+00
5.273438e-01 2.679807e+01 7.668424e+00
5.302734e-01 2.638959e+01 7.468321e+00
5.332031e-01 2.598710e+01 7.273819e+00
5.361328e-01 2.559071e+01 7.084801e+00
5.390625e-01 2.520051e+01 6.901147e+00
5.419922e-01 2.481660e+01 6.722742e+00
5.449219e-01 2.443905e+01 6.549467e+00
5.478516e-01 2.406792e+01 6.381207e+00
5.507812e-01 2.370327e+01 6.217849e+00
5.537109e-01 2.334516e+01 6.059277e+00
5.566406e-01 2.299363e+01 5.905379e+00
5.595703e-01 2.264870e+01 5.756044e+00
5.625000e-01 2.231042e+01 5.611162e+00
5.654297e-01 2.197880e+01 5.470624e+00
5.683594e-01 2.165385e+01 5.334323e+00
5.712891e-01 2.133559e+01 5.202152e+00
5.742188e-01 2.102401e+01 5.074007e+00
5.771484e-01 2.071912e+01 4.949785e+00
5.800781e-01 2.042089e+01 4.829384e+00
5.830078e-01 2.012931e+01 4.712705e+00
5.859375e-01 1.984436e+01 4.599649e+00
5.888672e-01 1.956602e+01 4.490120e+00
5.917969e-01 1.929425e+01 4.384022e+00
5.947266e-01 1.902902e+01 4.281263e+00
5.976562e-01 1.877029e+01 4.181751e+00
6.005859e-01 1.851801e+01 4.085395e+00
6.035156e-01 1.827213e+01 3.992108e+00
6.064453e-01 1.803260e+01 3.901802e+00
6.093750e-01 1.779937e+01 3.814394e+00
6.123047e-01 1.757238e+01 3.729800e+00
6.152344e-01 1.735156e+01 3.647939e+00
6.159668e-01 1.729732e+01 3.627891e+00
6.166992e-01 1.724345e+01 3.608008e+00
6.174316e-01 1.718996e+01 3.588288e+00
6.181641e-01 1.713685e+01 3.568730e+00
6.188965e-01 1.708412e+01 3.549334e+00
6.196289e-01 1.703177e+01 3.530096e+00
6.203613e-01 1.697979e+01 3.511018e+00
6.210938e-01 1.692819e+01 3.492097e+00
6.218262e-01 1.687696e+01 3.473332e+00
6.225586e-01 1.682610e+01 3.454722e+00
6.232910e-01 1.677561e+01 3.436265e+00
6.240234e-01 1.672549e+01 3.417962e+00
6.247559e-01 1.667574e+01 3.399810e+00
6.254883e-01 1.662636e+01 3.381808e+00
6.262207e-01 1.657734e+01 3.363955e+00
6.269531e-01 1.652869e+01 3.346251e+00
6.276855e-01 1.648040e+01 3.328693e+00
6.284180e-01 1.643248e+01 3.311281e+00
6.291504e-01 1.638492e+01 3.294014e+00
6.298828e-01 1.633771e+01 3.276890e+00
6.313477e-01 1.624438e+01 3.243070e+00
6.328125e-01 1.615248e+01 3.209810e+00
6.342773e-01 1.606200e+01 3.177103e+00
6.357422e-01 1.597292e+01 3.144940e+00
6.372070e-01 1.588523e+01 3.113312e+00
6.386719e-01 1.579894e+01 3.082211e+00
6.401367e-01 1.571402e+01 3.051630e+00
6.416016e-01 1.563046e+01 3.021559e+00
6.430664e-01 1.554826e+01 2.991991e+00
6.445312e-01 1.546740e+01 2.962917e+00
6.474609e-01 1.530967e+01 2.906223e+00
6.503906e-01 1.515719e+01 2.851414e+00
6.533203e-01 1.500986e+01 2.798430e+00
6.562500e-01 1.486760e+01 2.747214e+00
6.591797e-01 1.473032e+01 2.697707e+00
6.621094e-01 1.459793e+01 2.649854e+00
6.650391e-01 1.447034e+01 2.603601e+00
6.679688e-01 1.434744e+01 2.558894e+00
6.708984e-01 1.422916e+01 2.515683e+00
6.738281e-01 1.411541e+01 2.473918e+00
6.767578e-01 1.400607e+01 2.433548e+00
6.796875e-01 1.390108e+01 2.394528e+00
6.826172e-01 1.380032e+01 2.356812e+00
6.855469e-01 1.370371e+01 2.320353e+00
6.884766e-01 1.361116e+01 2.285110e+00
6.914062e-01 1.352258e+01 2.251039e+00
6.943359e-01 1.343786e+01 2.218099e+00
6.972656e-01 1.335692e+01 2.186251e+00
7.001953e-01 1.327968e+01 2.155456e+00
7.031250e-01 1.320602e+01 2.125676e+00
7.089844e-01 1.306915e+01 2.069017e+00
7.148438e-01 1.294558e+01 2.015995e+00
7.207031e-01 1.283462e+01 1.966348e+00
7.265625e-01 1.273556e+01 1.919828e+00
7.324219e-01 1.264773e+01 1.876205e+00
7.382812e-01 1.257047e+01 1.835261e+00
7.441406e-01 1.250311e+01 1.796793e+00
7.500000e-01 1.244502e+01 1.760611e+00
7.558594e-01 1.239560e+01 1.726536e+00
7.617188e-01 1.235423e+01 1.694403e+00
7.675781e-01 1.232035e+01 1.664056e+00
7.734375e-01 1.229338e+01 1.635352e+00
7.792969e-01 1.227279e+01 1.608154e+00
7.851562e-01 1.225805e+01 1.582339e+00
7.910156e-01 1.224866e+01 1.557789e+00
7.968750e-01 1.224413e+01 1.534397e+00
8.027344e-01 1.224400e+01 1.512062e+00
8.085938e-01 1.224782e+01 1.490693e+00
8.144531e-01 1.225517e+01 1.470202e+00
8.203125e-01 1.226563e+01 1.450512e+00
8.320312e-01 1.229437e+01 1.413244e+00
8.437500e-01 1.233115e+01 1.378371e+00
8.554688e-01 1.237338e+01 1.345458e+00
8.671875e-01 1.241871e+01 1.314137e+00
8.789062e-01 1.246509e+01 1.284104e+00
8.906250e-01 1.251069e+01 1.255109e+00
9.023438e-01 1.255391e+01 1.226945e+00
9.140625e-01 1.259340e+01 1.199448e+00
9.257812e-01 1.262798e+01 1.172484e+00
9.375000e-01 1.265665e+01 1.145952e+00
9.492188e-01 1.267861e+01 1.119771e+00
9.609375e-01 1.269320e+01 1.093884e+00
9.726562e-01 1.269991e+01 1.068248e+00
9.843750e-01 1.269836e+01 1.042837e+00
9.960938e-01 1.268826e+01 1.017635e+00
1.007812e+00 1.266947e+01 9.926340e-01
1.019531e+00 1.264191e+01 9.678359e-01
1.031250e+00 1.260559e+01 9.432468e-01
1.042969e+00 1.256059e+01 9.188774e-01
1.054688e+00 1.250706e+01 8.947419e-01
1.066406e+00 1.244520e+01 8.708564e-01
1.078125e+00 1.237525e+01 8.472388e-01
1.089844e+00 1.229750e+01 8.239074e-01
1.101562e+00 1.221226e+01 8.008809e-01
1.113281e+00 1.211988e+01 7.781775e-01
1.125000e+00 1.202072e+01 7.558151e-01
1.136719e+00 1.191516e+01 7.338105e-01
1.148438e+00 1.180358e+01 7.121792e-01
1.160156e+00 1.168639e+01 6.909358e-01
1.171875e+00 1.156399e+01 6.700932e-01
1.177734e+00 1.150096e+01 6.598259e-01
1.183594e+00 1.143677e+01 6.496631e-01
1.189453e+00 1.137148e+01 6.396059e-01
1.195312e+00 1.130513e+01 6.296554e-01
1.201172e+00 1.123778e+01 6.198128e-01
1.207031e+00 1.116948e+01 6.100789e-01
1.212891e+00 1.110026e+01 6.004546e-01
1.218750e+00 1.103019e+01 5.909406e-01
1.224609e+00 1.095930e+01 5.815376e-01
1.230469e+00 1.088764e+01 5.722462e-01
1.231934e+00 1.086962e+01 5.699408e-01
1.233398e+00 1.085154e+01 5.676425e-01
1.234863e+00 1.083343e+01 5.653512e-01
1.236328e+00 1.081527e+01 5.630669e-01
1.237793e+00 1.079707e+01 5.607896e-01
1.239258e+00 1.077883e+01 5.585194e-01
1.240723e+00 1.076054e+01 5.562562e-01
1.242188e+00 1.074222e+01 5.540000e-01
1.243652e+00 1.072386e+01 5.517510e-01
1.245117e+00 1.070545e+01 5.495089e-01
1.246582e+00 1.068701e+01 5.472740e-01
1.248047e+00 1.066854e+01 5.450461e-01
1.249512e+00 1.065002e+01 5.428252e-01
1.250977e+00 1.063147e+01 5.406115e-01
1.252441e+00 1.061289e+01 5.384048e-01
1.253906e+00 1.059427e+01 5.362052e-01
1.255371e+00 1.057562e+01 5.340126e-01
1.256836e+00 1.055693e+01 5.318272e-01
1.258301e+00 1.053821e+01 5.296488e-01
1.259766e+00 1.051946e+01 5.274775e-01
1.262695e+00 1.048186e+01 5.231561e-01
1.265625e+00 1.044414e+01 5.188631e-01
1.268555e+00 1.040631e+01 5.145984e-01
1.271484e+00 1.036836e+01 5.103620e-01
1.274414e+00 1.033032e+01 5.061540e-01
1.277344e+00 1.029217e+01 5.019743e-01
1.280273e+00 1.025392e+01 4.978228e-01
1.283203e+00 1.021559e+01 4.936997e-01
1.286133e+00 1.017717e+01 4.896047e-01
1.289062e+00 1.013867e+01 4.855381e-01
1.300781e+00 9.983960e+00 4.695528e-01
1.312500e+00 9.828323e+00 4.540158e-01
1.324219e+00 9.672042e+00 4.389235e-01
1.335938e+00 9.515378e+00 4.242715e-01
1.347656e+00 9.358581e+00 4.100548e-01
1.359375e+00 9.201886e+00 3.962675e-01
1.371094e+00 9.045513e+00 3.829032e-01
1.382812e+00 8.889668e+00 3.699552e-01
1.394531e+00 8.734544e+00 3.574159e-01
1.406250e+00 8.580321e+00 3.452778e-01
1.417969e+00 8.427164e+00 3.335326e-01
1.429688e+00 8.275227e+00 3.221720e-01
1.441406e+00 8.124652e+00 3.111875e-01
1.453125e+00 7.975568e+00 3.005701e-01
1.464844e+00 7.828094e+00 2.903110e-01
1.476562e+00 7.682336e+00 2.804011e-01
1.488281e+00 7.538393e+00 2.708313e-01
1.500000e+00 7.396352e+00 2.615924e-01
1.511719e+00 7.256290e+00 2.526753e-01
1.523438e+00 7.118276e+00 2.440707e-01
1.529297e+00 7.050057e+00 2.398828e-01
1.535156e+00 6.982372e+00 2.357697e-01
1.541016e+00 6.915228e+00 2.317301e-01
1.546875e+00 6.848629e+00 2.277631e-01
1.552734e+00 6.782583e+00 2.238674e-01
1.558594e+00 6.717093e+00 2.200420e-01
1.564453e+00 6.652165e+00 2.162858e-01
1.570312e+00 6.587802e+00 2.125977e-01
1.576172e+00 6.524008e+00 2.089765e-01
1.582031e+00 6.460786e+00 2.054212e-01
1.587891e+00 6.398139e+00 2.019308e-01
1.593750e+00 6.336070e+00 1.985042e-01
1.599609e+00 6.274581e+00 1.951403e-01
1.605469e+00 6.213673e+00 1.918381e-01
1.611328e+00 6.153349e+00 1.885965e-01
1.617188e+00 6.093610e+00 1.854146e-01
1.623047e+00 6.034455e+00 1.822914e-01
1.628906e+00 5.975887e+00 1.792257e-01
1.634766e+00 5.917905e+00 1.762167e-01
1.640625e+00 5.860509e+00 1.732634e-01
1.664062e+00 5.636778e+00 1.619876e-01
1.687500e+00 5.422363e+00 1.515274e-01
1.710938e+00 5.217153e+00 1.418259e-01
1.734375e+00 5.020992e+00 1.328292e-01
1.757812e+00 4.833681e+00 1.244867e-01
1.781250e+00 4.654994e+00 1.167507e-01
1.804688e+00 4.484678e+00 1.095765e-01
1.828125e+00 4.322459e+00 1.029222e-01
1.851562e+00 4.168051e+00 9.674899e-02
1.875000e+00 4.021157e+00 9.102038e-02
1.898438e+00 3.881471e+00 8.570257e-02
1.921875e+00 3.748686e+00 8.076421e-02
1.945312e+00 3.622495e+00 7.617617e-02
1.968750e+00 3.502590e+00 7.191149e-02
1.992188e+00 3.388669e+00 6.794522e-02
2.015625e+00 3.280436e+00 6.425431e-02
2.039062e+00 3.177601e+00 6.081747e-02
2.062500e+00 3.079881e+00 5.761507e-02
2.085938e+00 2.987003e+00 5.462900e-02
2.109375e+00 2.898704e+00 5.184256e-02
2.132812e+00 2.814729e+00 4.924038e-02
2.156250e+00 2.734835e+00 4.680831e-02
2.179688e+00 2.658787e+00 4.453334e-02
2.203125e+00 2.586364e+00 4.240347e-02
2.226562e+00 2.517351e+00 4.040770e-02
2.250000e+00 2.451548e+00 3.853590e-02
2.273438e+00 2.388762e+00 3.677874e-02
2.296875e+00 2.328811e+00 3.512769e-02
2.320312e+00 2.271523e+00 3.357486e-02
2.343750e+00 2.216735e+00 3.211303e-02
2.355469e+00 2.190231e+00 3.141415e-02
2.367188e+00 2.164295e+00 3.073556e-02
2.378906e+00 2.138909e+00 3.007653e-02
2.390625e+00 2.114056e+00 2.943634e-02
2.402344e+00 2.089721e+00 2.881430e-02
2.414062e+00 2.065885e+00 2.820975e-02
2.425781e+00 2.042534e+00 2.762206e-02
2.437500e+00 2.019651e+00 2.705063e-02
2.449219e+00 1.997224e+00 2.649486e-02
2.460938e+00 1.975236e+00 2.595422e-02
2.466797e+00 1.964403e+00 2.568940e-02
2.472656e+00 1.953675e+00 2.542816e-02
2.478516e+00 1.943049e+00 2.517043e-02
2.484375e+00 1.932526e+00 2.491616e-02
2.490234e+00 1.922102e+00 2.466528e-02
2.496094e+00 1.911777e+00 2.441774e-02
2.501953e+00 1.901548e+00 2.417347e-02
2.507812e+00 1.891415e+00 2.393243e-02
2.513672e+00 1.881375e+00 2.369454e-02
2.519531e+00 1.871428e+00 2.345977e-02
2.525391e+00 1.861571e+00 2.322804e-02
2.531250e+00 1.851804e+00 2.299932e-02
2.537109e+00 1.842125e+00 2.277355e-02
2.542969e+00 1.832532e+00 2.255068e-02
2.548828e+00 1.823025e+00 2.233066e-02
2.554688e+00 1.813601e+00 2.211345e-02
2.560547e+00 1.804260e+00 2.189898e-02
2.566406e+00 1.795001e+00 2.168722e-02
2.572266e+00 1.785821e+00 2.147813e-02
2.578125e+00 1.776720e+00 2.127165e-02
2.601562e+00 1.741079e+00 2.047105e-02
2.625000e+00 1.706603e+00 1.970898e-02
2.648438e+00 1.673222e+00 1.898297e-02
2.671875e+00 1.640869e+00 1.829076e-02
2.695312e+00 1.609484e+00 1.763025e-02
2.718750e+00 1.579010e+00 1.699951e-02
2.742188e+00 1.549394e+00 1.639674e-02
2.765625e+00 1.520586e+00 1.582029e-02
2.789062e+00 1.492542e+00 1.526863e-02
2.812500e+00 1.465218e+00 1.474033e-02
2.859375e+00 1.412576e+00 1.374864e-02
2.906250e+00 1.362379e+00 1.283578e-02
2.953125e+00 1.314384e+00 1.199357e-02
3.000000e+00 1.268382e+00 1.121496e-02
3.046875e+00 1.224195e+00 1.049377e-02
3.093750e+00 1.181670e+00 9.824623e-03
3.140625e+00 1.140676e+00 9.202806e-03
3.187500e+00 1.101101e+00 8.624164e-03
3.234375e+00 1.062850e+00 8.085024e-03
3.281250e+00 1.025840e+00 7.582127e-03
3.328125e+00 9.900007e-01 7.112567e-03
3.375000e+00 9.552722e-01 6.673746e-03
3.421875e+00 9.216019e-01 6.263329e-03
3.468750e+00 8.889449e-01 5.879210e-03
3.515625e+00 8.572617e-01 5.519484e-03
3.562500e+00 8.265180e-01 5.182421e-03
3.609375e+00 7.966833e-01 4.866445e-03
3.656250e+00 7.677306e-01 4.570116e-03
3.703125e+00 7.396355e-01 4.292113e-03
3.750000e+00 7.123760e-01 4.031224e-03
3.843750e+00 6.602836e-01 3.556398e-03
3.937500e+00 6.113061e-01 3.137673e-03
4.031250e+00 5.653109e-01 2.768204e-03
4.125000e+00 5.221741e-01 2.442067e-03
4.218750e+00 4.817767e-01 2.154112e-03
4.312500e+00 4.440019e-01 1.899839e-03
4.406250e+00 4.087343e-01 1.675301e-03
4.500000e+00 3.758587e-01 1.477031e-03
4.593750e+00 3.452604e-01 1.301974e-03
4.687500e+00 3.168253e-01 1.147433e-03
4.734375e+00 3.033834e-01 1.077102e-03
4.781250e+00 2.904399e-01 1.011029e-03
4.828125e+00 2.779809e-01 9.489603e-04
4.875000e+00 2.659925e-01 8.906565e-04
4.921875e+00 2.544609e-01 8.358919e-04
4.968750e+00 2.433727e-01 7.844545e-04
5.015625e+00 2.327145e-01 7.361451e-04
5.062500e+00 2.224730e-01 6.907761e-04
5.109375e+00 2.126351e-01 6.481709e-04
5.156250e+00 2.031880e-01 6.081635e-04
5.203125e+00 1.941192e-01 5.705978e-04
5.250000e+00 1.854161e-01 5.353269e-04
5.296875e+00 1.770667e-01 5.022126e-04
5.343750e+00 1.690589e-01 4.711247e-04
5.390625e+00 1.613811e-01 4.419412e-04
5.437500e+00 1.540217e-01 4.145468e-04
5.484375e+00 1.469697e-01 3.888335e-04
5.531250e+00 1.402140e-01 3.646994e-04
5.578125e+00 1.337440e-01 3.420488e-04
5.625000e+00 1.275493e-01 3.207918e-04
5.718750e+00 1.159454e-01 2.821249e-04
5.812500e+00 1.053243e-01 2.480805e-04
5.906250e+00 9.561230e-02 2.181124e-04
6.000000e+00 8.674011e-02 1.917377e-04
6.093750e+00 7.864245e-02 1.685303e-04
6.187500e+00 7.125819e-02 1.481135e-04
6.281250e+00 6.453014e-02 1.301549e-04
6.375000e+00 5.840495e-02 1.143614e-04
6.468750e+00 5.283294e-02 1.004741e-04
6.562500e+00 4.776793e-02 8.826488e-05
6.656250e+00 4.316710e-02 7.753250e-05
6.750000e+00 3.899080e-02 6.809962e-05
6.843750e+00 3.520235e-02 5.980997e-05
6.937500e+00 3.176794e-02 5.252587e-05
7.031250e+00 2.865638e-02 4.612607e-05
7.125000e+00 2.583898e-02 4.050381e-05
7.218750e+00 2.328938e-02 3.556510e-05
7.312500e+00 2.098337e-02 3.122724e-05
7.406250e+00 1.889877e-02 2.741745e-05
7.500000e+00 1.701528e-02 2.407170e-05
7.687500e+00 1.377888e-02 1.855384e-05
7.875000e+00 1.114407e-02 1.429989e-05
8.062500e+00 9.002602e-03 1.102094e-05
8.250000e+00 7.264817e-03 8.493895e-06
8.437500e+00 5.856648e-03 6.546538e-06
8.625000e+00 4.717091e-03 5.045987e-06
8.812500e+00 3.796033e-03 3.889751e-06
9.000000e+00 3.052416e-03 2.998809e-06
9.187500e+00 2.452681e-03 2.312259e-06
9.375000e+00 1.969455e-03 1.783174e-06
9.562500e+00 1.580454e-03 1.375400e-06
9.750000e+00 1.267562e-03 1.061085e-06
9.937500e+00 1.016082e-03 8.187750e-07
1.012500e+01 8.140982e-04 6.319415e-07
1.031250e+01 6.519687e-04 4.878530e-07
1.050000e+01 5.219048e-04 3.767062e-07
1.068750e+01 4.176259e-04 2.909546e-07
1.087500e+01 3.340682e-04 2.247847e-07
1.106250e+01 2.671444e-04 1.737119e-07
1.125000e+01 2.135645e-04 1.342809e-07
1.162500e+01 1.363801e-04 8.030735e-08
1.200000e+01 8.700815e-05 4.808256e-08
1.237500e+01 5.546259e-05 2.882039e-08
1.275000e+01 3.532844e-05 1.729395e-08
1.312500e+01 2.249154e-05 1.038988e-08
1.350000e+01 1.431369e-05 6.249914e-09
1.387500e+01 9.106008e-06 3.764022e-09
1.425000e+01 5.790922e-06 2.269385e-09
1.462500e+01 3.680850e-06 1.369451e-09
1.500000e+01 2.339380e-06 8.273865e-10
1.575000e+01 9.440773e-07 3.028563e-10
1.650000e+01 3.813676e-07 1.114721e-10
1.725000e+01 1.540052e-07 4.118577e-11
1.800000e+01 6.182511e-08 1.518483e-11
1.875000e+01 2.522757e-08 5.710354e-12
1.950000e+01 1.051488e-08 2.200520e-12
2.025000e+01 4.026804e-09 7.814488e-13
2.100000e+01 1.783688e-09 3.218626e-13
2.175000e+01 1.111965e-09 1.870522e-13
2.250000e+01 4.908113e-10 7.715067e-14
2.325000e+01 3.424043e-10 5.040614e-14
2.400000e+01 2.808357e-10 3.879895e-14
2.475000e+01 2.453924e-10 3.187872e-14
2.550000e+01 2.115651e-10 2.589130e-14
2.625000e+01 1.714765e-10 1.980324e-14
2.700000e+01 1.254475e-10 1.369382e-14
2.775000e+01 7.844763e-11 8.106698e-15
2.850000e+01 3.766271e-11 3.689878e-15
2.925000e+01 9.895511e-12 9.204000e-16
3.000000e+01 3.631901e-282 3.211306e-286
