# 
# Output from RAtom program.
# 
# Total radial electron density.
# The first column contains radius $r$ in bohr units.
# The second column holds $\rho(r)$.
# The third column holds $\tilde{\rho}(r) = \rho(r) / (\pi * r * r)$
# 
# Use this file with gnuplot to create the plot.
# 
# R     Rho     RhoTilde
#
0.000000e+00 0.000000e+00 6.154224e+03
3.662109e-04 1.021327e-02 6.060276e+03
7.324219e-04 4.022959e-02 5.967785e+03
1.098633e-03 8.913523e-02 5.876712e+03
1.464844e-03 1.560445e-01 5.787035e+03
1.831055e-03 2.400992e-01 5.698733e+03
2.197266e-03 3.404677e-01 5.611784e+03
2.563477e-03 4.563445e-01 5.526170e+03
2.929688e-03 5.869492e-01 5.441869e+03
3.295898e-03 7.315264e-01 5.358861e+03
3.662109e-03 8.893446e-01 5.277127e+03
4.028320e-03 1.059696e+00 5.196648e+03
4.394531e-03 1.241894e+00 5.117404e+03
4.760742e-03 1.435278e+00 5.039376e+03
5.126953e-03 1.639204e+00 4.962546e+03
5.493164e-03 1.853054e+00 4.886897e+03
5.859375e-03 2.076228e+00 4.812409e+03
6.225586e-03 2.308144e+00 4.739065e+03
6.591797e-03 2.548245e+00 4.666848e+03
6.958008e-03 2.795987e+00 4.595741e+03
7.324219e-03 3.050849e+00 4.525726e+03
8.056641e-03 3.579929e+00 4.388908e+03
8.789062e-03 4.131651e+00 4.256265e+03
9.521484e-03 4.702448e+00 4.127669e+03
1.025391e-02 5.289004e+00 4.002998e+03
1.098633e-02 5.888239e+00 3.882133e+03
1.171875e-02 6.497297e+00 3.764959e+03
1.245117e-02 7.113534e+00 3.651364e+03
1.318359e-02 7.734507e+00 3.541238e+03
1.391602e-02 8.357962e+00 3.434478e+03
1.464844e-02 8.981821e+00 3.330979e+03
1.538086e-02 9.604179e+00 3.230644e+03
1.611328e-02 1.022328e+01 3.133377e+03
1.684570e-02 1.083754e+01 3.039083e+03
1.757812e-02 1.144549e+01 2.947673e+03
1.831055e-02 1.204580e+01 2.859058e+03
1.904297e-02 1.263727e+01 2.773155e+03
1.977539e-02 1.321882e+01 2.689879e+03
2.050781e-02 1.378948e+01 2.609152e+03
2.124023e-02 1.434838e+01 2.530896e+03
2.197266e-02 1.489473e+01 2.455035e+03
2.270508e-02 1.542786e+01 2.381497e+03
2.343750e-02 1.594718e+01 2.310210e+03
2.416992e-02 1.645216e+01 2.241106e+03
2.490234e-02 1.694235e+01 2.174120e+03
2.563477e-02 1.741740e+01 2.109185e+03
2.636719e-02 1.787698e+01 2.046240e+03
2.709961e-02 1.832085e+01 1.985224e+03
2.783203e-02 1.874881e+01 1.926079e+03
2.856445e-02 1.916073e+01 1.868746e+03
2.929688e-02 1.955651e+01 1.813172e+03
3.002930e-02 1.993611e+01 1.759301e+03
3.076172e-02 2.029952e+01 1.707084e+03
3.149414e-02 2.064678e+01 1.656468e+03
3.222656e-02 2.097795e+01 1.607405e+03
3.295898e-02 2.129314e+01 1.559848e+03
3.369141e-02 2.159248e+01 1.513751e+03
3.442383e-02 2.187612e+01 1.469069e+03
3.515625e-02 2.214425e+01 1.425759e+03
3.588867e-02 2.239708e+01 1.383779e+03
3.662109e-02 2.263484e+01 1.343089e+03
3.698730e-02 2.274814e+01 1.323216e+03
3.735352e-02 2.285776e+01 1.303650e+03
3.771973e-02 2.296375e+01 1.284387e+03
3.808594e-02 2.306612e+01 1.265422e+03
3.845215e-02 2.316493e+01 1.246751e+03
3.881836e-02 2.326019e+01 1.228370e+03
3.918457e-02 2.335196e+01 1.210273e+03
3.955078e-02 2.344027e+01 1.192457e+03
3.991699e-02 2.352515e+01 1.174916e+03
4.028320e-02 2.360665e+01 1.157648e+03
4.064941e-02 2.368480e+01 1.140647e+03
4.101562e-02 2.375965e+01 1.123910e+03
4.138184e-02 2.383123e+01 1.107432e+03
4.174805e-02 2.389959e+01 1.091210e+03
4.211426e-02 2.396477e+01 1.075239e+03
4.248047e-02 2.402681e+01 1.059517e+03
4.284668e-02 2.408576e+01 1.044037e+03
4.321289e-02 2.414164e+01 1.028799e+03
4.357910e-02 2.419452e+01 1.013796e+03
4.394531e-02 2.424443e+01 9.990265e+02
4.541016e-02 2.441525e+01 9.422048e+02
4.687500e-02 2.454209e+01 8.888308e+02
4.833984e-02 2.462779e+01 8.386969e+02
4.980469e-02 2.467519e+01 7.916079e+02
5.126953e-02 2.468711e+01 7.473803e+02
5.273438e-02 2.466635e+01 7.058417e+02
5.419922e-02 2.461563e+01 6.668300e+02
5.566406e-02 2.453765e+01 6.301925e+02
5.712891e-02 2.443498e+01 5.957860e+02
5.859375e-02 2.431015e+01 5.634757e+02
6.005859e-02 2.416558e+01 5.331349e+02
6.152344e-02 2.400361e+01 5.046444e+02
6.298828e-02 2.382645e+01 4.778923e+02
6.445312e-02 2.363625e+01 4.527732e+02
6.591797e-02 2.343501e+01 4.291881e+02
6.738281e-02 2.322466e+01 4.070439e+02
6.884766e-02 2.300701e+01 3.862531e+02
7.031250e-02 2.278376e+01 3.667335e+02
7.177734e-02 2.255653e+01 3.484076e+02
7.324219e-02 2.232679e+01 3.312027e+02
7.360840e-02 2.226913e+01 3.270685e+02
7.397461e-02 2.221143e+01 3.229991e+02
7.434082e-02 2.215370e+01 3.189934e+02
7.470703e-02 2.209596e+01 3.150504e+02
7.507324e-02 2.203823e+01 3.111692e+02
7.543945e-02 2.198054e+01 3.073488e+02
7.580566e-02 2.192290e+01 3.035882e+02
7.617188e-02 2.186533e+01 2.998865e+02
7.653809e-02 2.180785e+01 2.962427e+02
7.690430e-02 2.175047e+01 2.926561e+02
7.727051e-02 2.169322e+01 2.891256e+02
7.763672e-02 2.163610e+01 2.856504e+02
7.800293e-02 2.157915e+01 2.822296e+02
7.836914e-02 2.152237e+01 2.788624e+02
7.873535e-02 2.146578e+01 2.755479e+02
7.910156e-02 2.140939e+01 2.722854e+02
7.946777e-02 2.135323e+01 2.690739e+02
7.983398e-02 2.129730e+01 2.659127e+02
8.020020e-02 2.124162e+01 2.628010e+02
8.056641e-02 2.118621e+01 2.597380e+02
8.129883e-02 2.107625e+01 2.537551e+02
8.203125e-02 2.096750e+01 2.479581e+02
8.276367e-02 2.086009e+01 2.423410e+02
8.349609e-02 2.075411e+01 2.368983e+02
8.422852e-02 2.064965e+01 2.316245e+02
8.496094e-02 2.054680e+01 2.265144e+02
8.569336e-02 2.044565e+01 2.215627e+02
8.642578e-02 2.034627e+01 2.167646e+02
8.715820e-02 2.024875e+01 2.121152e+02
8.789062e-02 2.015314e+01 2.076097e+02
8.935547e-02 1.996795e+01 1.990130e+02
9.082031e-02 1.979119e+01 1.909396e+02
9.228516e-02 1.962328e+01 1.833572e+02
9.375000e-02 1.946458e+01 1.762352e+02
9.521484e-02 1.931538e+01 1.695447e+02
9.667969e-02 1.917595e+01 1.632587e+02
9.814453e-02 1.904647e+01 1.573520e+02
9.960938e-02 1.892710e+01 1.518007e+02
1.010742e-01 1.881796e+01 1.465824e+02
1.025391e-01 1.871910e+01 1.416760e+02
1.040039e-01 1.863055e+01 1.370618e+02
1.054688e-01 1.855231e+01 1.327213e+02
1.069336e-01 1.848435e+01 1.286370e+02
1.083984e-01 1.842658e+01 1.247926e+02
1.098633e-01 1.837891e+01 1.211727e+02
1.113281e-01 1.834121e+01 1.177629e+02
1.127930e-01 1.831334e+01 1.145496e+02
1.142578e-01 1.829513e+01 1.115203e+02
1.157227e-01 1.828638e+01 1.086629e+02
1.171875e-01 1.828689e+01 1.059662e+02
1.186523e-01 1.829644e+01 1.034199e+02
1.201172e-01 1.831478e+01 1.010140e+02
1.215820e-01 1.834167e+01 9.873936e+01
1.230469e-01 1.837685e+01 9.658728e+01
1.245117e-01 1.842003e+01 9.454968e+01
1.259766e-01 1.847095e+01 9.261894e+01
1.274414e-01 1.852931e+01 9.078796e+01
1.289062e-01 1.859482e+01 8.905005e+01
1.303711e-01 1.866718e+01 8.739898e+01
1.318359e-01 1.874610e+01 8.582887e+01
1.333008e-01 1.883126e+01 8.433427e+01
1.347656e-01 1.892236e+01 8.291003e+01
1.362305e-01 1.901908e+01 8.155137e+01
1.376953e-01 1.912114e+01 8.025378e+01
1.391602e-01 1.922820e+01 7.901307e+01
1.406250e-01 1.933997e+01 7.782532e+01
1.420898e-01 1.945615e+01 7.668686e+01
1.435547e-01 1.957642e+01 7.559425e+01
1.450195e-01 1.970050e+01 7.454430e+01
1.464844e-01 1.982808e+01 7.353402e+01
1.472168e-01 1.989310e+01 7.304287e+01
1.479492e-01 1.995888e+01 7.256061e+01
1.486816e-01 2.002539e+01 7.208692e+01
1.494141e-01 2.009260e+01 7.162148e+01
1.501465e-01 2.016047e+01 7.116401e+01
1.508789e-01 2.022896e+01 7.071421e+01
1.516113e-01 2.029805e+01 7.027180e+01
1.523438e-01 2.036769e+01 6.983652e+01
1.530762e-01 2.043785e+01 6.940811e+01
1.538086e-01 2.050851e+01 6.898632e+01
1.541748e-01 2.054401e+01 6.877783e+01
1.545410e-01 2.057962e+01 6.857090e+01
1.549072e-01 2.061533e+01 6.836551e+01
1.552734e-01 2.065115e+01 6.816164e+01
1.556396e-01 2.068706e+01 6.795924e+01
1.560059e-01 2.072307e+01 6.775829e+01
1.563721e-01 2.075917e+01 6.755877e+01
1.567383e-01 2.079535e+01 6.736065e+01
1.571045e-01 2.083162e+01 6.716390e+01
1.574707e-01 2.086796e+01 6.696850e+01
1.578369e-01 2.090437e+01 6.677442e+01
1.582031e-01 2.094086e+01 6.658164e+01
1.585693e-01 2.097741e+01 6.639014e+01
1.589355e-01 2.101402e+01 6.619989e+01
1.593018e-01 2.105070e+01 6.601087e+01
1.596680e-01 2.108742e+01 6.582306e+01
1.600342e-01 2.112420e+01 6.563642e+01
1.604004e-01 2.116102e+01 6.545095e+01
1.607666e-01 2.119789e+01 6.526662e+01
1.611328e-01 2.123480e+01 6.508341e+01
1.625977e-01 2.138275e+01 6.436135e+01
1.640625e-01 2.153105e+01 6.365561e+01
1.655273e-01 2.167947e+01 6.296501e+01
1.669922e-01 2.182779e+01 6.228846e+01
1.684570e-01 2.197581e+01 6.162497e+01
1.699219e-01 2.212332e+01 6.097359e+01
1.713867e-01 2.227012e+01 6.033348e+01
1.728516e-01 2.241603e+01 5.970383e+01
1.743164e-01 2.256086e+01 5.908391e+01
1.757812e-01 2.270443e+01 5.847304e+01
1.787109e-01 2.298715e+01 5.727605e+01
1.816406e-01 2.326291e+01 5.610844e+01
1.845703e-01 2.353054e+01 5.496654e+01
1.875000e-01 2.378898e+01 5.384724e+01
1.904297e-01 2.403727e+01 5.274800e+01
1.933594e-01 2.427454e+01 5.166669e+01
1.962891e-01 2.450002e+01 5.060161e+01
1.992188e-01 2.471303e+01 4.955137e+01
2.021484e-01 2.491298e+01 4.851488e+01
2.050781e-01 2.509936e+01 4.749130e+01
2.080078e-01 2.527173e+01 4.647997e+01
2.109375e-01 2.542975e+01 4.548045e+01
2.138672e-01 2.557314e+01 4.449240e+01
2.167969e-01 2.570166e+01 4.351563e+01
2.197266e-01 2.581517e+01 4.255005e+01
2.226562e-01 2.591358e+01 4.159563e+01
2.255859e-01 2.599684e+01 4.065244e+01
2.285156e-01 2.606496e+01 3.972056e+01
2.314453e-01 2.611801e+01 3.880015e+01
2.343750e-01 2.615608e+01 3.789137e+01
2.373047e-01 2.617933e+01 3.699441e+01
2.402344e-01 2.618794e+01 3.610947e+01
2.431641e-01 2.618211e+01 3.523677e+01
2.460938e-01 2.616211e+01 3.437650e+01
2.490234e-01 2.612820e+01 3.352889e+01
2.519531e-01 2.608068e+01 3.269412e+01
2.548828e-01 2.601989e+01 3.187238e+01
2.578125e-01 2.594616e+01 3.106386e+01
2.607422e-01 2.585987e+01 3.026870e+01
2.636719e-01 2.576138e+01 2.948707e+01
2.666016e-01 2.565109e+01 2.871908e+01
2.695312e-01 2.552941e+01 2.796486e+01
2.724609e-01 2.539674e+01 2.722448e+01
2.753906e-01 2.525352e+01 2.649804e+01
2.783203e-01 2.510016e+01 2.578558e+01
2.812500e-01 2.493711e+01 2.508714e+01
2.841797e-01 2.476480e+01 2.440275e+01
2.871094e-01 2.458366e+01 2.373241e+01
2.900391e-01 2.439414e+01 2.307611e+01
2.929688e-01 2.419667e+01 2.243382e+01
2.944336e-01 2.409510e+01 2.211791e+01
2.958984e-01 2.399170e+01 2.180549e+01
2.973633e-01 2.388654e+01 2.149654e+01
2.988281e-01 2.377965e+01 2.119106e+01
3.002930e-01 2.367111e+01 2.088904e+01
3.017578e-01 2.356097e+01 2.059047e+01
3.032227e-01 2.344926e+01 2.029533e+01
3.046875e-01 2.333606e+01 2.000361e+01
3.061523e-01 2.322141e+01 1.971531e+01
3.076172e-01 2.310536e+01 1.943040e+01
3.083496e-01 2.304683e+01 1.928921e+01
3.090820e-01 2.298797e+01 1.914887e+01
3.098145e-01 2.292879e+01 1.900938e+01
3.105469e-01 2.286929e+01 1.887072e+01
3.112793e-01 2.280947e+01 1.873290e+01
3.120117e-01 2.274936e+01 1.859591e+01
3.127441e-01 2.268895e+01 1.845976e+01
3.134766e-01 2.262824e+01 1.832444e+01
3.142090e-01 2.256725e+01 1.818995e+01
3.149414e-01 2.250598e+01 1.805629e+01
3.156738e-01 2.244444e+01 1.792346e+01
3.164062e-01 2.238263e+01 1.779144e+01
3.171387e-01 2.232056e+01 1.766025e+01
3.178711e-01 2.225824e+01 1.752988e+01
3.186035e-01 2.219567e+01 1.740032e+01
3.193359e-01 2.213285e+01 1.727157e+01
3.200684e-01 2.206980e+01 1.714364e+01
3.208008e-01 2.200652e+01 1.701652e+01
3.215332e-01 2.194301e+01 1.689020e+01
3.222656e-01 2.187929e+01 1.676468e+01
3.251953e-01 2.162232e+01 1.627061e+01
3.281250e-01 2.136232e+01 1.578919e+01
3.310547e-01 2.109965e+01 1.532025e+01
3.339844e-01 2.083466e+01 1.486361e+01
3.369141e-01 2.056769e+01 1.441907e+01
3.398438e-01 2.029908e+01 1.398646e+01
3.427734e-01 2.002914e+01 1.356557e+01
3.457031e-01 1.975820e+01 1.315621e+01
3.486328e-01 1.948655e+01 1.275818e+01
3.515625e-01 1.921449e+01 1.237126e+01
3.574219e-01 1.867026e+01 1.162996e+01
3.632812e-01 1.812764e+01 1.093063e+01
3.691406e-01 1.758860e+01 1.027159e+01
3.750000e-01 1.705498e+01 9.651145e+00
3.808594e-01 1.652843e+01 9.067600e+00
3.867188e-01 1.601045e+01 8.519289e+00
3.925781e-01 1.550242e+01 8.004560e+00
3.984375e-01 1.500554e+01 7.521795e+00
4.042969e-01 1.452090e+01 7.069407e+00
4.101562e-01 1.404945e+01 6.645852e+00
4.130859e-01 1.381892e+01 6.444415e+00
4.160156e-01 1.359199e+01 6.249626e+00
4.189453e-01 1.336874e+01 6.061304e+00
4.218750e-01 1.314925e+01 5.879271e+00
4.248047e-01 1.293358e+01 5.703354e+00
4.277344e-01 1.272180e+01 5.533380e+00
4.306641e-01 1.251397e+01 5.369181e+00
4.335938e-01 1.231014e+01 5.210592e+00
4.365234e-01 1.211035e+01 5.057452e+00
4.394531e-01 1.191464e+01 4.909600e+00
4.423828e-01 1.172305e+01 4.766882e+00
4.453125e-01 1.153561e+01 4.629146e+00
4.482422e-01 1.135233e+01 4.496242e+00
4.511719e-01 1.117324e+01 4.368025e+00
4.541016e-01 1.099834e+01 4.244352e+00
4.570312e-01 1.082766e+01 4.125084e+00
4.599609e-01 1.066118e+01 4.010085e+00
4.628906e-01 1.049892e+01 3.899222e+00
4.658203e-01 1.034086e+01 3.792364e+00
4.687500e-01 1.018701e+01 3.689386e+00
4.716797e-01 1.003734e+01 3.590164e+00
4.746094e-01 9.891838e+00 3.494576e+00
4.775391e-01 9.750493e+00 3.402506e+00
4.804688e-01 9.613279e+00 3.313839e+00
4.833984e-01 9.480170e+00 3.228463e+00
4.863281e-01 9.351140e+00 3.146269e+00
4.892578e-01 9.226156e+00 3.067153e+00
4.921875e-01 9.105185e+00 2.991009e+00
4.951172e-01 8.988192e+00 2.917739e+00
4.980469e-01 8.875138e+00 2.847245e+00
5.009766e-01 8.765983e+00 2.779431e+00
5.039062e-01 8.660684e+00 2.714206e+00
5.068359e-01 8.559197e+00 2.651480e+00
5.097656e-01 8.461476e+00 2.591165e+00
5.126953e-01 8.367471e+00 2.533178e+00
5.156250e-01 8.277135e+00 2.477435e+00
5.185547e-01 8.190416e+00 2.423857e+00
5.214844e-01 8.107261e+00 2.372366e+00
5.244141e-01 8.027618e+00 2.322887e+00
5.273438e-01 7.951430e+00 2.275348e+00
5.332031e-01 7.809200e+00 2.185804e+00
5.390625e-01 7.680113e+00 2.103195e+00
5.449219e-01 7.563700e+00 2.027010e+00
5.507812e-01 7.459483e+00 1.956774e+00
5.566406e-01 7.366975e+00 1.892037e+00
5.625000e-01 7.285685e+00 1.832380e+00
5.683594e-01 7.215119e+00 1.777410e+00
5.742188e-01 7.154785e+00 1.726760e+00
5.800781e-01 7.104188e+00 1.680086e+00
5.859375e-01 7.062838e+00 1.637068e+00
5.888672e-01 7.045479e+00 1.616836e+00
5.917969e-01 7.030249e+00 1.597407e+00
5.947266e-01 7.017089e+00 1.578747e+00
5.976562e-01 7.005940e+00 1.560823e+00
6.005859e-01 6.996742e+00 1.543603e+00
6.035156e-01 6.989437e+00 1.527057e+00
6.064453e-01 6.983967e+00 1.511155e+00
6.093750e-01 6.980273e+00 1.495868e+00
6.123047e-01 6.978300e+00 1.481169e+00
6.152344e-01 6.977991e+00 1.467031e+00
6.166992e-01 6.978442e+00 1.460165e+00
6.181641e-01 6.979289e+00 1.453429e+00
6.196289e-01 6.980524e+00 1.446821e+00
6.210938e-01 6.982141e+00 1.440338e+00
6.225586e-01 6.984131e+00 1.433977e+00
6.240234e-01 6.986490e+00 1.427734e+00
6.254883e-01 6.989210e+00 1.421608e+00
6.269531e-01 6.992284e+00 1.415595e+00
6.284180e-01 6.995706e+00 1.409693e+00
6.298828e-01 6.999469e+00 1.403899e+00
6.313477e-01 7.003567e+00 1.398210e+00
6.328125e-01 7.007994e+00 1.392624e+00
6.342773e-01 7.012742e+00 1.387138e+00
6.357422e-01 7.017806e+00 1.381750e+00
6.372070e-01 7.023179e+00 1.376457e+00
6.386719e-01 7.028855e+00 1.371258e+00
6.401367e-01 7.034828e+00 1.366149e+00
6.416016e-01 7.041091e+00 1.361129e+00
6.430664e-01 7.047638e+00 1.356195e+00
6.445312e-01 7.054463e+00 1.351345e+00
6.503906e-01 7.084425e+00 1.332742e+00
6.562500e-01 7.118359e+00 1.315320e+00
6.621094e-01 7.155899e+00 1.298957e+00
6.679688e-01 7.196690e+00 1.283544e+00
6.738281e-01 7.240391e+00 1.268977e+00
6.796875e-01 7.286671e+00 1.255165e+00
6.855469e-01 7.335217e+00 1.242021e+00
6.914062e-01 7.385724e+00 1.229466e+00
6.972656e-01 7.437904e+00 1.217431e+00
7.031250e-01 7.491479e+00 1.205848e+00
7.148438e-01 7.601769e+00 1.183811e+00
7.265625e-01 7.714629e+00 1.162945e+00
7.382812e-01 7.828286e+00 1.142913e+00
7.500000e-01 7.941155e+00 1.123444e+00
7.617188e-01 8.051826e+00 1.104321e+00
7.734375e-01 8.159060e+00 1.085375e+00
7.851562e-01 8.261778e+00 1.066477e+00
7.968750e-01 8.359047e+00 1.047530e+00
8.085938e-01 8.450077e+00 1.028466e+00
8.203125e-01 8.534205e+00 1.009240e+00
8.320312e-01 8.610888e+00 9.898259e-01
8.437500e-01 8.679693e+00 9.702127e-01
8.554688e-01 8.740288e+00 9.504025e-01
8.671875e-01 8.792430e+00 9.304071e-01
8.789062e-01 8.835960e+00 9.102460e-01
8.906250e-01 8.870795e+00 8.899445e-01
9.023438e-01 8.896916e+00 8.695320e-01
9.140625e-01 8.914364e+00 8.490411e-01
9.257812e-01 8.923236e+00 8.285061e-01
9.375000e-01 8.923670e+00 8.079623e-01
9.492188e-01 8.915847e+00 7.874448e-01
9.609375e-01 8.899979e+00 7.669885e-01
9.726562e-01 8.876313e+00 7.466275e-01
9.843750e-01 8.845115e+00 7.263944e-01
9.960938e-01 8.806676e+00 7.063204e-01
1.007812e+00 8.761301e+00 6.864348e-01
1.019531e+00 8.709308e+00 6.667649e-01
1.031250e+00 8.651024e+00 6.473360e-01
1.042969e+00 8.586784e+00 6.281713e-01
1.054688e+00 8.516926e+00 6.092919e-01
1.066406e+00 8.441791e+00 5.907169e-01
1.078125e+00 8.361720e+00 5.724631e-01
1.089844e+00 8.277050e+00 5.545455e-01
1.101562e+00 8.188115e+00 5.369772e-01
1.113281e+00 8.095247e+00 5.197691e-01
1.125000e+00 7.998767e+00 5.029307e-01
1.136719e+00 7.898992e+00 4.864697e-01
1.148438e+00 7.796229e+00 4.703921e-01
1.160156e+00 7.690777e+00 4.547026e-01
1.171875e+00 7.582926e+00 4.394044e-01
1.177734e+00 7.528188e+00 4.319027e-01
1.183594e+00 7.472954e+00 4.244995e-01
1.189453e+00 7.417258e+00 4.171948e-01
1.195312e+00 7.361131e+00 4.099886e-01
1.201172e+00 7.304606e+00 4.028809e-01
1.207031e+00 7.247715e+00 3.958715e-01
1.212891e+00 7.190487e+00 3.889602e-01
1.218750e+00 7.132953e+00 3.821468e-01
1.224609e+00 7.075142e+00 3.754310e-01
1.230469e+00 7.017082e+00 3.688124e-01
1.231934e+00 7.002532e+00 3.671729e-01
1.233398e+00 6.987968e+00 3.655394e-01
1.234863e+00 6.973391e+00 3.639120e-01
1.236328e+00 6.958802e+00 3.622906e-01
1.237793e+00 6.944201e+00 3.606753e-01
1.239258e+00 6.929588e+00 3.590659e-01
1.240723e+00 6.914964e+00 3.574626e-01
1.242188e+00 6.900329e+00 3.558653e-01
1.243652e+00 6.885683e+00 3.542739e-01
1.245117e+00 6.871028e+00 3.526886e-01
1.246582e+00 6.856363e+00 3.511092e-01
1.248047e+00 6.841689e+00 3.495358e-01
1.249512e+00 6.827006e+00 3.479684e-01
1.250977e+00 6.812315e+00 3.464069e-01
1.252441e+00 6.797615e+00 3.448513e-01
1.253906e+00 6.782908e+00 3.433017e-01
1.255371e+00 6.768193e+00 3.417580e-01
1.256836e+00 6.753472e+00 3.402202e-01
1.258301e+00 6.738744e+00 3.386883e-01
1.259766e+00 6.724010e+00 3.371623e-01
1.262695e+00 6.694526e+00 3.341280e-01
1.265625e+00 6.665022e+00 3.311171e-01
1.268555e+00 6.635501e+00 3.281296e-01
1.271484e+00 6.605966e+00 3.251654e-01
1.274414e+00 6.576419e+00 3.222245e-01
1.277344e+00 6.546865e+00 3.193066e-01
1.280273e+00 6.517305e+00 3.164118e-01
1.283203e+00 6.487742e+00 3.135400e-01
1.286133e+00 6.458180e+00 3.106910e-01
1.289062e+00 6.428620e+00 3.078647e-01
1.300781e+00 6.310459e+00 2.967854e-01
1.312500e+00 6.192543e+00 2.860622e-01
1.324219e+00 6.075024e+00 2.756885e-01
1.335938e+00 5.958044e+00 2.656572e-01
1.347656e+00 5.841737e+00 2.559611e-01
1.359375e+00 5.726225e+00 2.465926e-01
1.371094e+00 5.611624e+00 2.375442e-01
1.382812e+00 5.498039e+00 2.288081e-01
1.394531e+00 5.385569e+00 2.203765e-01
1.406250e+00 5.274304e+00 2.122415e-01
1.417969e+00 5.164327e+00 2.043951e-01
1.429688e+00 5.055711e+00 1.968295e-01
1.441406e+00 4.948527e+00 1.895367e-01
1.453125e+00 4.842836e+00 1.825089e-01
1.464844e+00 4.738693e+00 1.757382e-01
1.476562e+00 4.636148e+00 1.692169e-01
1.488281e+00 4.535244e+00 1.629374e-01
1.500000e+00 4.436019e+00 1.568921e-01
1.511719e+00 4.338507e+00 1.510736e-01
1.523438e+00 4.242736e+00 1.454745e-01
1.535156e+00 4.148729e+00 1.400877e-01
1.546875e+00 4.056507e+00 1.349062e-01
1.558594e+00 3.966083e+00 1.299230e-01
1.570312e+00 3.877469e+00 1.251314e-01
1.582031e+00 3.790674e+00 1.205248e-01
1.593750e+00 3.705701e+00 1.160968e-01
1.605469e+00 3.622553e+00 1.118410e-01
1.617188e+00 3.541227e+00 1.077514e-01
1.628906e+00 3.461718e+00 1.038221e-01
1.640625e+00 3.384021e+00 1.000471e-01
1.664062e+00 3.234020e+00 9.293806e-02
1.687500e+00 3.091126e+00 8.638120e-02
1.710938e+00 2.955208e+00 8.033594e-02
1.734375e+00 2.826114e+00 7.476421e-02
1.757812e+00 2.703668e+00 6.963032e-02
1.781250e+00 2.587681e+00 6.490095e-02
1.804688e+00 2.477946e+00 6.054496e-02
1.828125e+00 2.374250e+00 5.653336e-02
1.851562e+00 2.276369e+00 5.283917e-02
1.875000e+00 2.184074e+00 4.943731e-02
1.898438e+00 2.097136e+00 4.630460e-02
1.921875e+00 2.015324e+00 4.341949e-02
1.945312e+00 1.938405e+00 4.076205e-02
1.968750e+00 1.866150e+00 3.831384e-02
1.992188e+00 1.798332e+00 3.605783e-02
2.015625e+00 1.734728e+00 3.397833e-02
2.039062e+00 1.675119e+00 3.206083e-02
2.062500e+00 1.619293e+00 3.029198e-02
2.085938e+00 1.567043e+00 2.865950e-02
2.109375e+00 1.518169e+00 2.715205e-02
2.132812e+00 1.472477e+00 2.575925e-02
2.156250e+00 1.429779e+00 2.447151e-02
2.179688e+00 1.389897e+00 2.328007e-02
2.203125e+00 1.352658e+00 2.217684e-02
2.226562e+00 1.317896e+00 2.115444e-02
2.250000e+00 1.285454e+00 2.020606e-02
2.273438e+00 1.255181e+00 1.932549e-02
2.296875e+00 1.226934e+00 1.850702e-02
2.320312e+00 1.200576e+00 1.774544e-02
2.343750e+00 1.175976e+00 1.703594e-02
2.355469e+00 1.164298e+00 1.669935e-02
2.367188e+00 1.153014e+00 1.637417e-02
2.378906e+00 1.142109e+00 1.605991e-02
2.390625e+00 1.131571e+00 1.575611e-02
2.402344e+00 1.121385e+00 1.546231e-02
2.414062e+00 1.111537e+00 1.517809e-02
2.425781e+00 1.102017e+00 1.490305e-02
2.437500e+00 1.092810e+00 1.463678e-02
2.449219e+00 1.083904e+00 1.437891e-02
2.460938e+00 1.075289e+00 1.412909e-02
2.472656e+00 1.066952e+00 1.388698e-02
2.484375e+00 1.058883e+00 1.365224e-02
2.496094e+00 1.051071e+00 1.342457e-02
2.507812e+00 1.043505e+00 1.320366e-02
2.519531e+00 1.036175e+00 1.298924e-02
2.531250e+00 1.029072e+00 1.278103e-02
2.542969e+00 1.022186e+00 1.257877e-02
2.554688e+00 1.015508e+00 1.238221e-02
2.566406e+00 1.009030e+00 1.219111e-02
2.578125e+00 1.002741e+00 1.200525e-02
2.601562e+00 9.907035e-01 1.164837e-02
2.625000e+00 9.793317e-01 1.130997e-02
2.648438e+00 9.685668e-01 1.098855e-02
2.671875e+00 9.583537e-01 1.068277e-02
2.695312e+00 9.486410e-01 1.039139e-02
2.718750e+00 9.393808e-01 1.011331e-02
2.742188e+00 9.305287e-01 9.847492e-03
2.765625e+00 9.220433e-01 9.593010e-03
2.789062e+00 9.138863e-01 9.349014e-03
2.812500e+00 9.060222e-01 9.114732e-03
2.906250e+00 8.768755e-01 8.261561e-03
3.000000e+00 8.502096e-01 7.517503e-03
3.093750e+00 8.248021e-01 6.857558e-03
3.187500e+00 7.998230e-01 6.264460e-03
3.281250e+00 7.747406e-01 5.726217e-03
3.375000e+00 7.492467e-01 5.234406e-03
3.468750e+00 7.231962e-01 4.782999e-03
3.562500e+00 6.965609e-01 4.367566e-03
3.656250e+00 6.693929e-01 3.984735e-03
3.750000e+00 6.417970e-01 3.631828e-03
3.843750e+00 6.139099e-01 3.306622e-03
3.937500e+00 5.858845e-01 3.007191e-03
4.031250e+00 5.578787e-01 2.731810e-03
4.125000e+00 5.300469e-01 2.478886e-03
4.218750e+00 5.025349e-01 2.246926e-03
4.312500e+00 4.754760e-01 2.034513e-03
4.406250e+00 4.489889e-01 1.840295e-03
4.500000e+00 4.231768e-01 1.662980e-03
4.593750e+00 3.981269e-01 1.501333e-03
4.687500e+00 3.739109e-01 1.354178e-03
4.781250e+00 3.505856e-01 1.220398e-03
4.875000e+00 3.281941e-01 1.098934e-03
4.968750e+00 3.067667e-01 9.887901e-04
5.062500e+00 2.863223e-01 8.890276e-04
5.156250e+00 2.668695e-01 7.987688e-04
5.250000e+00 2.484079e-01 7.171946e-04
5.343750e+00 2.309296e-01 6.435429e-04
5.437500e+00 2.144199e-01 5.771074e-04
5.531250e+00 1.988584e-01 5.172345e-04
5.625000e+00 1.842204e-01 4.633218e-04
5.718750e+00 1.704772e-01 4.148147e-04
5.812500e+00 1.575974e-01 3.712045e-04
5.906250e+00 1.455473e-01 3.320249e-04
6.000000e+00 1.342917e-01 2.968498e-04
6.093750e+00 1.237942e-01 2.652901e-04
6.187500e+00 1.140180e-01 2.369916e-04
6.281250e+00 1.049260e-01 2.116320e-04
6.375000e+00 9.648161e-02 1.889184e-04
6.468750e+00 8.864836e-02 1.685855e-04
6.562500e+00 8.139069e-02 1.503925e-04
6.656250e+00 7.467395e-02 1.341220e-04
6.750000e+00 6.846454e-02 1.195772e-04
6.843750e+00 6.273009e-02 1.065805e-04
6.937500e+00 5.743949e-02 9.497181e-05
7.031250e+00 5.256300e-02 8.460679e-05
7.125000e+00 4.807227e-02 7.535552e-05
7.218750e+00 4.394036e-02 6.710111e-05
7.312500e+00 4.014174e-02 5.973854e-05
7.406250e+00 3.665230e-02 5.317343e-05
7.500000e+00 3.344932e-02 4.732110e-05
7.687500e+00 2.781852e-02 3.745881e-05
7.875000e+00 2.309396e-02 2.963380e-05
8.062500e+00 1.913973e-02 2.343076e-05
8.250000e+00 1.583794e-02 1.851744e-05
8.437500e+00 1.308688e-02 1.462846e-05
8.625000e+00 1.079923e-02 1.155220e-05
8.812500e+00 8.900426e-03 9.120164e-06
9.000000e+00 7.327029e-03 7.198351e-06
9.187500e+00 6.025313e-03 5.680349e-06
9.375000e+00 4.949931e-03 4.481741e-06
9.562500e+00 4.062732e-03 3.535619e-06
9.750000e+00 3.331702e-03 2.788991e-06
9.937500e+00 2.730038e-03 2.199908e-06
1.012500e+01 2.235373e-03 1.735202e-06
1.031250e+01 1.829086e-03 1.368662e-06
1.050000e+01 1.495694e-03 1.079579e-06
1.068750e+01 1.222349e-03 8.515949e-07
1.087500e+01 9.984099e-04 6.718008e-07
1.106250e+01 8.150839e-04 5.300122e-07
1.125000e+01 6.651076e-04 4.181932e-07
1.162500e+01 4.423004e-04 2.604483e-07
1.200000e+01 2.936932e-04 1.623011e-07
1.237500e+01 1.947651e-04 1.012070e-07
1.275000e+01 1.290165e-04 6.315608e-08
1.312500e+01 8.538295e-05 3.944234e-08
1.350000e+01 5.646121e-05 2.465317e-08
1.387500e+01 3.731039e-05 1.542247e-08
1.425000e+01 2.464135e-05 9.656616e-09
1.462500e+01 1.626615e-05 6.051779e-09
1.500000e+01 1.073279e-05 3.795948e-09
1.575000e+01 4.667244e-06 1.497233e-09
1.650000e+01 2.029363e-06 5.931738e-10
1.725000e+01 8.819219e-07 2.358533e-10
1.800000e+01 3.822060e-07 9.387342e-11
1.875000e+01 1.669559e-07 3.779108e-11
1.950000e+01 7.376156e-08 1.543658e-11
2.025000e+01 3.179372e-08 6.169947e-12
2.100000e+01 1.463549e-08 2.640942e-12
2.175000e+01 7.858553e-09 1.321948e-12
2.250000e+01 3.863408e-09 6.072894e-13
2.325000e+01 2.379978e-09 3.503621e-13
2.400000e+01 1.662344e-09 2.296618e-13
2.475000e+01 1.250976e-09 1.625133e-13
2.550000e+01 9.555192e-10 1.169363e-13
2.625000e+01 7.051956e-10 8.144063e-14
2.700000e+01 4.804433e-10 5.244508e-14
2.775000e+01 2.849200e-10 2.944334e-14
2.850000e+01 1.318984e-10 1.292230e-14
2.925000e+01 3.398576e-11 3.161079e-15
3.000000e+01 5.207510e-139 4.604450e-143
