# 
# Output from RAtom program.
# 
# Total radial electron density.
# The first column contains radius $r$ in bohr units.
# The second column holds $\rho(r)$.
# The third column holds $\tilde{\rho}(r) = \rho(r) / (\pi * r * r)$
# 
# Use this file with gnuplot to create the plot.
# 
# R     Rho     RhoTilde
#
0.000000e+00 0.000000e+00 3.496228e+04
3.662109e-04 5.734603e-02 3.402756e+04
7.324219e-04 2.232520e-01 3.311791e+04
1.098633e-03 4.888897e-01 3.223264e+04
1.464844e-03 8.459070e-01 3.137113e+04
1.831055e-03 1.286406e+00 3.053273e+04
2.197266e-03 1.802925e+00 2.971684e+04
2.563477e-03 2.388415e+00 2.892285e+04
2.929688e-03 3.036225e+00 2.815020e+04
3.295898e-03 3.740083e+00 2.739830e+04
3.662109e-03 4.494077e+00 2.666662e+04
4.028320e-03 5.292641e+00 2.595461e+04
4.394531e-03 6.130537e+00 2.526175e+04
4.760742e-03 7.002841e+00 2.458754e+04
5.126953e-03 7.904928e+00 2.393147e+04
5.493164e-03 8.832458e+00 2.329306e+04
5.859375e-03 9.781363e+00 2.267185e+04
6.225586e-03 1.074783e+01 2.206737e+04
6.591797e-03 1.172831e+01 2.147918e+04
6.958008e-03 1.271945e+01 2.090685e+04
7.324219e-03 1.371816e+01 2.034995e+04
7.690430e-03 1.472155e+01 1.980808e+04
8.056641e-03 1.572691e+01 1.928082e+04
8.422852e-03 1.673176e+01 1.876780e+04
8.789062e-03 1.773376e+01 1.826863e+04
9.155273e-03 1.873079e+01 1.778294e+04
9.521484e-03 1.972084e+01 1.731037e+04
9.887695e-03 2.070211e+01 1.685057e+04
1.025391e-02 2.167291e+01 1.640320e+04
1.062012e-02 2.263170e+01 1.596793e+04
1.098633e-02 2.357708e+01 1.554444e+04
1.135254e-02 2.450777e+01 1.513240e+04
1.171875e-02 2.542261e+01 1.473152e+04
1.208496e-02 2.632054e+01 1.434150e+04
1.245117e-02 2.720063e+01 1.396203e+04
1.281738e-02 2.806204e+01 1.359285e+04
1.318359e-02 2.890401e+01 1.323368e+04
1.354980e-02 2.972589e+01 1.288424e+04
1.391602e-02 3.052710e+01 1.254429e+04
1.428223e-02 3.130716e+01 1.221355e+04
1.464844e-02 3.206563e+01 1.189179e+04
1.501465e-02 3.280218e+01 1.157877e+04
1.538086e-02 3.351651e+01 1.127425e+04
1.574707e-02 3.420841e+01 1.097801e+04
1.611328e-02 3.487770e+01 1.068981e+04
1.647949e-02 3.552429e+01 1.040945e+04
1.684570e-02 3.614811e+01 1.013672e+04
1.721191e-02 3.674915e+01 9.871407e+03
1.757812e-02 3.732744e+01 9.613316e+03
1.794434e-02 3.788305e+01 9.362252e+03
1.831055e-02 3.841611e+01 9.118027e+03
1.849365e-02 3.867422e+01 8.998421e+03
1.867676e-02 3.892675e+01 8.880456e+03
1.885986e-02 3.917372e+01 8.764110e+03
1.904297e-02 3.941515e+01 8.649362e+03
1.922607e-02 3.965108e+01 8.536188e+03
1.940918e-02 3.988154e+01 8.424569e+03
1.959229e-02 4.010655e+01 8.314482e+03
1.977539e-02 4.032614e+01 8.205908e+03
1.995850e-02 4.054035e+01 8.098825e+03
2.014160e-02 4.074922e+01 7.993215e+03
2.032471e-02 4.095279e+01 7.889055e+03
2.050781e-02 4.115108e+01 7.786328e+03
2.069092e-02 4.134414e+01 7.685013e+03
2.087402e-02 4.153202e+01 7.585091e+03
2.105713e-02 4.171474e+01 7.486544e+03
2.124023e-02 4.189237e+01 7.389353e+03
2.142334e-02 4.206493e+01 7.293499e+03
2.160645e-02 4.223248e+01 7.198965e+03
2.178955e-02 4.239506e+01 7.105732e+03
2.197266e-02 4.255272e+01 7.013782e+03
2.233887e-02 4.285346e+01 6.833665e+03
2.270508e-02 4.313510e+01 6.658477e+03
2.307129e-02 4.339804e+01 6.488085e+03
2.343750e-02 4.364270e+01 6.322359e+03
2.380371e-02 4.386949e+01 6.161173e+03
2.416992e-02 4.407886e+01 6.004406e+03
2.453613e-02 4.427124e+01 5.851937e+03
2.490234e-02 4.444707e+01 5.703650e+03
2.526855e-02 4.460681e+01 5.559433e+03
2.563477e-02 4.475089e+01 5.419174e+03
2.600098e-02 4.487978e+01 5.282768e+03
2.636719e-02 4.499394e+01 5.150110e+03
2.673340e-02 4.509381e+01 5.021098e+03
2.709961e-02 4.517986e+01 4.895634e+03
2.746582e-02 4.525254e+01 4.773621e+03
2.783203e-02 4.531230e+01 4.654966e+03
2.819824e-02 4.535961e+01 4.539577e+03
2.856445e-02 4.539491e+01 4.427367e+03
2.893066e-02 4.541865e+01 4.318248e+03
2.929688e-02 4.543128e+01 4.212137e+03
3.002930e-02 4.542494e+01 4.008614e+03
3.076172e-02 4.537938e+01 3.816168e+03
3.149414e-02 4.529799e+01 3.634206e+03
3.222656e-02 4.518406e+01 3.462162e+03
3.295898e-02 4.504081e+01 3.299504e+03
3.369141e-02 4.487133e+01 3.145725e+03
3.442383e-02 4.467861e+01 3.000347e+03
3.515625e-02 4.446552e+01 2.862915e+03
3.588867e-02 4.423480e+01 2.732999e+03
3.662109e-02 4.398909e+01 2.610192e+03
3.680420e-02 4.392562e+01 2.580556e+03
3.698730e-02 4.386140e+01 2.551334e+03
3.717041e-02 4.379648e+01 2.522520e+03
3.735352e-02 4.373089e+01 2.494109e+03
3.753662e-02 4.366467e+01 2.466096e+03
3.771973e-02 4.359786e+01 2.438474e+03
3.790283e-02 4.353048e+01 2.411239e+03
3.808594e-02 4.346258e+01 2.384385e+03
3.826904e-02 4.339419e+01 2.357906e+03
3.845215e-02 4.332535e+01 2.331798e+03
3.863525e-02 4.325608e+01 2.306055e+03
3.881836e-02 4.318642e+01 2.280673e+03
3.900146e-02 4.311640e+01 2.255645e+03
3.918457e-02 4.304606e+01 2.230968e+03
3.936768e-02 4.297543e+01 2.206636e+03
3.955078e-02 4.290453e+01 2.182645e+03
3.973389e-02 4.283340e+01 2.158990e+03
3.991699e-02 4.276207e+01 2.135666e+03
4.010010e-02 4.269057e+01 2.112668e+03
4.028320e-02 4.261893e+01 2.089992e+03
4.064941e-02 4.247533e+01 2.045589e+03
4.101562e-02 4.233151e+01 2.002420e+03
4.138184e-02 4.218767e+01 1.960452e+03
4.174805e-02 4.204403e+01 1.919650e+03
4.211426e-02 4.190079e+01 1.879983e+03
4.248047e-02 4.175815e+01 1.841420e+03
4.284668e-02 4.161629e+01 1.803928e+03
4.321289e-02 4.147540e+01 1.767478e+03
4.357910e-02 4.133566e+01 1.732042e+03
4.394531e-02 4.119722e+01 1.697591e+03
4.467773e-02 4.092493e+01 1.631533e+03
4.541016e-02 4.065973e+01 1.569093e+03
4.614258e-02 4.040275e+01 1.510071e+03
4.687500e-02 4.015499e+01 1.454277e+03
4.760742e-02 3.991739e+01 1.401532e+03
4.833984e-02 3.969076e+01 1.351665e+03
4.907227e-02 3.947585e+01 1.304516e+03
4.980469e-02 3.927332e+01 1.259932e+03
5.053711e-02 3.908374e+01 1.217771e+03
5.126953e-02 3.890763e+01 1.177894e+03
5.200195e-02 3.874542e+01 1.140174e+03
5.273438e-02 3.859745e+01 1.104488e+03
5.346680e-02 3.846403e+01 1.070722e+03
5.419922e-02 3.834540e+01 1.038765e+03
5.493164e-02 3.824173e+01 1.008515e+03
5.566406e-02 3.815313e+01 9.798746e+02
5.639648e-02 3.807968e+01 9.527509e+02
5.712891e-02 3.802139e+01 9.270568e+02
5.786133e-02 3.797825e+01 9.027100e+02
5.859375e-02 3.795016e+01 8.796324e+02
5.932617e-02 3.793704e+01 8.577504e+02
6.005859e-02 3.793873e+01 8.369945e+02
6.079102e-02 3.795504e+01 8.172987e+02
6.152344e-02 3.798577e+01 7.986010e+02
6.225586e-02 3.803067e+01 7.808428e+02
6.298828e-02 3.808946e+01 7.639685e+02
6.372070e-02 3.816186e+01 7.479258e+02
6.445312e-02 3.824754e+01 7.326654e+02
6.518555e-02 3.834617e+01 7.181406e+02
6.591797e-02 3.845738e+01 7.043073e+02
6.665039e-02 3.858081e+01 6.911241e+02
6.738281e-02 3.871606e+01 6.785518e+02
6.811523e-02 3.886273e+01 6.665533e+02
6.884766e-02 3.902040e+01 6.550939e+02
6.958008e-02 3.918866e+01 6.441406e+02
7.031250e-02 3.936706e+01 6.336626e+02
7.104492e-02 3.955518e+01 6.236306e+02
7.177734e-02 3.975256e+01 6.140172e+02
7.250977e-02 3.995876e+01 6.047964e+02
7.324219e-02 4.017332e+01 5.959438e+02
7.360840e-02 4.028360e+01 5.916484e+02
7.397461e-02 4.039580e+01 5.874365e+02
7.434082e-02 4.050986e+01 5.833056e+02
7.470703e-02 4.062572e+01 5.792530e+02
7.507324e-02 4.074334e+01 5.752762e+02
7.543945e-02 4.086265e+01 5.713728e+02
7.580566e-02 4.098359e+01 5.675404e+02
7.617188e-02 4.110611e+01 5.637769e+02
7.653809e-02 4.123016e+01 5.600799e+02
7.690430e-02 4.135567e+01 5.564473e+02
7.708740e-02 4.141896e+01 5.546545e+02
7.727051e-02 4.148260e+01 5.528770e+02
7.745361e-02 4.154657e+01 5.511146e+02
7.763672e-02 4.161087e+01 5.493671e+02
7.781982e-02 4.167550e+01 5.476341e+02
7.800293e-02 4.174045e+01 5.459155e+02
7.818604e-02 4.180571e+01 5.442110e+02
7.836914e-02 4.187127e+01 5.425204e+02
7.855225e-02 4.193713e+01 5.408435e+02
7.873535e-02 4.200328e+01 5.391800e+02
7.891846e-02 4.206971e+01 5.375297e+02
7.910156e-02 4.213642e+01 5.358924e+02
7.928467e-02 4.220339e+01 5.342679e+02
7.946777e-02 4.227063e+01 5.326560e+02
7.965088e-02 4.233813e+01 5.310564e+02
7.983398e-02 4.240587e+01 5.294690e+02
8.001709e-02 4.247386e+01 5.278936e+02
8.020020e-02 4.254208e+01 5.263299e+02
8.038330e-02 4.261054e+01 5.247778e+02
8.056641e-02 4.267921e+01 5.232371e+02
8.129883e-02 4.295600e+01 5.171844e+02
8.203125e-02 4.323582e+01 5.112993e+02
8.276367e-02 4.351826e+01 5.055710e+02
8.349609e-02 4.380291e+01 4.999894e+02
8.422852e-02 4.408938e+01 4.945450e+02
8.496094e-02 4.437726e+01 4.892288e+02
8.569336e-02 4.466619e+01 4.840327e+02
8.642578e-02 4.495578e+01 4.789487e+02
8.715820e-02 4.524567e+01 4.739697e+02
8.789062e-02 4.553550e+01 4.690889e+02
8.935547e-02 4.611362e+01 4.595969e+02
9.082031e-02 4.668748e+01 4.504271e+02
9.228516e-02 4.725456e+01 4.415401e+02
9.375000e-02 4.781253e+01 4.329017e+02
9.521484e-02 4.835919e+01 4.244826e+02
9.667969e-02 4.889252e+01 4.162575e+02
9.814453e-02 4.941064e+01 4.082051e+02
9.960938e-02 4.991184e+01 4.003071e+02
1.010742e-01 5.039455e+01 3.925481e+02
1.025391e-01 5.085737e+01 3.849154e+02
1.040039e-01 5.129903e+01 3.773984e+02
1.054688e-01 5.171843e+01 3.699882e+02
1.069336e-01 5.211456e+01 3.626777e+02
1.083984e-01 5.248659e+01 3.554614e+02
1.098633e-01 5.283380e+01 3.483348e+02
1.113281e-01 5.315560e+01 3.412945e+02
1.127930e-01 5.345150e+01 3.343382e+02
1.142578e-01 5.372113e+01 3.274640e+02
1.157227e-01 5.396425e+01 3.206709e+02
1.171875e-01 5.418070e+01 3.139584e+02
1.186523e-01 5.437040e+01 3.073265e+02
1.201172e-01 5.453338e+01 3.007753e+02
1.215820e-01 5.466976e+01 2.943056e+02
1.230469e-01 5.477971e+01 2.879179e+02
1.245117e-01 5.486352e+01 2.816134e+02
1.259766e-01 5.492149e+01 2.753930e+02
1.274414e-01 5.495402e+01 2.692579e+02
1.289062e-01 5.496157e+01 2.632093e+02
1.303711e-01 5.494463e+01 2.572484e+02
1.318359e-01 5.490374e+01 2.513764e+02
1.333008e-01 5.483952e+01 2.455944e+02
1.347656e-01 5.475258e+01 2.399034e+02
1.362305e-01 5.464360e+01 2.343047e+02
1.376953e-01 5.451327e+01 2.287990e+02
1.391602e-01 5.436232e+01 2.233872e+02
1.406250e-01 5.419150e+01 2.180702e+02
1.420898e-01 5.400158e+01 2.128485e+02
1.435547e-01 5.379334e+01 2.077227e+02
1.450195e-01 5.356760e+01 2.026933e+02
1.464844e-01 5.332514e+01 1.977605e+02
1.472168e-01 5.319791e+01 1.953305e+02
1.479492e-01 5.306681e+01 1.929247e+02
1.486816e-01 5.293194e+01 1.905431e+02
1.494141e-01 5.279342e+01 1.881859e+02
1.501465e-01 5.265133e+01 1.858528e+02
1.508789e-01 5.250579e+01 1.835441e+02
1.516113e-01 5.235691e+01 1.812595e+02
1.523438e-01 5.220477e+01 1.789992e+02
1.530762e-01 5.204949e+01 1.767630e+02
1.538086e-01 5.189117e+01 1.745510e+02
1.539917e-01 5.185113e+01 1.740018e+02
1.541748e-01 5.181090e+01 1.734541e+02
1.543579e-01 5.177050e+01 1.729078e+02
1.545410e-01 5.172991e+01 1.723631e+02
1.547241e-01 5.168915e+01 1.718199e+02
1.549072e-01 5.164822e+01 1.712782e+02
1.550903e-01 5.160710e+01 1.707380e+02
1.552734e-01 5.156582e+01 1.701993e+02
1.554565e-01 5.152437e+01 1.696621e+02
1.556396e-01 5.148274e+01 1.691264e+02
1.558228e-01 5.144095e+01 1.685922e+02
1.560059e-01 5.139900e+01 1.680595e+02
1.561890e-01 5.135687e+01 1.675282e+02
1.563721e-01 5.131459e+01 1.669985e+02
1.565552e-01 5.127215e+01 1.664703e+02
1.567383e-01 5.122954e+01 1.659436e+02
1.569214e-01 5.118678e+01 1.654183e+02
1.571045e-01 5.114386e+01 1.648946e+02
1.572876e-01 5.110078e+01 1.643723e+02
1.574707e-01 5.105755e+01 1.638516e+02
1.578369e-01 5.097064e+01 1.628145e+02
1.582031e-01 5.088314e+01 1.617834e+02
1.585693e-01 5.079505e+01 1.607582e+02
1.589355e-01 5.070639e+01 1.597389e+02
1.593018e-01 5.061718e+01 1.587256e+02
1.596680e-01 5.052742e+01 1.577181e+02
1.600342e-01 5.043713e+01 1.567166e+02
1.604004e-01 5.034631e+01 1.557209e+02
1.607666e-01 5.025499e+01 1.547311e+02
1.611328e-01 5.016317e+01 1.537472e+02
1.625977e-01 4.979118e+01 1.498698e+02
1.640625e-01 4.941222e+01 1.460851e+02
1.655273e-01 4.902703e+01 1.423922e+02
1.669922e-01 4.863637e+01 1.387902e+02
1.684570e-01 4.824094e+01 1.352781e+02
1.699219e-01 4.784147e+01 1.318548e+02
1.713867e-01 4.743864e+01 1.285192e+02
1.728516e-01 4.703311e+01 1.252701e+02
1.743164e-01 4.662556e+01 1.221062e+02
1.757812e-01 4.621660e+01 1.190263e+02
1.772461e-01 4.580685e+01 1.160292e+02
1.787109e-01 4.539691e+01 1.131134e+02
1.801758e-01 4.498734e+01 1.102777e+02
1.816406e-01 4.457872e+01 1.075206e+02
1.831055e-01 4.417155e+01 1.048408e+02
1.845703e-01 4.376637e+01 1.022367e+02
1.860352e-01 4.336367e+01 9.970710e+01
1.875000e-01 4.296390e+01 9.725038e+01
1.889648e-01 4.256753e+01 9.486512e+01
1.904297e-01 4.217498e+01 9.254986e+01
1.918945e-01 4.178667e+01 9.030311e+01
1.933594e-01 4.140298e+01 8.812341e+01
1.948242e-01 4.102428e+01 8.600927e+01
1.962891e-01 4.065093e+01 8.395921e+01
1.977539e-01 4.028324e+01 8.197178e+01
1.992188e-01 3.992153e+01 8.004550e+01
2.006836e-01 3.956610e+01 7.817891e+01
2.021484e-01 3.921721e+01 7.637057e+01
2.036133e-01 3.887512e+01 7.461904e+01
2.050781e-01 3.854006e+01 7.292289e+01
2.065430e-01 3.821225e+01 7.128070e+01
2.080078e-01 3.789190e+01 6.969108e+01
2.094727e-01 3.757918e+01 6.815265e+01
2.109375e-01 3.727427e+01 6.666404e+01
2.124023e-01 3.697730e+01 6.522390e+01
2.138672e-01 3.668843e+01 6.383090e+01
2.153320e-01 3.640777e+01 6.248373e+01
2.167969e-01 3.613542e+01 6.118109e+01
2.182617e-01 3.587148e+01 5.992172e+01
2.197266e-01 3.561602e+01 5.870437e+01
2.211914e-01 3.536911e+01 5.752779e+01
2.226562e-01 3.513079e+01 5.639080e+01
2.241211e-01 3.490111e+01 5.529220e+01
2.255859e-01 3.468009e+01 5.423083e+01
2.270508e-01 3.446774e+01 5.320555e+01
2.285156e-01 3.426407e+01 5.221524e+01
2.299805e-01 3.406907e+01 5.125880e+01
2.314453e-01 3.388272e+01 5.033518e+01
2.329102e-01 3.370499e+01 4.944331e+01
2.343750e-01 3.353585e+01 4.858217e+01
2.358398e-01 3.337525e+01 4.775076e+01
2.373047e-01 3.322312e+01 4.694809e+01
2.387695e-01 3.307942e+01 4.617322e+01
2.402344e-01 3.294406e+01 4.542521e+01
2.416992e-01 3.281696e+01 4.470314e+01
2.431641e-01 3.269805e+01 4.400613e+01
2.446289e-01 3.258722e+01 4.333331e+01
2.460938e-01 3.248438e+01 4.268384e+01
2.475586e-01 3.238941e+01 4.205689e+01
2.490234e-01 3.230222e+01 4.145167e+01
2.504883e-01 3.222268e+01 4.086739e+01
2.519531e-01 3.215066e+01 4.030330e+01
2.534180e-01 3.208606e+01 3.975865e+01
2.548828e-01 3.202872e+01 3.923274e+01
2.563477e-01 3.197852e+01 3.872486e+01
2.578125e-01 3.193533e+01 3.823433e+01
2.592773e-01 3.189899e+01 3.776051e+01
2.607422e-01 3.186936e+01 3.730275e+01
2.622070e-01 3.184630e+01 3.686043e+01
2.636719e-01 3.182965e+01 3.643296e+01
2.666016e-01 3.181499e+01 3.562022e+01
2.695312e-01 3.182413e+01 3.486008e+01
2.724609e-01 3.185580e+01 3.414838e+01
2.753906e-01 3.190871e+01 3.348120e+01
2.783203e-01 3.198156e+01 3.285489e+01
2.812500e-01 3.207305e+01 3.226601e+01
2.841797e-01 3.218186e+01 3.171139e+01
2.871094e-01 3.230671e+01 3.118804e+01
2.900391e-01 3.244630e+01 3.069321e+01
2.929688e-01 3.259935e+01 3.022431e+01
2.944336e-01 3.268053e+01 2.999884e+01
2.958984e-01 3.276461e+01 2.977897e+01
2.973633e-01 3.285143e+01 2.956444e+01
2.988281e-01 3.294084e+01 2.935498e+01
3.002930e-01 3.303269e+01 2.915035e+01
3.017578e-01 3.312683e+01 2.895029e+01
3.032227e-01 3.322311e+01 2.875459e+01
3.046875e-01 3.332140e+01 2.856302e+01
3.061523e-01 3.342154e+01 2.837536e+01
3.076172e-01 3.352340e+01 2.819142e+01
3.079834e-01 3.354912e+01 2.814599e+01
3.083496e-01 3.357493e+01 2.810078e+01
3.087158e-01 3.360083e+01 2.805578e+01
3.090820e-01 3.362683e+01 2.801100e+01
3.094482e-01 3.365292e+01 2.796642e+01
3.098145e-01 3.367910e+01 2.792205e+01
3.101807e-01 3.370536e+01 2.787787e+01
3.105469e-01 3.373171e+01 2.783390e+01
3.109131e-01 3.375813e+01 2.779013e+01
3.112793e-01 3.378464e+01 2.774655e+01
3.116455e-01 3.381122e+01 2.770316e+01
3.120117e-01 3.383788e+01 2.765996e+01
3.123779e-01 3.386462e+01 2.761694e+01
3.127441e-01 3.389142e+01 2.757411e+01
3.131104e-01 3.391829e+01 2.753146e+01
3.134766e-01 3.394524e+01 2.748899e+01
3.138428e-01 3.397224e+01 2.744670e+01
3.142090e-01 3.399931e+01 2.740457e+01
3.145752e-01 3.402644e+01 2.736262e+01
3.149414e-01 3.405363e+01 2.732084e+01
3.156738e-01 3.410818e+01 2.723777e+01
3.164062e-01 3.416294e+01 2.715534e+01
3.171387e-01 3.421790e+01 2.707355e+01
3.178711e-01 3.427305e+01 2.699235e+01
3.186035e-01 3.432835e+01 2.691175e+01
3.193359e-01 3.438381e+01 2.683173e+01
3.200684e-01 3.443941e+01 2.675225e+01
3.208008e-01 3.449513e+01 2.667332e+01
3.215332e-01 3.455096e+01 2.659491e+01
3.222656e-01 3.460687e+01 2.651701e+01
3.251953e-01 3.483119e+01 2.621017e+01
3.281250e-01 3.505586e+01 2.591028e+01
3.310547e-01 3.528004e+01 2.561649e+01
3.339844e-01 3.550290e+01 2.532805e+01
3.369141e-01 3.572369e+01 2.504426e+01
3.398438e-01 3.594165e+01 2.476450e+01
3.427734e-01 3.615610e+01 2.448823e+01
3.457031e-01 3.636639e+01 2.421495e+01
3.486328e-01 3.657189e+01 2.394424e+01
3.515625e-01 3.677203e+01 2.367569e+01
3.544922e-01 3.696628e+01 2.340898e+01
3.574219e-01 3.715413e+01 2.314382e+01
3.603516e-01 3.733513e+01 2.287994e+01
3.632812e-01 3.750883e+01 2.261714e+01
3.662109e-01 3.767485e+01 2.235523e+01
3.691406e-01 3.783283e+01 2.209405e+01
3.720703e-01 3.798245e+01 2.183349e+01
3.750000e-01 3.812341e+01 2.157343e+01
3.779297e-01 3.825544e+01 2.131382e+01
3.808594e-01 3.837831e+01 2.105459e+01
3.837891e-01 3.849183e+01 2.079570e+01
3.867188e-01 3.859580e+01 2.053713e+01
3.896484e-01 3.869009e+01 2.027888e+01
3.925781e-01 3.877456e+01 2.002096e+01
3.955078e-01 3.884912e+01 1.976338e+01
3.984375e-01 3.891369e+01 1.950618e+01
4.013672e-01 3.896822e+01 1.924939e+01
4.042969e-01 3.901267e+01 1.899307e+01
4.072266e-01 3.904703e+01 1.873725e+01
4.101562e-01 3.907130e+01 1.848202e+01
4.130859e-01 3.908552e+01 1.822742e+01
4.160156e-01 3.908971e+01 1.797353e+01
4.189453e-01 3.908394e+01 1.772041e+01
4.218750e-01 3.906828e+01 1.746815e+01
4.248047e-01 3.904282e+01 1.721681e+01
4.277344e-01 3.900765e+01 1.696648e+01
4.306641e-01 3.896289e+01 1.671722e+01
4.335938e-01 3.890867e+01 1.646912e+01
4.365234e-01 3.884511e+01 1.622226e+01
4.394531e-01 3.877237e+01 1.597671e+01
4.423828e-01 3.869059e+01 1.573255e+01
4.453125e-01 3.859994e+01 1.548984e+01
4.482422e-01 3.850059e+01 1.524867e+01
4.511719e-01 3.839271e+01 1.500911e+01
4.541016e-01 3.827650e+01 1.477122e+01
4.570312e-01 3.815214e+01 1.453507e+01
4.599609e-01 3.801982e+01 1.430073e+01
4.628906e-01 3.787974e+01 1.406826e+01
4.658203e-01 3.773212e+01 1.383772e+01
4.687500e-01 3.757714e+01 1.360916e+01
4.716797e-01 3.741504e+01 1.338265e+01
4.746094e-01 3.724600e+01 1.315822e+01
4.775391e-01 3.707026e+01 1.293594e+01
4.804688e-01 3.688802e+01 1.271584e+01
4.833984e-01 3.669950e+01 1.249798e+01
4.863281e-01 3.650492e+01 1.228239e+01
4.892578e-01 3.630450e+01 1.206911e+01
4.921875e-01 3.609846e+01 1.185817e+01
4.951172e-01 3.588701e+01 1.164961e+01
4.980469e-01 3.567037e+01 1.144346e+01
5.009766e-01 3.544876e+01 1.123974e+01
5.039062e-01 3.522239e+01 1.103848e+01
5.068359e-01 3.499148e+01 1.083971e+01
5.097656e-01 3.475623e+01 1.064343e+01
5.126953e-01 3.451687e+01 1.044968e+01
5.156250e-01 3.427359e+01 1.025845e+01
5.185547e-01 3.402660e+01 1.006977e+01
5.214844e-01 3.377611e+01 9.883646e+00
5.244141e-01 3.352231e+01 9.700083e+00
5.273438e-01 3.326541e+01 9.519090e+00
5.332031e-01 3.274307e+01 9.164824e+00
5.390625e-01 3.221060e+01 8.820856e+00
5.449219e-01 3.166948e+01 8.487165e+00
5.507812e-01 3.112113e+01 8.163703e+00
5.566406e-01 3.056690e+01 7.850399e+00
5.625000e-01 3.000809e+01 7.547159e+00
5.683594e-01 2.944595e+01 7.253869e+00
5.742188e-01 2.888166e+01 6.970398e+00
5.800781e-01 2.831633e+01 6.696597e+00
5.859375e-01 2.775103e+01 6.432305e+00
5.888672e-01 2.746870e+01 6.303671e+00
5.917969e-01 2.718675e+01 6.177348e+00
5.947266e-01 2.690529e+01 6.053313e+00
5.976562e-01 2.662443e+01 5.931540e+00
6.005859e-01 2.634428e+01 5.812007e+00
6.035156e-01 2.606495e+01 5.694688e+00
6.064453e-01 2.578653e+01 5.579558e+00
6.093750e-01 2.550913e+01 5.466590e+00
6.123047e-01 2.523284e+01 5.355759e+00
6.152344e-01 2.495774e+01 5.247038e+00
6.159668e-01 2.488916e+01 5.220184e+00
6.166992e-01 2.482067e+01 5.193460e+00
6.174316e-01 2.475226e+01 5.166866e+00
6.181641e-01 2.468393e+01 5.140400e+00
6.188965e-01 2.461569e+01 5.114063e+00
6.196289e-01 2.454753e+01 5.087854e+00
6.203613e-01 2.447947e+01 5.061773e+00
6.210938e-01 2.441149e+01 5.035819e+00
6.218262e-01 2.434360e+01 5.009992e+00
6.225586e-01 2.427581e+01 4.984291e+00
6.229248e-01 2.424195e+01 4.971488e+00
6.232910e-01 2.420811e+01 4.958716e+00
6.236572e-01 2.417429e+01 4.945976e+00
6.240234e-01 2.414050e+01 4.933267e+00
6.243896e-01 2.410673e+01 4.920590e+00
6.247559e-01 2.407299e+01 4.907943e+00
6.251221e-01 2.403927e+01 4.895328e+00
6.254883e-01 2.400558e+01 4.882744e+00
6.258545e-01 2.397190e+01 4.870190e+00
6.262207e-01 2.393826e+01 4.857668e+00
6.265869e-01 2.390464e+01 4.845177e+00
6.269531e-01 2.387104e+01 4.832717e+00
6.273193e-01 2.383747e+01 4.820287e+00
6.276855e-01 2.380392e+01 4.807888e+00
6.280518e-01 2.377040e+01 4.795520e+00
6.284180e-01 2.373690e+01 4.783183e+00
6.287842e-01 2.370343e+01 4.770877e+00
6.291504e-01 2.366999e+01 4.758601e+00
6.295166e-01 2.363657e+01 4.746355e+00
6.298828e-01 2.360318e+01 4.734140e+00
6.313477e-01 2.346987e+01 4.685583e+00
6.328125e-01 2.333699e+01 4.637510e+00
6.342773e-01 2.320454e+01 4.589916e+00
6.357422e-01 2.307254e+01 4.542798e+00
6.372070e-01 2.294099e+01 4.496153e+00
6.386719e-01 2.280990e+01 4.449978e+00
6.401367e-01 2.267927e+01 4.404268e+00
6.416016e-01 2.254912e+01 4.359020e+00
6.430664e-01 2.241945e+01 4.314231e+00
6.445312e-01 2.229027e+01 4.269897e+00
6.503906e-01 2.177856e+01 4.097046e+00
6.562500e-01 2.127520e+01 3.931199e+00
6.621094e-01 2.078054e+01 3.772138e+00
6.679688e-01 2.029493e+01 3.619640e+00
6.738281e-01 1.981865e+01 3.473489e+00
6.796875e-01 1.935196e+01 3.333470e+00
6.855469e-01 1.889508e+01 3.199371e+00
6.914062e-01 1.844820e+01 3.070983e+00
6.972656e-01 1.801146e+01 2.948102e+00
7.031250e-01 1.758500e+01 2.830528e+00
7.089844e-01 1.716891e+01 2.718063e+00
7.148438e-01 1.676326e+01 2.610516e+00
7.207031e-01 1.636809e+01 2.507699e+00
7.265625e-01 1.598343e+01 2.409430e+00
7.324219e-01 1.560928e+01 2.315530e+00
7.382812e-01 1.524561e+01 2.225826e+00
7.441406e-01 1.489238e+01 2.140150e+00
7.500000e-01 1.454954e+01 2.058339e+00
7.558594e-01 1.421701e+01 1.980233e+00
7.617188e-01 1.389470e+01 1.905680e+00
7.675781e-01 1.358251e+01 1.834531e+00
7.734375e-01 1.328033e+01 1.766642e+00
7.792969e-01 1.298802e+01 1.701873e+00
7.851562e-01 1.270545e+01 1.640092e+00
7.910156e-01 1.243248e+01 1.581167e+00
7.968750e-01 1.216894e+01 1.524974e+00
8.027344e-01 1.191467e+01 1.471392e+00
8.085938e-01 1.166950e+01 1.420305e+00
8.144531e-01 1.143326e+01 1.371602e+00
8.203125e-01 1.120577e+01 1.325174e+00
8.261719e-01 1.098683e+01 1.280919e+00
8.320312e-01 1.077626e+01 1.238736e+00
8.378906e-01 1.057387e+01 1.198531e+00
8.437500e-01 1.037946e+01 1.160211e+00
8.496094e-01 1.019283e+01 1.123689e+00
8.554688e-01 1.001378e+01 1.088880e+00
8.613281e-01 9.842119e+00 1.055702e+00
8.671875e-01 9.677640e+00 1.024079e+00
8.730469e-01 9.520143e+00 9.939361e-01
8.789062e-01 9.369427e+00 9.652017e-01
8.847656e-01 9.225293e+00 9.378078e-01
8.906250e-01 9.087542e+00 9.116892e-01
8.964844e-01 8.955976e+00 8.867835e-01
9.023438e-01 8.830399e+00 8.630310e-01
9.082031e-01 8.710616e+00 8.403748e-01
9.140625e-01 8.596434e+00 8.187602e-01
9.199219e-01 8.487665e+00 7.981352e-01
9.257812e-01 8.384120e+00 7.784503e-01
9.316406e-01 8.285614e+00 7.596578e-01
9.375000e-01 8.191965e+00 7.417126e-01
9.492188e-01 8.018528e+00 7.081939e-01
9.609375e-01 7.862415e+00 6.775726e-01
9.726562e-01 7.722284e+00 6.495568e-01
9.843750e-01 7.596849e+00 6.238820e-01
9.960938e-01 7.484879e+00 6.003085e-01
1.007812e+00 7.385205e+00 5.786197e-01
1.019531e+00 7.296714e+00 5.586199e-01
1.031250e+00 7.218354e+00 5.401326e-01
1.042969e+00 7.149130e+00 5.229988e-01
1.054688e+00 7.088104e+00 5.070755e-01
1.066406e+00 7.034397e+00 4.922341e-01
1.078125e+00 6.987184e+00 4.783591e-01
1.089844e+00 6.945693e+00 4.653473e-01
1.101562e+00 6.909205e+00 4.531061e-01
1.113281e+00 6.877052e+00 4.415528e-01
1.125000e+00 6.848614e+00 4.306136e-01
1.136719e+00 6.823317e+00 4.202228e-01
1.148438e+00 6.800632e+00 4.103219e-01
1.160156e+00 6.780073e+00 4.008589e-01
1.171875e+00 6.761195e+00 3.917879e-01
1.177734e+00 6.752256e+00 3.873864e-01
1.183594e+00 6.743588e+00 3.830680e-01
1.189453e+00 6.735144e+00 3.788283e-01
1.195312e+00 6.726882e+00 3.746632e-01
1.201172e+00 6.718760e+00 3.705689e-01
1.207031e+00 6.710739e+00 3.665418e-01
1.212891e+00 6.702783e+00 3.625785e-01
1.218750e+00 6.694856e+00 3.586758e-01
1.224609e+00 6.686925e+00 3.548309e-01
1.230469e+00 6.678958e+00 3.510408e-01
1.231934e+00 6.676957e+00 3.501016e-01
1.233398e+00 6.674951e+00 3.491656e-01
1.234863e+00 6.672941e+00 3.482328e-01
1.236328e+00 6.670925e+00 3.473031e-01
1.237793e+00 6.668903e+00 3.463766e-01
1.239258e+00 6.666875e+00 3.454531e-01
1.240723e+00 6.664841e+00 3.445327e-01
1.242188e+00 6.662799e+00 3.436153e-01
1.243652e+00 6.660750e+00 3.427009e-01
1.245117e+00 6.658692e+00 3.417894e-01
1.246582e+00 6.656627e+00 3.408809e-01
1.248047e+00 6.654553e+00 3.399752e-01
1.249512e+00 6.652469e+00 3.390723e-01
1.250977e+00 6.650376e+00 3.381723e-01
1.252441e+00 6.648274e+00 3.372750e-01
1.253906e+00 6.646161e+00 3.363805e-01
1.255371e+00 6.644037e+00 3.354887e-01
1.256836e+00 6.641903e+00 3.345997e-01
1.258301e+00 6.639757e+00 3.337132e-01
1.259766e+00 6.637600e+00 3.328294e-01
1.262695e+00 6.633250e+00 3.310697e-01
1.265625e+00 6.628850e+00 3.293201e-01
1.268555e+00 6.624396e+00 3.275805e-01
1.271484e+00 6.619888e+00 3.258508e-01
1.274414e+00 6.615322e+00 3.241306e-01
1.277344e+00 6.610696e+00 3.224198e-01
1.280273e+00 6.606009e+00 3.207183e-01
1.283203e+00 6.601257e+00 3.190259e-01
1.286133e+00 6.596439e+00 3.173423e-01
1.289062e+00 6.591552e+00 3.156675e-01
1.300781e+00 6.571289e+00 3.090524e-01
1.312500e+00 6.549798e+00 3.025655e-01
1.324219e+00 6.526986e+00 2.961988e-01
1.335938e+00 6.502778e+00 2.899458e-01
1.347656e+00 6.477112e+00 2.838006e-01
1.359375e+00 6.449942e+00 2.777585e-01
1.371094e+00 6.421233e+00 2.718155e-01
1.382812e+00 6.390960e+00 2.659682e-01
1.394531e+00 6.359112e+00 2.602137e-01
1.406250e+00 6.325683e+00 2.545496e-01
1.417969e+00 6.290679e+00 2.489742e-01
1.429688e+00 6.254112e+00 2.434858e-01
1.441406e+00 6.216002e+00 2.380831e-01
1.453125e+00 6.176375e+00 2.327651e-01
1.464844e+00 6.135260e+00 2.275310e-01
1.476562e+00 6.092695e+00 2.223801e-01
1.488281e+00 6.048718e+00 2.173119e-01
1.500000e+00 6.003375e+00 2.123259e-01
1.511719e+00 5.956711e+00 2.074219e-01
1.523438e+00 5.908776e+00 2.025995e-01
1.529297e+00 5.884349e+00 2.002188e-01
1.535156e+00 5.859623e+00 1.978585e-01
1.541016e+00 5.834606e+00 1.955184e-01
1.546875e+00 5.809305e+00 1.931986e-01
1.552734e+00 5.783727e+00 1.908990e-01
1.558594e+00 5.757878e+00 1.886196e-01
1.564453e+00 5.731766e+00 1.863603e-01
1.570312e+00 5.705398e+00 1.841212e-01
1.576172e+00 5.678781e+00 1.819023e-01
1.582031e+00 5.651922e+00 1.797034e-01
1.587891e+00 5.624829e+00 1.775245e-01
1.593750e+00 5.597508e+00 1.753656e-01
1.599609e+00 5.569968e+00 1.732268e-01
1.605469e+00 5.542216e+00 1.711078e-01
1.611328e+00 5.514258e+00 1.690088e-01
1.617188e+00 5.486102e+00 1.669296e-01
1.623047e+00 5.457755e+00 1.648702e-01
1.628906e+00 5.429225e+00 1.628305e-01
1.634766e+00 5.400519e+00 1.608106e-01
1.640625e+00 5.371643e+00 1.588103e-01
1.664062e+00 5.254594e+00 1.510045e-01
1.687500e+00 5.135404e+00 1.435084e-01
1.710938e+00 5.014510e+00 1.363171e-01
1.734375e+00 4.892330e+00 1.294255e-01
1.757812e+00 4.769263e+00 1.228277e-01
1.781250e+00 4.645684e+00 1.165172e-01
1.804688e+00 4.521948e+00 1.104871e-01
1.828125e+00 4.398384e+00 1.047301e-01
1.851562e+00 4.275297e+00 9.923839e-02
1.875000e+00 4.152969e+00 9.400399e-02
1.898438e+00 4.031657e+00 8.901868e-02
1.921875e+00 3.911597e+00 8.427406e-02
1.945312e+00 3.792999e+00 7.976165e-02
1.968750e+00 3.676055e+00 7.547288e-02
1.992188e+00 3.560933e+00 7.139922e-02
2.015625e+00 3.447783e+00 6.753215e-02
2.039062e+00 3.336736e+00 6.386324e-02
2.062500e+00 3.227906e+00 6.038418e-02
2.085938e+00 3.121389e+00 5.708677e-02
2.109375e+00 3.017267e+00 5.396302e-02
2.132812e+00 2.915605e+00 5.100509e-02
2.156250e+00 2.816458e+00 4.820534e-02
2.179688e+00 2.719866e+00 4.555637e-02
2.203125e+00 2.625858e+00 4.305098e-02
2.226562e+00 2.534454e+00 4.068223e-02
2.250000e+00 2.445663e+00 3.844340e-02
2.273438e+00 2.359487e+00 3.632801e-02
2.296875e+00 2.275917e+00 3.432984e-02
2.320312e+00 2.194940e+00 3.244291e-02
2.343750e+00 2.116535e+00 3.066147e-02
2.355469e+00 2.078289e+00 2.980859e-02
2.367188e+00 2.040676e+00 2.898003e-02
2.378906e+00 2.003691e+00 2.817515e-02
2.390625e+00 1.967331e+00 2.739332e-02
2.402344e+00 1.931591e+00 2.663391e-02
2.414062e+00 1.896465e+00 2.589632e-02
2.425781e+00 1.861950e+00 2.517995e-02
2.437500e+00 1.828038e+00 2.448422e-02
2.449219e+00 1.794726e+00 2.380856e-02
2.460938e+00 1.762007e+00 2.315243e-02
2.472656e+00 1.729875e+00 2.251529e-02
2.484375e+00 1.698325e+00 2.189660e-02
2.496094e+00 1.667350e+00 2.129586e-02
2.507812e+00 1.636944e+00 2.071256e-02
2.519531e+00 1.607100e+00 2.014622e-02
2.531250e+00 1.577813e+00 1.959636e-02
2.542969e+00 1.549074e+00 1.906252e-02
2.554688e+00 1.520879e+00 1.854425e-02
2.566406e+00 1.493219e+00 1.804109e-02
2.578125e+00 1.466089e+00 1.755264e-02
2.601562e+00 1.413387e+00 1.661815e-02
2.625000e+00 1.362718e+00 1.573756e-02
2.648438e+00 1.314025e+00 1.490783e-02
2.671875e+00 1.267252e+00 1.412605e-02
2.695312e+00 1.222341e+00 1.338950e-02
2.718750e+00 1.179237e+00 1.269559e-02
2.742188e+00 1.137883e+00 1.204185e-02
2.765625e+00 1.098221e+00 1.142598e-02
2.789062e+00 1.060198e+00 1.084578e-02
2.812500e+00 1.023758e+00 1.029918e-02
2.835938e+00 9.888471e-01 9.784215e-03
2.859375e+00 9.554116e-01 9.299046e-03
2.882812e+00 9.233993e-01 8.841927e-03
2.906250e+00 8.927590e-01 8.411209e-03
2.929688e+00 8.634402e-01 8.005340e-03
2.953125e+00 8.353938e-01 7.622856e-03
2.976562e+00 8.085716e-01 7.262374e-03
3.000000e+00 7.829269e-01 6.922593e-03
3.023438e+00 7.584138e-01 6.602286e-03
3.046875e+00 7.349878e-01 6.300297e-03
3.070312e+00 7.126058e-01 6.015536e-03
3.093750e+00 6.912256e-01 5.746978e-03
3.117188e+00 6.708064e-01 5.493657e-03
3.140625e+00 6.513087e-01 5.254663e-03
3.164062e+00 6.326942e-01 5.029142e-03
3.187500e+00 6.149256e-01 4.816287e-03
3.210938e+00 5.979672e-01 4.615341e-03
3.234375e+00 5.817841e-01 4.425591e-03
3.257812e+00 5.663429e-01 4.246366e-03
3.281250e+00 5.516112e-01 4.077036e-03
3.328125e+00 5.241522e-01 3.765722e-03
3.375000e+00 4.991704e-01 3.487317e-03
3.421875e+00 4.764464e-01 3.237993e-03
3.468750e+00 4.557767e-01 3.014368e-03
3.515625e+00 4.369736e-01 2.813457e-03
3.562500e+00 4.198636e-01 2.632623e-03
3.609375e+00 4.042874e-01 2.469542e-03
3.656250e+00 3.900984e-01 2.322162e-03
3.703125e+00 3.771618e-01 2.188674e-03
3.750000e+00 3.653545e-01 2.067484e-03
3.843750e+00 3.446862e-01 1.856537e-03
3.937500e+00 3.273034e-01 1.679962e-03
4.031250e+00 3.125502e-01 1.530490e-03
4.125000e+00 2.998850e-01 1.402481e-03
4.218750e+00 2.888633e-01 1.291561e-03
4.312500e+00 2.791222e-01 1.194335e-03
4.406250e+00 2.703677e-01 1.108171e-03
4.500000e+00 2.623630e-01 1.031022e-03
4.593750e+00 2.549196e-01 9.612993e-04
4.687500e+00 2.478883e-01 8.977671e-04
4.734375e+00 2.444899e-01 8.680119e-04
4.781250e+00 2.411531e-01 8.394602e-04
4.828125e+00 2.378678e-01 8.120237e-04
4.875000e+00 2.346248e-01 7.856240e-04
4.921875e+00 2.314164e-01 7.601917e-04
4.968750e+00 2.282361e-01 7.356651e-04
5.015625e+00 2.250781e-01 7.119890e-04
5.062500e+00 2.219379e-01 6.891146e-04
5.109375e+00 2.188113e-01 6.669977e-04
5.156250e+00 2.156953e-01 6.455990e-04
5.203125e+00 2.125873e-01 6.248833e-04
5.250000e+00 2.094853e-01 6.048185e-04
5.296875e+00 2.063879e-01 5.853759e-04
5.343750e+00 2.032940e-01 5.665293e-04
5.390625e+00 2.002030e-01 5.482547e-04
5.437500e+00 1.971146e-01 5.305305e-04
5.484375e+00 1.940288e-01 5.133365e-04
5.531250e+00 1.909460e-01 4.966543e-04
5.578125e+00 1.878666e-01 4.804666e-04
5.625000e+00 1.847913e-01 4.647577e-04
5.718750e+00 1.786565e-01 4.347172e-04
5.812500e+00 1.725501e-01 4.064241e-04
5.906250e+00 1.664818e-01 3.797809e-04
6.000000e+00 1.604621e-01 3.546992e-04
6.093750e+00 1.545023e-01 3.310974e-04
6.187500e+00 1.486132e-01 3.088995e-04
6.281250e+00 1.428058e-01 2.880340e-04
6.375000e+00 1.370901e-01 2.684331e-04
6.468750e+00 1.314760e-01 2.500322e-04
6.562500e+00 1.259722e-01 2.327696e-04
6.656250e+00 1.205868e-01 2.165861e-04
6.750000e+00 1.153268e-01 2.014247e-04
6.843750e+00 1.101985e-01 1.872308e-04
6.937500e+00 1.052071e-01 1.739519e-04
7.031250e+00 1.003571e-01 1.615375e-04
7.125000e+00 9.565205e-02 1.499390e-04
7.218750e+00 9.109459e-02 1.391101e-04
7.312500e+00 8.668665e-02 1.290062e-04
7.406250e+00 8.242944e-02 1.195847e-04
7.500000e+00 7.832345e-02 1.108050e-04
7.687500e+00 7.056401e-02 9.501740e-05
7.875000e+00 6.340066e-02 8.135473e-05
8.062500e+00 5.681820e-02 6.955656e-05
8.250000e+00 5.079545e-02 5.938915e-05
8.437500e+00 4.530681e-02 5.064377e-05
8.625000e+00 4.032344e-02 4.313497e-05
8.812500e+00 3.581446e-02 3.669867e-05
9.000000e+00 3.174785e-02 3.119029e-05
9.187500e+00 2.809123e-02 2.648294e-05
9.375000e+00 2.481251e-02 2.246562e-05
9.421875e+00 2.404819e-02 2.155747e-05
9.468750e+00 2.330505e-02 2.068496e-05
9.515625e+00 2.258260e-02 1.984675e-05
9.562500e+00 2.188039e-02 1.904155e-05
9.609375e+00 2.119795e-02 1.826811e-05
9.656250e+00 2.053482e-02 1.752524e-05
9.703125e+00 1.989055e-02 1.681178e-05
9.750000e+00 1.926469e-02 1.612660e-05
9.796875e+00 1.865680e-02 1.546864e-05
9.843750e+00 1.806645e-02 1.483685e-05
9.890625e+00 1.749321e-02 1.423024e-05
9.937500e+00 1.693666e-02 1.364783e-05
9.984375e+00 1.639638e-02 1.308869e-05
1.003125e+01 1.587194e-02 1.255192e-05
1.007812e+01 1.536297e-02 1.203665e-05
1.012500e+01 1.486908e-02 1.154208e-05
1.017188e+01 1.438990e-02 1.106741e-05
1.021875e+01 1.392503e-02 1.061184e-05
1.026562e+01 1.347409e-02 1.017464e-05
1.031250e+01 1.303674e-02 9.755086e-06
1.040625e+01 1.220130e-02 8.966185e-06
1.050000e+01 1.141592e-02 8.239913e-06
1.059375e+01 1.067793e-02 7.571429e-06
1.068750e+01 9.984761e-03 6.956256e-06
1.078125e+01 9.333959e-03 6.390249e-06
1.087500e+01 8.723184e-03 5.869574e-06
1.096875e+01 8.150200e-03 5.390687e-06
1.106250e+01 7.612876e-03 4.950309e-06
1.115625e+01 7.109181e-03 4.545412e-06
1.125000e+01 6.637183e-03 4.173197e-06
1.162500e+01 5.030740e-03 2.962348e-06
1.200000e+01 3.800110e-03 2.100022e-06
1.237500e+01 2.861757e-03 1.487074e-06
1.275000e+01 2.149198e-03 1.052074e-06
1.312500e+01 1.610069e-03 7.437654e-07
1.350000e+01 1.203490e-03 5.254906e-07
1.387500e+01 8.977856e-04 3.711050e-07
1.425000e+01 6.685566e-04 2.619984e-07
1.462500e+01 4.970860e-04 1.849396e-07
1.500000e+01 3.690518e-04 1.305254e-07
1.537500e+01 2.736476e-04 9.211950e-08
1.575000e+01 2.026745e-04 6.501719e-08
1.612500e+01 1.499553e-04 4.589363e-08
1.650000e+01 1.108475e-04 3.240022e-08
1.687500e+01 8.187153e-05 2.287892e-08
1.725000e+01 6.042547e-05 1.615965e-08
1.762500e+01 4.456768e-05 1.141700e-08
1.800000e+01 3.285205e-05 8.068774e-09
1.837500e+01 2.420322e-05 5.704382e-09
1.875000e+01 1.782272e-05 4.034238e-09
1.912500e+01 1.311853e-05 2.854120e-09
1.950000e+01 9.652123e-06 2.019965e-09
1.987500e+01 7.099062e-06 1.430134e-09
2.025000e+01 5.219496e-06 1.012905e-09
2.062500e+01 3.836300e-06 7.176535e-10
2.100000e+01 2.818749e-06 5.086371e-10
2.137500e+01 2.070424e-06 3.606095e-10
2.175000e+01 1.520245e-06 2.557321e-10
2.212500e+01 1.115833e-06 1.813939e-10
2.250000e+01 8.186315e-07 1.286807e-10
2.325000e+01 4.398560e-07 6.475223e-11
2.400000e+01 2.355491e-07 3.254236e-11
2.475000e+01 1.253816e-07 1.628821e-11
2.550000e+01 6.599918e-08 8.076967e-12
2.625000e+01 3.405153e-08 3.932495e-12
2.700000e+01 1.688930e-08 1.843632e-12
2.775000e+01 7.708999e-09 7.966400e-13
2.850000e+01 2.939699e-09 2.880072e-13
2.925000e+01 6.790232e-10 6.315722e-14
3.000000e+01 4.083764e-244 3.610840e-248
