# 
# Output from RAtom program.
# 
# Total radial electron density.
# The first column contains radius $r$ in bohr units.
# The second column holds $\rho(r)$.
# The third column holds $\tilde{\rho}(r) = \rho(r) / (\pi * r * r)$
# 
# Use this file with gnuplot to create the plot.
# 
# R     Rho     RhoTilde
#
0.000000e+00 0.000000e+00 3.016927e+05
7.629395e-05 2.181648e-02 2.982598e+05
1.525879e-04 8.627297e-02 2.948660e+05
2.288818e-04 1.919055e-01 2.915109e+05
3.051758e-04 3.372835e-01 2.881941e+05
3.814697e-04 5.210092e-01 2.849150e+05
4.577637e-04 7.417171e-01 2.816734e+05
5.340576e-04 9.980733e-01 2.784687e+05
6.103516e-04 1.288775e+00 2.753005e+05
6.866455e-04 1.612549e+00 2.721685e+05
7.629395e-04 1.968154e+00 2.690723e+05
8.392334e-04 2.354375e+00 2.660114e+05
9.155273e-04 2.770028e+00 2.629854e+05
9.918213e-04 3.213956e+00 2.599940e+05
1.068115e-03 3.685032e+00 2.570367e+05
1.144409e-03 4.182151e+00 2.541132e+05
1.220703e-03 4.704241e+00 2.512231e+05
1.296997e-03 5.250251e+00 2.483660e+05
1.373291e-03 5.819157e+00 2.455416e+05
1.449585e-03 6.409962e+00 2.427494e+05
1.525879e-03 7.021691e+00 2.399892e+05
1.678467e-03 8.304147e+00 2.345631e+05
1.831055e-03 9.659207e+00 2.292604e+05
1.983643e-03 1.107992e+01 2.240783e+05
2.136230e-03 1.255967e+01 2.190142e+05
2.288818e-03 1.409221e+01 2.140654e+05
2.441406e-03 1.567157e+01 2.092293e+05
2.593994e-03 1.729213e+01 2.045035e+05
2.746582e-03 1.894855e+01 1.998853e+05
2.899170e-03 2.063577e+01 1.953725e+05
3.051758e-03 2.234901e+01 1.909626e+05
3.356934e-03 2.583577e+01 1.824425e+05
3.662109e-03 2.937567e+01 1.743072e+05
3.967285e-03 3.293927e+01 1.665395e+05
4.272461e-03 3.650055e+01 1.591231e+05
4.577637e-03 4.003661e+01 1.520424e+05
4.882812e-03 4.352745e+01 1.452825e+05
5.187988e-03 4.695567e+01 1.388290e+05
5.493164e-03 5.030629e+01 1.326683e+05
5.798340e-03 5.356650e+01 1.267874e+05
6.103516e-03 5.672553e+01 1.211738e+05
6.256104e-03 5.826422e+01 1.184634e+05
6.408691e-03 5.977438e+01 1.158154e+05
6.561279e-03 6.125514e+01 1.132285e+05
6.713867e-03 6.270572e+01 1.107011e+05
6.866455e-03 6.412545e+01 1.082319e+05
7.019043e-03 6.551373e+01 1.058197e+05
7.171631e-03 6.687003e+01 1.034632e+05
7.324219e-03 6.819391e+01 1.011610e+05
7.476807e-03 6.948500e+01 9.891199e+04
7.629395e-03 7.074300e+01 9.671492e+04
7.781982e-03 7.196767e+01 9.456863e+04
7.934570e-03 7.315883e+01 9.247196e+04
8.087158e-03 7.431637e+01 9.042380e+04
8.239746e-03 7.544021e+01 8.842303e+04
8.392334e-03 7.653035e+01 8.646858e+04
8.544922e-03 7.758682e+01 8.455940e+04
8.697510e-03 7.860971e+01 8.269447e+04
8.850098e-03 7.959914e+01 8.087278e+04
9.002686e-03 8.055527e+01 7.909335e+04
9.155273e-03 8.147832e+01 7.735521e+04
9.307861e-03 8.236851e+01 7.565742e+04
9.460449e-03 8.322613e+01 7.399908e+04
9.613037e-03 8.405147e+01 7.237927e+04
9.765625e-03 8.484488e+01 7.079713e+04
9.918213e-03 8.560670e+01 6.925180e+04
1.007080e-02 8.633733e+01 6.774243e+04
1.022339e-02 8.703718e+01 6.626821e+04
1.037598e-02 8.770668e+01 6.482833e+04
1.052856e-02 8.834627e+01 6.342201e+04
1.068115e-02 8.895642e+01 6.204849e+04
1.083374e-02 8.953763e+01 6.070702e+04
1.098633e-02 9.009038e+01 5.939685e+04
1.113892e-02 9.061520e+01 5.811729e+04
1.129150e-02 9.111261e+01 5.686762e+04
1.144409e-02 9.158315e+01 5.564717e+04
1.159668e-02 9.202737e+01 5.445526e+04
1.174927e-02 9.244582e+01 5.329124e+04
1.190186e-02 9.283907e+01 5.215447e+04
1.205444e-02 9.320769e+01 5.104433e+04
1.220703e-02 9.355225e+01 4.996021e+04
1.235962e-02 9.387334e+01 4.890150e+04
1.251221e-02 9.417153e+01 4.786763e+04
1.266479e-02 9.444743e+01 4.685802e+04
1.281738e-02 9.470162e+01 4.587212e+04
1.296997e-02 9.493468e+01 4.490938e+04
1.312256e-02 9.514722e+01 4.396926e+04
1.327515e-02 9.533982e+01 4.305126e+04
1.342773e-02 9.551308e+01 4.215484e+04
1.358032e-02 9.566757e+01 4.127953e+04
1.373291e-02 9.580390e+01 4.042483e+04
1.388550e-02 9.592265e+01 3.959026e+04
1.403809e-02 9.602439e+01 3.877537e+04
1.419067e-02 9.610971e+01 3.797969e+04
1.434326e-02 9.617918e+01 3.720278e+04
1.449585e-02 9.623337e+01 3.644420e+04
1.464844e-02 9.627284e+01 3.570354e+04
1.480103e-02 9.629816e+01 3.498038e+04
1.495361e-02 9.630988e+01 3.427431e+04
1.510620e-02 9.630854e+01 3.358493e+04
1.525879e-02 9.629470e+01 3.291186e+04
1.556396e-02 9.623161e+01 3.161312e+04
1.586914e-02 9.612481e+01 3.037518e+04
1.617432e-02 9.597839e+01 2.919522e+04
1.647949e-02 9.579631e+01 2.807057e+04
1.678467e-02 9.558241e+01 2.699868e+04
1.708984e-02 9.534039e+01 2.597711e+04
1.739502e-02 9.507381e+01 2.500352e+04
1.770020e-02 9.478611e+01 2.407569e+04
1.800537e-02 9.448058e+01 2.319148e+04
1.831055e-02 9.416037e+01 2.234887e+04
1.861572e-02 9.382849e+01 2.154592e+04
1.892090e-02 9.348781e+01 2.078077e+04
1.922607e-02 9.314105e+01 2.005165e+04
1.953125e-02 9.279081e+01 1.935687e+04
1.983643e-02 9.243954e+01 1.869481e+04
2.014160e-02 9.208955e+01 1.806394e+04
2.044678e-02 9.174301e+01 1.746278e+04
2.075195e-02 9.140199e+01 1.688993e+04
2.105713e-02 9.106839e+01 1.634404e+04
2.136230e-02 9.074401e+01 1.582384e+04
2.166748e-02 9.043051e+01 1.532810e+04
2.197266e-02 9.012945e+01 1.485565e+04
2.227783e-02 8.984225e+01 1.440539e+04
2.258301e-02 8.957023e+01 1.397624e+04
2.288818e-02 8.931459e+01 1.356719e+04
2.319336e-02 8.907644e+01 1.317728e+04
2.349854e-02 8.885677e+01 1.280557e+04
2.380371e-02 8.865647e+01 1.245120e+04
2.410889e-02 8.847634e+01 1.211331e+04
2.441406e-02 8.831710e+01 1.179111e+04
2.471924e-02 8.817935e+01 1.148383e+04
2.502441e-02 8.806362e+01 1.119074e+04
2.532959e-02 8.797038e+01 1.091114e+04
2.563477e-02 8.789998e+01 1.064438e+04
2.593994e-02 8.785273e+01 1.038981e+04
2.624512e-02 8.782885e+01 1.014683e+04
2.655029e-02 8.782850e+01 9.914869e+03
2.685547e-02 8.785177e+01 9.693378e+03
2.716064e-02 8.789869e+01 9.481835e+03
2.746582e-02 8.796923e+01 9.279739e+03
2.777100e-02 8.806331e+01 9.086618e+03
2.807617e-02 8.818081e+01 8.902017e+03
2.838135e-02 8.832152e+01 8.725507e+03
2.868652e-02 8.848523e+01 8.556676e+03
2.899170e-02 8.867166e+01 8.395134e+03
2.929688e-02 8.888050e+01 8.240509e+03
2.960205e-02 8.911140e+01 8.092446e+03
2.990723e-02 8.936397e+01 7.950608e+03
3.021240e-02 8.963780e+01 7.814673e+03
3.051758e-02 8.993242e+01 7.684335e+03
3.067017e-02 9.008739e+01 7.621174e+03
3.082275e-02 9.024738e+01 7.559305e+03
3.097534e-02 9.041232e+01 7.498692e+03
3.112793e-02 9.058215e+01 7.439304e+03
3.128052e-02 9.075681e+01 7.381107e+03
3.143311e-02 9.093623e+01 7.324070e+03
3.158569e-02 9.112034e+01 7.268162e+03
3.173828e-02 9.130906e+01 7.213353e+03
3.189087e-02 9.150233e+01 7.159613e+03
3.204346e-02 9.170007e+01 7.106914e+03
3.211975e-02 9.180060e+01 7.080946e+03
3.219604e-02 9.190222e+01 7.055228e+03
3.227234e-02 9.200491e+01 7.029756e+03
3.234863e-02 9.210869e+01 7.004528e+03
3.242493e-02 9.221352e+01 6.979539e+03
3.250122e-02 9.231941e+01 6.954786e+03
3.257751e-02 9.242634e+01 6.930267e+03
3.265381e-02 9.253430e+01 6.905978e+03
3.273010e-02 9.264329e+01 6.881916e+03
3.280640e-02 9.275329e+01 6.858078e+03
3.288269e-02 9.286430e+01 6.834461e+03
3.295898e-02 9.297630e+01 6.811061e+03
3.303528e-02 9.308929e+01 6.787876e+03
3.311157e-02 9.320325e+01 6.764903e+03
3.318787e-02 9.331818e+01 6.742140e+03
3.326416e-02 9.343407e+01 6.719582e+03
3.334045e-02 9.355090e+01 6.697228e+03
3.341675e-02 9.366866e+01 6.675074e+03
3.349304e-02 9.378735e+01 6.653118e+03
3.356934e-02 9.390696e+01 6.631357e+03
3.387451e-02 9.439433e+01 6.546210e+03
3.417969e-02 9.489553e+01 6.463976e+03
3.448486e-02 9.540990e+01 6.384495e+03
3.479004e-02 9.593679e+01 6.307619e+03
3.509521e-02 9.647552e+01 6.233205e+03
3.540039e-02 9.702542e+01 6.161119e+03
3.570557e-02 9.758584e+01 6.091231e+03
3.601074e-02 9.815611e+01 6.023422e+03
3.631592e-02 9.873555e+01 5.957576e+03
3.662109e-02 9.932350e+01 5.893585e+03
3.723145e-02 1.005223e+02 5.770757e+03
3.784180e-02 1.017473e+02 5.654180e+03
3.845215e-02 1.029934e+02 5.543171e+03
3.906250e-02 1.042555e+02 5.437123e+03
3.967285e-02 1.055288e+02 5.335491e+03
4.028320e-02 1.068086e+02 5.237793e+03
4.089355e-02 1.080902e+02 5.143597e+03
4.150391e-02 1.093695e+02 5.052522e+03
4.211426e-02 1.106420e+02 4.964230e+03
4.272461e-02 1.119040e+02 4.878423e+03
4.333496e-02 1.131515e+02 4.794837e+03
4.394531e-02 1.143812e+02 4.713240e+03
4.455566e-02 1.155895e+02 4.633432e+03
4.516602e-02 1.167735e+02 4.555235e+03
4.577637e-02 1.179301e+02 4.478497e+03
4.638672e-02 1.190568e+02 4.403083e+03
4.699707e-02 1.201509e+02 4.328882e+03
4.760742e-02 1.212104e+02 4.255794e+03
4.821777e-02 1.222330e+02 4.183738e+03
4.882812e-02 1.232171e+02 4.112642e+03
5.004883e-02 1.250629e+02 3.973113e+03
5.126953e-02 1.267372e+02 3.836856e+03
5.249023e-02 1.282319e+02 3.703645e+03
5.371094e-02 1.295422e+02 3.573353e+03
5.493164e-02 1.306654e+02 3.445923e+03
5.615234e-02 1.316014e+02 3.321351e+03
5.737305e-02 1.323520e+02 3.199666e+03
5.859375e-02 1.329209e+02 3.080924e+03
5.981445e-02 1.333136e+02 2.965190e+03
6.103516e-02 1.335369e+02 2.852536e+03
6.134033e-02 1.335671e+02 2.824863e+03
6.164551e-02 1.335874e+02 2.797388e+03
6.195068e-02 1.335978e+02 2.770112e+03
6.225586e-02 1.335986e+02 2.743036e+03
6.256104e-02 1.335898e+02 2.716162e+03
6.286621e-02 1.335716e+02 2.689489e+03
6.317139e-02 1.335442e+02 2.663020e+03
6.347656e-02 1.335078e+02 2.636755e+03
6.378174e-02 1.334623e+02 2.610695e+03
6.408691e-02 1.334082e+02 2.584841e+03
6.423950e-02 1.333778e+02 2.571991e+03
6.439209e-02 1.333454e+02 2.559193e+03
6.454468e-02 1.333108e+02 2.546447e+03
6.469727e-02 1.332742e+02 2.533753e+03
6.484985e-02 1.332354e+02 2.521111e+03
6.500244e-02 1.331947e+02 2.508521e+03
6.515503e-02 1.331519e+02 2.495983e+03
6.530762e-02 1.331071e+02 2.483497e+03
6.546021e-02 1.330603e+02 2.471063e+03
6.561279e-02 1.330115e+02 2.458682e+03
6.576538e-02 1.329609e+02 2.446354e+03
6.591797e-02 1.329082e+02 2.434078e+03
6.607056e-02 1.328537e+02 2.421854e+03
6.622314e-02 1.327974e+02 2.409683e+03
6.637573e-02 1.327391e+02 2.397565e+03
6.652832e-02 1.326791e+02 2.385500e+03
6.668091e-02 1.326172e+02 2.373487e+03
6.683350e-02 1.325535e+02 2.361528e+03
6.698608e-02 1.324881e+02 2.349621e+03
6.713867e-02 1.324209e+02 2.337767e+03
6.774902e-02 1.321352e+02 2.290881e+03
6.835938e-02 1.318234e+02 2.244845e+03
6.896973e-02 1.314869e+02 2.199660e+03
6.958008e-02 1.311271e+02 2.155325e+03
7.019043e-02 1.307455e+02 2.111840e+03
7.080078e-02 1.303435e+02 2.069204e+03
7.141113e-02 1.299225e+02 2.027415e+03
7.202148e-02 1.294840e+02 1.986471e+03
7.263184e-02 1.290294e+02 1.946367e+03
7.324219e-02 1.285600e+02 1.907099e+03
7.385254e-02 1.280772e+02 1.868663e+03
7.446289e-02 1.275824e+02 1.831053e+03
7.507324e-02 1.270769e+02 1.794264e+03
7.568359e-02 1.265620e+02 1.758287e+03
7.629395e-02 1.260390e+02 1.723117e+03
7.690430e-02 1.255091e+02 1.688746e+03
7.751465e-02 1.249737e+02 1.655164e+03
7.812500e-02 1.244338e+02 1.622364e+03
7.873535e-02 1.238907e+02 1.590337e+03
7.934570e-02 1.233454e+02 1.559072e+03
7.995605e-02 1.227991e+02 1.528561e+03
8.056641e-02 1.222529e+02 1.498792e+03
8.117676e-02 1.217078e+02 1.469756e+03
8.178711e-02 1.211648e+02 1.441441e+03
8.239746e-02 1.206248e+02 1.413836e+03
8.300781e-02 1.200888e+02 1.386931e+03
8.361816e-02 1.195577e+02 1.360712e+03
8.422852e-02 1.190322e+02 1.335170e+03
8.483887e-02 1.185133e+02 1.310291e+03
8.544922e-02 1.180017e+02 1.286063e+03
8.605957e-02 1.174982e+02 1.262476e+03
8.666992e-02 1.170034e+02 1.239515e+03
8.728027e-02 1.165180e+02 1.217170e+03
8.789062e-02 1.160427e+02 1.195427e+03
8.850098e-02 1.155780e+02 1.174274e+03
8.911133e-02 1.151245e+02 1.153698e+03
8.972168e-02 1.146827e+02 1.133688e+03
9.033203e-02 1.142532e+02 1.114230e+03
9.094238e-02 1.138362e+02 1.095312e+03
9.155273e-02 1.134323e+02 1.076922e+03
9.216309e-02 1.130419e+02 1.059048e+03
9.277344e-02 1.126652e+02 1.041676e+03
9.338379e-02 1.123027e+02 1.024796e+03
9.399414e-02 1.119545e+02 1.008394e+03
9.460449e-02 1.116210e+02 9.924592e+02
9.521484e-02 1.113024e+02 9.769790e+02
9.582520e-02 1.109988e+02 9.619419e+02
9.643555e-02 1.107104e+02 9.473362e+02
9.704590e-02 1.104373e+02 9.331503e+02
9.765625e-02 1.101797e+02 9.193729e+02
9.826660e-02 1.099376e+02 9.059926e+02
9.887695e-02 1.097111e+02 8.929983e+02
9.948730e-02 1.095002e+02 8.803792e+02
1.000977e-01 1.093049e+02 8.681244e+02
1.007080e-01 1.091252e+02 8.562234e+02
1.013184e-01 1.089610e+02 8.446657e+02
1.019287e-01 1.088123e+02 8.334411e+02
1.025391e-01 1.086789e+02 8.225394e+02
1.031494e-01 1.085608e+02 8.119508e+02
1.037598e-01 1.084579e+02 8.016656e+02
1.043701e-01 1.083699e+02 7.916742e+02
1.049805e-01 1.082968e+02 7.819674e+02
1.055908e-01 1.082383e+02 7.725359e+02
1.062012e-01 1.081942e+02 7.633708e+02
1.068115e-01 1.081644e+02 7.544634e+02
1.074219e-01 1.081485e+02 7.458050e+02
1.080322e-01 1.081464e+02 7.373874e+02
1.086426e-01 1.081578e+02 7.292022e+02
1.092529e-01 1.081824e+02 7.212416e+02
1.098633e-01 1.082200e+02 7.134976e+02
1.104736e-01 1.082702e+02 7.059628e+02
1.110840e-01 1.083327e+02 6.986296e+02
1.116943e-01 1.084073e+02 6.914907e+02
1.123047e-01 1.084936e+02 6.845393e+02
1.129150e-01 1.085912e+02 6.777683e+02
1.135254e-01 1.086999e+02 6.711711e+02
1.141357e-01 1.088193e+02 6.647412e+02
1.147461e-01 1.089490e+02 6.584723e+02
1.153564e-01 1.090887e+02 6.523581e+02
1.159668e-01 1.092380e+02 6.463928e+02
1.165771e-01 1.093965e+02 6.405704e+02
1.171875e-01 1.095640e+02 6.348855e+02
1.177979e-01 1.097399e+02 6.293324e+02
1.184082e-01 1.099240e+02 6.239060e+02
1.190186e-01 1.101159e+02 6.186010e+02
1.196289e-01 1.103150e+02 6.134125e+02
1.202393e-01 1.105212e+02 6.083357e+02
1.208496e-01 1.107340e+02 6.033658e+02
1.214600e-01 1.109530e+02 5.984984e+02
1.220703e-01 1.111778e+02 5.937290e+02
1.226807e-01 1.114081e+02 5.890536e+02
1.232910e-01 1.116435e+02 5.844678e+02
1.239014e-01 1.118835e+02 5.799680e+02
1.245117e-01 1.121278e+02 5.755501e+02
1.251221e-01 1.123761e+02 5.712106e+02
1.257324e-01 1.126279e+02 5.669459e+02
1.263428e-01 1.128829e+02 5.627526e+02
1.269531e-01 1.131407e+02 5.586273e+02
1.275635e-01 1.134009e+02 5.545670e+02
1.281738e-01 1.136632e+02 5.505686e+02
1.283264e-01 1.137291e+02 5.495783e+02
1.284790e-01 1.137951e+02 5.485917e+02
1.286316e-01 1.138611e+02 5.476086e+02
1.287842e-01 1.139273e+02 5.466291e+02
1.289368e-01 1.139935e+02 5.456531e+02
1.290894e-01 1.140598e+02 5.446806e+02
1.292419e-01 1.141262e+02 5.437115e+02
1.293945e-01 1.141926e+02 5.427457e+02
1.295471e-01 1.142592e+02 5.417833e+02
1.296997e-01 1.143257e+02 5.408242e+02
1.297379e-01 1.143424e+02 5.405850e+02
1.297760e-01 1.143590e+02 5.403459e+02
1.298141e-01 1.143757e+02 5.401071e+02
1.298523e-01 1.143924e+02 5.398684e+02
1.298904e-01 1.144090e+02 5.396299e+02
1.299286e-01 1.144257e+02 5.393917e+02
1.299667e-01 1.144424e+02 5.391536e+02
1.300049e-01 1.144590e+02 5.389158e+02
1.300430e-01 1.144757e+02 5.386781e+02
1.300812e-01 1.144924e+02 5.384407e+02
1.301193e-01 1.145091e+02 5.382034e+02
1.301575e-01 1.145258e+02 5.379663e+02
1.301956e-01 1.145424e+02 5.377295e+02
1.302338e-01 1.145591e+02 5.374928e+02
1.302719e-01 1.145758e+02 5.372563e+02
1.303101e-01 1.145925e+02 5.370200e+02
1.303482e-01 1.146092e+02 5.367839e+02
1.303864e-01 1.146259e+02 5.365481e+02
1.304245e-01 1.146426e+02 5.363124e+02
1.304626e-01 1.146593e+02 5.360768e+02
1.305389e-01 1.146927e+02 5.356064e+02
1.306152e-01 1.147261e+02 5.351367e+02
1.306915e-01 1.147595e+02 5.346678e+02
1.307678e-01 1.147930e+02 5.341996e+02
1.308441e-01 1.148264e+02 5.337322e+02
1.309204e-01 1.148598e+02 5.332655e+02
1.309967e-01 1.148932e+02 5.327996e+02
1.310730e-01 1.149267e+02 5.323343e+02
1.311493e-01 1.149601e+02 5.318698e+02
1.312256e-01 1.149935e+02 5.314061e+02
1.315308e-01 1.151273e+02 5.295581e+02
1.318359e-01 1.152610e+02 5.277214e+02
1.321411e-01 1.153946e+02 5.258956e+02
1.324463e-01 1.155280e+02 5.240804e+02
1.327515e-01 1.156614e+02 5.222756e+02
1.330566e-01 1.157945e+02 5.204810e+02
1.333618e-01 1.159273e+02 5.186961e+02
1.336670e-01 1.160599e+02 5.169209e+02
1.339722e-01 1.161922e+02 5.151550e+02
1.342773e-01 1.163241e+02 5.133982e+02
1.354980e-01 1.168474e+02 5.064576e+02
1.367188e-01 1.173619e+02 4.996446e+02
1.379395e-01 1.178655e+02 4.929465e+02
1.391602e-01 1.183559e+02 4.863513e+02
1.403809e-01 1.188310e+02 4.798486e+02
1.416016e-01 1.192890e+02 4.734287e+02
1.428223e-01 1.197281e+02 4.670833e+02
1.440430e-01 1.201464e+02 4.608046e+02
1.452637e-01 1.205425e+02 4.545861e+02
1.464844e-01 1.209147e+02 4.484218e+02
1.477051e-01 1.212618e+02 4.423066e+02
1.489258e-01 1.215826e+02 4.362362e+02
1.501465e-01 1.218758e+02 4.302068e+02
1.513672e-01 1.221404e+02 4.242151e+02
1.525879e-01 1.223756e+02 4.182586e+02
1.538086e-01 1.225805e+02 4.123351e+02
1.550293e-01 1.227544e+02 4.064431e+02
1.562500e-01 1.228968e+02 4.005811e+02
1.574707e-01 1.230070e+02 3.947485e+02
1.586914e-01 1.230848e+02 3.889446e+02
1.593018e-01 1.231114e+02 3.860534e+02
1.599121e-01 1.231298e+02 3.831693e+02
1.605225e-01 1.231400e+02 3.802923e+02
1.611328e-01 1.231419e+02 3.774226e+02
1.617432e-01 1.231355e+02 3.745600e+02
1.623535e-01 1.231208e+02 3.717048e+02
1.629639e-01 1.230978e+02 3.688569e+02
1.635742e-01 1.230666e+02 3.660164e+02
1.641846e-01 1.230271e+02 3.631835e+02
1.647949e-01 1.229793e+02 3.603582e+02
1.654053e-01 1.229233e+02 3.575407e+02
1.660156e-01 1.228590e+02 3.547311e+02
1.666260e-01 1.227866e+02 3.519295e+02
1.672363e-01 1.227060e+02 3.491360e+02
1.678467e-01 1.226173e+02 3.463509e+02
1.684570e-01 1.225205e+02 3.435742e+02
1.690674e-01 1.224156e+02 3.408061e+02
1.696777e-01 1.223028e+02 3.380468e+02
1.702881e-01 1.221820e+02 3.352965e+02
1.708984e-01 1.220534e+02 3.325553e+02
1.721191e-01 1.217727e+02 3.271009e+02
1.733398e-01 1.214613e+02 3.216853e+02
1.745605e-01 1.211197e+02 3.163098e+02
1.757812e-01 1.207485e+02 3.109761e+02
1.770020e-01 1.203485e+02 3.056855e+02
1.782227e-01 1.199204e+02 3.004397e+02
1.794434e-01 1.194649e+02 2.952403e+02
1.806641e-01 1.189828e+02 2.900886e+02
1.818848e-01 1.184749e+02 2.849862e+02
1.831055e-01 1.179421e+02 2.799346e+02
1.843262e-01 1.173854e+02 2.749351e+02
1.855469e-01 1.168056e+02 2.699892e+02
1.867676e-01 1.162036e+02 2.650981e+02
1.879883e-01 1.155804e+02 2.602631e+02
1.892090e-01 1.149370e+02 2.554856e+02
1.904297e-01 1.142743e+02 2.507665e+02
1.916504e-01 1.135934e+02 2.461070e+02
1.928711e-01 1.128953e+02 2.415081e+02
1.940918e-01 1.121810e+02 2.369708e+02
1.953125e-01 1.114514e+02 2.324960e+02
1.977539e-01 1.099507e+02 2.237371e+02
2.001953e-01 1.084013e+02 2.152370e+02
2.026367e-01 1.068114e+02 2.070005e+02
2.050781e-01 1.051888e+02 1.990310e+02
2.075195e-01 1.035413e+02 1.913311e+02
2.099609e-01 1.018764e+02 1.839022e+02
2.124023e-01 1.002016e+02 1.767446e+02
2.148438e-01 9.852378e+01 1.698579e+02
2.172852e-01 9.684969e+01 1.632406e+02
2.197266e-01 9.518573e+01 1.568906e+02
2.209473e-01 9.435945e+01 1.538148e+02
2.221680e-01 9.353793e+01 1.508047e+02
2.233887e-01 9.272187e+01 1.478598e+02
2.246094e-01 9.191195e+01 1.449794e+02
2.258301e-01 9.110882e+01 1.421631e+02
2.270508e-01 9.031309e+01 1.394103e+02
2.282715e-01 8.952538e+01 1.367203e+02
2.294922e-01 8.874626e+01 1.340925e+02
2.307129e-01 8.797628e+01 1.315261e+02
2.319336e-01 8.721597e+01 1.290205e+02
2.331543e-01 8.646584e+01 1.265750e+02
2.343750e-01 8.572635e+01 1.241887e+02
2.355957e-01 8.499798e+01 1.218608e+02
2.368164e-01 8.428114e+01 1.195906e+02
2.380371e-01 8.357625e+01 1.173772e+02
2.392578e-01 8.288369e+01 1.152198e+02
2.404785e-01 8.220382e+01 1.131174e+02
2.416992e-01 8.153697e+01 1.110693e+02
2.429199e-01 8.088346e+01 1.090746e+02
2.441406e-01 8.024358e+01 1.071323e+02
2.453613e-01 7.961760e+01 1.052415e+02
2.465820e-01 7.900576e+01 1.034013e+02
2.478027e-01 7.840828e+01 1.016108e+02
2.490234e-01 7.782538e+01 9.986906e+01
2.502441e-01 7.725723e+01 9.817512e+01
2.514648e-01 7.670400e+01 9.652807e+01
2.526855e-01 7.616583e+01 9.492695e+01
2.539062e-01 7.564284e+01 9.337082e+01
2.551270e-01 7.513513e+01 9.185874e+01
2.563477e-01 7.464279e+01 9.038978e+01
2.566528e-01 7.452212e+01 9.002916e+01
2.569580e-01 7.440241e+01 8.967117e+01
2.572632e-01 7.428367e+01 8.931578e+01
2.575684e-01 7.416589e+01 8.896298e+01
2.578735e-01 7.404909e+01 8.861276e+01
2.581787e-01 7.393325e+01 8.826511e+01
2.584839e-01 7.381838e+01 8.792000e+01
2.587891e-01 7.370448e+01 8.757743e+01
2.590942e-01 7.359155e+01 8.723737e+01
2.593994e-01 7.347959e+01 8.689982e+01
2.595520e-01 7.342397e+01 8.673198e+01
2.597046e-01 7.336860e+01 8.656476e+01
2.598572e-01 7.331347e+01 8.639816e+01
2.600098e-01 7.325858e+01 8.623217e+01
2.601624e-01 7.320394e+01 8.606680e+01
2.603149e-01 7.314954e+01 8.590205e+01
2.604675e-01 7.309538e+01 8.573791e+01
2.606201e-01 7.304146e+01 8.557437e+01
2.607727e-01 7.298779e+01 8.541145e+01
2.609253e-01 7.293436e+01 8.524913e+01
2.610779e-01 7.288117e+01 8.508742e+01
2.612305e-01 7.282823e+01 8.492630e+01
2.613831e-01 7.277553e+01 8.476579e+01
2.615356e-01 7.272307e+01 8.460588e+01
2.616882e-01 7.267085e+01 8.444657e+01
2.618408e-01 7.261888e+01 8.428785e+01
2.619934e-01 7.256715e+01 8.412972e+01
2.621460e-01 7.251566e+01 8.397219e+01
2.622986e-01 7.246442e+01 8.381525e+01
2.624512e-01 7.241341e+01 8.365889e+01
2.630615e-01 7.221183e+01 8.303932e+01
2.636719e-01 7.201412e+01 8.242902e+01
2.642822e-01 7.182028e+01 8.182788e+01
2.648926e-01 7.163031e+01 8.123578e+01
2.655029e-01 7.144420e+01 8.065261e+01
2.661133e-01 7.126194e+01 8.007827e+01
2.667236e-01 7.108353e+01 7.951263e+01
2.673340e-01 7.090895e+01 7.895559e+01
2.679443e-01 7.073821e+01 7.840703e+01
2.685547e-01 7.057127e+01 7.786685e+01
2.697754e-01 7.024882e+01 7.681119e+01
2.709961e-01 6.994148e+01 7.578773e+01
2.722168e-01 6.964915e+01 7.479562e+01
2.734375e-01 6.937171e+01 7.383400e+01
2.746582e-01 6.910902e+01 7.290205e+01
2.758789e-01 6.886093e+01 7.199893e+01
2.770996e-01 6.862730e+01 7.112384e+01
2.783203e-01 6.840794e+01 7.027597e+01
2.795410e-01 6.820270e+01 6.945453e+01
2.807617e-01 6.801137e+01 6.865875e+01
2.819824e-01 6.783378e+01 6.788786e+01
2.832031e-01 6.766973e+01 6.714110e+01
2.844238e-01 6.751899e+01 6.641775e+01
2.856445e-01 6.738137e+01 6.571706e+01
2.868652e-01 6.725663e+01 6.503834e+01
2.880859e-01 6.714456e+01 6.438087e+01
2.893066e-01 6.704491e+01 6.374397e+01
2.905273e-01 6.695745e+01 6.312698e+01
2.917480e-01 6.688194e+01 6.252923e+01
2.929688e-01 6.681812e+01 6.195007e+01
2.941895e-01 6.676574e+01 6.138887e+01
2.954102e-01 6.672456e+01 6.084501e+01
2.966309e-01 6.669430e+01 6.031790e+01
2.978516e-01 6.667470e+01 5.980692e+01
2.990723e-01 6.666551e+01 5.931152e+01
3.002930e-01 6.666644e+01 5.883111e+01
3.015137e-01 6.667723e+01 5.836516e+01
3.027344e-01 6.669761e+01 5.791311e+01
3.039551e-01 6.672730e+01 5.747446e+01
3.051758e-01 6.676603e+01 5.704867e+01
3.063965e-01 6.681352e+01 5.663526e+01
3.076172e-01 6.686949e+01 5.623374e+01
3.088379e-01 6.693367e+01 5.584363e+01
3.100586e-01 6.700579e+01 5.546447e+01
3.112793e-01 6.708555e+01 5.509582e+01
3.125000e-01 6.717269e+01 5.473723e+01
3.137207e-01 6.726693e+01 5.438828e+01
3.149414e-01 6.736799e+01 5.404857e+01
3.161621e-01 6.747560e+01 5.371768e+01
3.173828e-01 6.758948e+01 5.339523e+01
3.186035e-01 6.770937e+01 5.308084e+01
3.198242e-01 6.783500e+01 5.277415e+01
3.210449e-01 6.796608e+01 5.247480e+01
3.222656e-01 6.810237e+01 5.218244e+01
3.234863e-01 6.824359e+01 5.189674e+01
3.247070e-01 6.838948e+01 5.161739e+01
3.259277e-01 6.853978e+01 5.134406e+01
3.271484e-01 6.869424e+01 5.107645e+01
3.283691e-01 6.885259e+01 5.081428e+01
3.295898e-01 6.901460e+01 5.055725e+01
3.308105e-01 6.918001e+01 5.030510e+01
3.320312e-01 6.934857e+01 5.005757e+01
3.332520e-01 6.952005e+01 4.981439e+01
3.344727e-01 6.969420e+01 4.957532e+01
3.356934e-01 6.987078e+01 4.934013e+01
3.369141e-01 7.004958e+01 4.910858e+01
3.381348e-01 7.023035e+01 4.888046e+01
3.393555e-01 7.041288e+01 4.865557e+01
3.405762e-01 7.059694e+01 4.843368e+01
3.417969e-01 7.078231e+01 4.821461e+01
3.442383e-01 7.115616e+01 4.778420e+01
3.466797e-01 7.153275e+01 4.736290e+01
3.491211e-01 7.191050e+01 4.694943e+01
3.515625e-01 7.228788e+01 4.654259e+01
3.540039e-01 7.266342e+01 4.614130e+01
3.564453e-01 7.303572e+01 4.574458e+01
3.588867e-01 7.340345e+01 4.535152e+01
3.613281e-01 7.376535e+01 4.496131e+01
3.637695e-01 7.412022e+01 4.457324e+01
3.662109e-01 7.446693e+01 4.418664e+01
3.686523e-01 7.480442e+01 4.380094e+01
3.710938e-01 7.513170e+01 4.341562e+01
3.735352e-01 7.544782e+01 4.303025e+01
3.759766e-01 7.575192e+01 4.264442e+01
3.784180e-01 7.604319e+01 4.225781e+01
3.808594e-01 7.632089e+01 4.187013e+01
3.833008e-01 7.658434e+01 4.148114e+01
3.857422e-01 7.683291e+01 4.109066e+01
3.881836e-01 7.706602e+01 4.069853e+01
3.906250e-01 7.728318e+01 4.030464e+01
3.930664e-01 7.748393e+01 3.990891e+01
3.955078e-01 7.766785e+01 3.951129e+01
3.979492e-01 7.783458e+01 3.911176e+01
4.003906e-01 7.798383e+01 3.871033e+01
4.028320e-01 7.811534e+01 3.830703e+01
4.052734e-01 7.822889e+01 3.790190e+01
4.077148e-01 7.832431e+01 3.749503e+01
4.101562e-01 7.840149e+01 3.708649e+01
4.125977e-01 7.846033e+01 3.667640e+01
4.150391e-01 7.850078e+01 3.626487e+01
4.174805e-01 7.852283e+01 3.585203e+01
4.199219e-01 7.852651e+01 3.543802e+01
4.223633e-01 7.851187e+01 3.502298e+01
4.248047e-01 7.847899e+01 3.460708e+01
4.272461e-01 7.842799e+01 3.419047e+01
4.296875e-01 7.835902e+01 3.377331e+01
4.321289e-01 7.827224e+01 3.335579e+01
4.345703e-01 7.816785e+01 3.293807e+01
4.370117e-01 7.804607e+01 3.252033e+01
4.394531e-01 7.790714e+01 3.210275e+01
4.406738e-01 7.783132e+01 3.189407e+01
4.418945e-01 7.775131e+01 3.168550e+01
4.431152e-01 7.766715e+01 3.147706e+01
4.443359e-01 7.757887e+01 3.126876e+01
4.455566e-01 7.748651e+01 3.106064e+01
4.467773e-01 7.739011e+01 3.085271e+01
4.479980e-01 7.728971e+01 3.064499e+01
4.492188e-01 7.718534e+01 3.043752e+01
4.504395e-01 7.707706e+01 3.023030e+01
4.516602e-01 7.696489e+01 3.002336e+01
4.528809e-01 7.684889e+01 2.981672e+01
4.541016e-01 7.672910e+01 2.961040e+01
4.553223e-01 7.660556e+01 2.940442e+01
4.565430e-01 7.647832e+01 2.919881e+01
4.577637e-01 7.634742e+01 2.899358e+01
4.589844e-01 7.621290e+01 2.878875e+01
4.602051e-01 7.607483e+01 2.858435e+01
4.614258e-01 7.593323e+01 2.838039e+01
4.626465e-01 7.578817e+01 2.817689e+01
4.638672e-01 7.563968e+01 2.797387e+01
4.663086e-01 7.533264e+01 2.756935e+01
4.687500e-01 7.501250e+01 2.716697e+01
4.711914e-01 7.467967e+01 2.676688e+01
4.736328e-01 7.433455e+01 2.636922e+01
4.760742e-01 7.397754e+01 2.597411e+01
4.785156e-01 7.360905e+01 2.558168e+01
4.809570e-01 7.322951e+01 2.519206e+01
4.833984e-01 7.283931e+01 2.480536e+01
4.858398e-01 7.243889e+01 2.442169e+01
4.882812e-01 7.202864e+01 2.404115e+01
4.907227e-01 7.160899e+01 2.366385e+01
4.931641e-01 7.118035e+01 2.328989e+01
4.956055e-01 7.074313e+01 2.291934e+01
4.980469e-01 7.029773e+01 2.255231e+01
5.004883e-01 6.984456e+01 2.218885e+01
5.029297e-01 6.938402e+01 2.182906e+01
5.053711e-01 6.891652e+01 2.147300e+01
5.078125e-01 6.844244e+01 2.112073e+01
5.102539e-01 6.796217e+01 2.077231e+01
5.126953e-01 6.747611e+01 2.042779e+01
5.133057e-01 6.735373e+01 2.034228e+01
5.139160e-01 6.723102e+01 2.025702e+01
5.145264e-01 6.710798e+01 2.017200e+01
5.151367e-01 6.698462e+01 2.008724e+01
5.157471e-01 6.686094e+01 2.000272e+01
5.163574e-01 6.673696e+01 1.991846e+01
5.169678e-01 6.661267e+01 1.983444e+01
5.175781e-01 6.648808e+01 1.975068e+01
5.181885e-01 6.636320e+01 1.966717e+01
5.187988e-01 6.623804e+01 1.958392e+01
5.191040e-01 6.617535e+01 1.954239e+01
5.194092e-01 6.611259e+01 1.950092e+01
5.197144e-01 6.604976e+01 1.945951e+01
5.200195e-01 6.598687e+01 1.941817e+01
5.203247e-01 6.592391e+01 1.937689e+01
5.206299e-01 6.586088e+01 1.933568e+01
5.209351e-01 6.579778e+01 1.929453e+01
5.212402e-01 6.573462e+01 1.925344e+01
5.215454e-01 6.567139e+01 1.921242e+01
5.218506e-01 6.560810e+01 1.917146e+01
5.221558e-01 6.554475e+01 1.913057e+01
5.224609e-01 6.548133e+01 1.908974e+01
5.227661e-01 6.541785e+01 1.904897e+01
5.230713e-01 6.535431e+01 1.900827e+01
5.233765e-01 6.529071e+01 1.896763e+01
5.236816e-01 6.522705e+01 1.892706e+01
5.239868e-01 6.516333e+01 1.888655e+01
5.242920e-01 6.509956e+01 1.884611e+01
5.245972e-01 6.503572e+01 1.880573e+01
5.249023e-01 6.497183e+01 1.876542e+01
5.261230e-01 6.471569e+01 1.860480e+01
5.273438e-01 6.445870e+01 1.844523e+01
5.285645e-01 6.420089e+01 1.828670e+01
5.297852e-01 6.394230e+01 1.812921e+01
5.310059e-01 6.368297e+01 1.797276e+01
5.322266e-01 6.342295e+01 1.781736e+01
5.334473e-01 6.316227e+01 1.766302e+01
5.346680e-01 6.290098e+01 1.750972e+01
5.358887e-01 6.263912e+01 1.735748e+01
5.371094e-01 6.237673e+01 1.720629e+01
5.419922e-01 6.132256e+01 1.661209e+01
5.468750e-01 6.026287e+01 1.603481e+01
5.517578e-01 5.919993e+01 1.547442e+01
5.566406e-01 5.813593e+01 1.493087e+01
5.615234e-01 5.707290e+01 1.440404e+01
5.664062e-01 5.601278e+01 1.389380e+01
5.712891e-01 5.495736e+01 1.339998e+01
5.761719e-01 5.390832e+01 1.292236e+01
5.810547e-01 5.286724e+01 1.246071e+01
5.859375e-01 5.183556e+01 1.201477e+01
5.908203e-01 5.081462e+01 1.158425e+01
5.957031e-01 4.980566e+01 1.116886e+01
6.005859e-01 4.880978e+01 1.076829e+01
6.054688e-01 4.782803e+01 1.038219e+01
6.103516e-01 4.686130e+01 1.001024e+01
6.152344e-01 4.591044e+01 9.652069e+00
6.201172e-01 4.497618e+01 9.307330e+00
6.250000e-01 4.405916e+01 8.975658e+00
6.298828e-01 4.315995e+01 8.656684e+00
6.347656e-01 4.227904e+01 8.350038e+00
6.359863e-01 4.206172e+01 8.275259e+00
6.372070e-01 4.184558e+01 8.201222e+00
6.384277e-01 4.163061e+01 8.127921e+00
6.396484e-01 4.141684e+01 8.055349e+00
6.408691e-01 4.120425e+01 7.983502e+00
6.420898e-01 4.099286e+01 7.912373e+00
6.433105e-01 4.078267e+01 7.841957e+00
6.445312e-01 4.057369e+01 7.772248e+00
6.457520e-01 4.036591e+01 7.703240e+00
6.469727e-01 4.015934e+01 7.634927e+00
6.481934e-01 3.995400e+01 7.567304e+00
6.494141e-01 3.974986e+01 7.500365e+00
6.506348e-01 3.954695e+01 7.434104e+00
6.518555e-01 3.934527e+01 7.368516e+00
6.530762e-01 3.914481e+01 7.303594e+00
6.542969e-01 3.894558e+01 7.239334e+00
6.555176e-01 3.874758e+01 7.175729e+00
6.567383e-01 3.855081e+01 7.112774e+00
6.579590e-01 3.835528e+01 7.050463e+00
6.591797e-01 3.816098e+01 6.988791e+00
6.616211e-01 3.777610e+01 6.867341e+00
6.640625e-01 3.739618e+01 6.748378e+00
6.665039e-01 3.702121e+01 6.631860e+00
6.689453e-01 3.665120e+01 6.517741e+00
6.713867e-01 3.628615e+01 6.405979e+00
6.738281e-01 3.592605e+01 6.296532e+00
6.762695e-01 3.557090e+01 6.189355e+00
6.787109e-01 3.522069e+01 6.084408e+00
6.811523e-01 3.487540e+01 5.981648e+00
6.835938e-01 3.453502e+01 5.881034e+00
6.884766e-01 3.386892e+01 5.686082e+00
6.933594e-01 3.322222e+01 5.499231e+00
6.982422e-01 3.259473e+01 5.320167e+00
7.031250e-01 3.198622e+01 5.148586e+00
7.080078e-01 3.139644e+01 4.984189e+00
7.128906e-01 3.082513e+01 4.826688e+00
7.177734e-01 3.027197e+01 4.675802e+00
7.226562e-01 2.973666e+01 4.531258e+00
7.275391e-01 2.921886e+01 4.392793e+00
7.324219e-01 2.871822e+01 4.260152e+00
7.373047e-01 2.823438e+01 4.133085e+00
7.421875e-01 2.776696e+01 4.011356e+00
7.470703e-01 2.731558e+01 3.894733e+00
7.519531e-01 2.687986e+01 3.782993e+00
7.568359e-01 2.645938e+01 3.675922e+00
7.617188e-01 2.605375e+01 3.573313e+00
7.666016e-01 2.566255e+01 3.474967e+00
7.714844e-01 2.528539e+01 3.380692e+00
7.763672e-01 2.492185e+01 3.290304e+00
7.812500e-01 2.457151e+01 3.203627e+00
7.861328e-01 2.423397e+01 3.120491e+00
7.910156e-01 2.390882e+01 3.040732e+00
7.958984e-01 2.359565e+01 2.964195e+00
8.007812e-01 2.329406e+01 2.890730e+00
8.056641e-01 2.300365e+01 2.820193e+00
8.105469e-01 2.272402e+01 2.752447e+00
8.154297e-01 2.245478e+01 2.687360e+00
8.203125e-01 2.219555e+01 2.624807e+00
8.251953e-01 2.194595e+01 2.564668e+00
8.300781e-01 2.170562e+01 2.506827e+00
8.349609e-01 2.147417e+01 2.451175e+00
8.398438e-01 2.125127e+01 2.397607e+00
8.447266e-01 2.103655e+01 2.346023e+00
8.496094e-01 2.082968e+01 2.296329e+00
8.544922e-01 2.063031e+01 2.248432e+00
8.593750e-01 2.043814e+01 2.202247e+00
8.642578e-01 2.025283e+01 2.157691e+00
8.691406e-01 2.007408e+01 2.114685e+00
8.740234e-01 1.990159e+01 2.073154e+00
8.789062e-01 1.973506e+01 2.033028e+00
8.837891e-01 1.957421e+01 1.994239e+00
8.886719e-01 1.941877e+01 1.956721e+00
8.935547e-01 1.926846e+01 1.920414e+00
8.984375e-01 1.912304e+01 1.885260e+00
9.033203e-01 1.898224e+01 1.851203e+00
9.082031e-01 1.884584e+01 1.818191e+00
9.130859e-01 1.871359e+01 1.786174e+00
9.179688e-01 1.858527e+01 1.755105e+00
9.228516e-01 1.846066e+01 1.724938e+00
9.277344e-01 1.833955e+01 1.695632e+00
9.326172e-01 1.822176e+01 1.667146e+00
9.375000e-01 1.810707e+01 1.639441e+00
9.423828e-01 1.799530e+01 1.612481e+00
9.472656e-01 1.788628e+01 1.586232e+00
9.521484e-01 1.777984e+01 1.560661e+00
9.570312e-01 1.767581e+01 1.535738e+00
9.619141e-01 1.757403e+01 1.511433e+00
9.667969e-01 1.747436e+01 1.487719e+00
9.716797e-01 1.737665e+01 1.464569e+00
9.765625e-01 1.728077e+01 1.441959e+00
9.814453e-01 1.718658e+01 1.419866e+00
9.863281e-01 1.709396e+01 1.398267e+00
9.912109e-01 1.700279e+01 1.377141e+00
9.960938e-01 1.691297e+01 1.356468e+00
1.000977e+00 1.682438e+01 1.336230e+00
1.005859e+00 1.673692e+01 1.316410e+00
1.010742e+00 1.665050e+01 1.296990e+00
1.015625e+00 1.656502e+01 1.277954e+00
1.020508e+00 1.648040e+01 1.259288e+00
1.025391e+00 1.639656e+01 1.240978e+00
1.026611e+00 1.637571e+01 1.236455e+00
1.027832e+00 1.635491e+01 1.231952e+00
1.029053e+00 1.633414e+01 1.227471e+00
1.030273e+00 1.631342e+01 1.223010e+00
1.031494e+00 1.629274e+01 1.218570e+00
1.032715e+00 1.627209e+01 1.214151e+00
1.033936e+00 1.625148e+01 1.209752e+00
1.035156e+00 1.623091e+01 1.205372e+00
1.036377e+00 1.621037e+01 1.201013e+00
1.037598e+00 1.618987e+01 1.196673e+00
1.038208e+00 1.617963e+01 1.194511e+00
1.038818e+00 1.616940e+01 1.192353e+00
1.039429e+00 1.615918e+01 1.190200e+00
1.040039e+00 1.614896e+01 1.188052e+00
1.040649e+00 1.613876e+01 1.185909e+00
1.041260e+00 1.612856e+01 1.183770e+00
1.041870e+00 1.611836e+01 1.181637e+00
1.042480e+00 1.610818e+01 1.179508e+00
1.043091e+00 1.609800e+01 1.177383e+00
1.043701e+00 1.608783e+01 1.175264e+00
1.044312e+00 1.607767e+01 1.173149e+00
1.044922e+00 1.606751e+01 1.171038e+00
1.045532e+00 1.605736e+01 1.168933e+00
1.046143e+00 1.604722e+01 1.166832e+00
1.046753e+00 1.603708e+01 1.164735e+00
1.047363e+00 1.602695e+01 1.162643e+00
1.047974e+00 1.601683e+01 1.160556e+00
1.048584e+00 1.600672e+01 1.158473e+00
1.049194e+00 1.599660e+01 1.156395e+00
1.049805e+00 1.598650e+01 1.154321e+00
1.052246e+00 1.594614e+01 1.146070e+00
1.054688e+00 1.590587e+01 1.137889e+00
1.057129e+00 1.586569e+01 1.129778e+00
1.059570e+00 1.582558e+01 1.121735e+00
1.062012e+00 1.578554e+01 1.113758e+00
1.064453e+00 1.574556e+01 1.105848e+00
1.066895e+00 1.570565e+01 1.098002e+00
1.069336e+00 1.566579e+01 1.090220e+00
1.071777e+00 1.562598e+01 1.082501e+00
1.074219e+00 1.558621e+01 1.074844e+00
1.083984e+00 1.542749e+01 1.044815e+00
1.093750e+00 1.526913e+01 1.015707e+00
1.103516e+00 1.511090e+01 9.874690e-01
1.113281e+00 1.495261e+01 9.600576e-01
1.123047e+00 1.479410e+01 9.334327e-01
1.132812e+00 1.463526e+01 9.075586e-01
1.142578e+00 1.447600e+01 8.824031e-01
1.152344e+00 1.431626e+01 8.579372e-01
1.162109e+00 1.415598e+01 8.341347e-01
1.171875e+00 1.399517e+01 8.109716e-01
1.181641e+00 1.383381e+01 7.884262e-01
1.191406e+00 1.367192e+01 7.664785e-01
1.201172e+00 1.350955e+01 7.451103e-01
1.210938e+00 1.334672e+01 7.243046e-01
1.220703e+00 1.318350e+01 7.040455e-01
1.230469e+00 1.301995e+01 6.843186e-01
1.240234e+00 1.285614e+01 6.651098e-01
1.250000e+00 1.269216e+01 6.464064e-01
1.259766e+00 1.252808e+01 6.281958e-01
1.269531e+00 1.236399e+01 6.104665e-01
1.271973e+00 1.232297e+01 6.061080e-01
1.274414e+00 1.228196e+01 6.017788e-01
1.276855e+00 1.224096e+01 5.974785e-01
1.279297e+00 1.219997e+01 5.932072e-01
1.281738e+00 1.215900e+01 5.889645e-01
1.284180e+00 1.211803e+01 5.847504e-01
1.286621e+00 1.207707e+01 5.805646e-01
1.289062e+00 1.203614e+01 5.764071e-01
1.291504e+00 1.199521e+01 5.722776e-01
1.293945e+00 1.195431e+01 5.681759e-01
1.296387e+00 1.191343e+01 5.641021e-01
1.298828e+00 1.187256e+01 5.600558e-01
1.301270e+00 1.183172e+01 5.560369e-01
1.303711e+00 1.179091e+01 5.520453e-01
1.306152e+00 1.175011e+01 5.480808e-01
1.308594e+00 1.170935e+01 5.441432e-01
1.311035e+00 1.166861e+01 5.402325e-01
1.313477e+00 1.162791e+01 5.363484e-01
1.315918e+00 1.158723e+01 5.324909e-01
1.318359e+00 1.154659e+01 5.286596e-01
1.323242e+00 1.146540e+01 5.210757e-01
1.328125e+00 1.138437e+01 5.135955e-01
1.333008e+00 1.130349e+01 5.062178e-01
1.337891e+00 1.122279e+01 4.989415e-01
1.342773e+00 1.114226e+01 4.917654e-01
1.347656e+00 1.106193e+01 4.846885e-01
1.352539e+00 1.098180e+01 4.777096e-01
1.357422e+00 1.090188e+01 4.708275e-01
1.362305e+00 1.082219e+01 4.640414e-01
1.367188e+00 1.074273e+01 4.573499e-01
1.386719e+00 1.042744e+01 4.315101e-01
1.406250e+00 1.011667e+01 4.071016e-01
1.425781e+00 9.810999e+00 3.840587e-01
1.445312e+00 9.510921e+00 3.623174e-01
1.464844e+00 9.216890e+00 3.418156e-01
1.484375e+00 8.929296e+00 3.224928e-01
1.503906e+00 8.648472e+00 3.042902e-01
1.523438e+00 8.374695e+00 2.871507e-01
1.542969e+00 8.108186e+00 2.710189e-01
1.562500e+00 7.849119e+00 2.558415e-01
1.582031e+00 7.597621e+00 2.415670e-01
1.601562e+00 7.353774e+00 2.281459e-01
1.621094e+00 7.117620e+00 2.155305e-01
1.640625e+00 6.889162e+00 2.036751e-01
1.660156e+00 6.668373e+00 1.925361e-01
1.679688e+00 6.455196e+00 1.820718e-01
1.699219e+00 6.249546e+00 1.722424e-01
1.718750e+00 6.051317e+00 1.630101e-01
1.738281e+00 5.860381e+00 1.543391e-01
1.757812e+00 5.676596e+00 1.461952e-01
1.777344e+00 5.499800e+00 1.385461e-01
1.796875e+00 5.329824e+00 1.313612e-01
1.816406e+00 5.166485e+00 1.246118e-01
1.835938e+00 5.009594e+00 1.182706e-01
1.855469e+00 4.858956e+00 1.123119e-01
1.875000e+00 4.714371e+00 1.067115e-01
1.894531e+00 4.575636e+00 1.014467e-01
1.914062e+00 4.442546e+00 9.649613e-02
1.933594e+00 4.314898e+00 9.183964e-02
1.953125e+00 4.192485e+00 8.745842e-02
1.962891e+00 4.133180e+00 8.536547e-02
1.972656e+00 4.075107e+00 8.333479e-02
1.982422e+00 4.018243e+00 8.136436e-02
1.992188e+00 3.962563e+00 7.945220e-02
2.001953e+00 3.908042e+00 7.759640e-02
2.011719e+00 3.854656e+00 7.579512e-02
2.021484e+00 3.802380e+00 7.404657e-02
2.031250e+00 3.751192e+00 7.234902e-02
2.041016e+00 3.701067e+00 7.070081e-02
2.050781e+00 3.651981e+00 6.910031e-02
2.055664e+00 3.627822e+00 6.831747e-02
2.060547e+00 3.603913e+00 6.754598e-02
2.065430e+00 3.580254e+00 6.678564e-02
2.070312e+00 3.556840e+00 6.603628e-02
2.075195e+00 3.533669e+00 6.529772e-02
2.080078e+00 3.510738e+00 6.456977e-02
2.084961e+00 3.488045e+00 6.385227e-02
2.089844e+00 3.465586e+00 6.314504e-02
2.094727e+00 3.443360e+00 6.244791e-02
2.099609e+00 3.421363e+00 6.176072e-02
2.104492e+00 3.399594e+00 6.108330e-02
2.109375e+00 3.378048e+00 6.041549e-02
2.114258e+00 3.356723e+00 5.975714e-02
2.119141e+00 3.335618e+00 5.910808e-02
2.124023e+00 3.314729e+00 5.846817e-02
2.128906e+00 3.294054e+00 5.783726e-02
2.133789e+00 3.273590e+00 5.721520e-02
2.138672e+00 3.253334e+00 5.660184e-02
2.143555e+00 3.233285e+00 5.599703e-02
2.148438e+00 3.213440e+00 5.540066e-02
2.167969e+00 3.136049e+00 5.309663e-02
2.187500e+00 3.061728e+00 5.091675e-02
2.207031e+00 2.990330e+00 4.885312e-02
2.226562e+00 2.921714e+00 4.689841e-02
2.246094e+00 2.855745e+00 4.504575e-02
2.265625e+00 2.792292e+00 4.328874e-02
2.285156e+00 2.731232e+00 4.162143e-02
2.304688e+00 2.672445e+00 4.003823e-02
2.324219e+00 2.615818e+00 3.853397e-02
2.343750e+00 2.561243e+00 3.710379e-02
2.363281e+00 2.508615e+00 3.574320e-02
2.382812e+00 2.457837e+00 3.444796e-02
2.402344e+00 2.408815e+00 3.321416e-02
2.421875e+00 2.361460e+00 3.203814e-02
2.441406e+00 2.315686e+00 3.091646e-02
2.460938e+00 2.271415e+00 2.984595e-02
2.480469e+00 2.228568e+00 2.882362e-02
2.500000e+00 2.187074e+00 2.784670e-02
2.519531e+00 2.146865e+00 2.691258e-02
2.539062e+00 2.107875e+00 2.601886e-02
2.558594e+00 2.070043e+00 2.516326e-02
2.578125e+00 2.033311e+00 2.434367e-02
2.597656e+00 1.997624e+00 2.355811e-02
2.617188e+00 1.962929e+00 2.280473e-02
2.636719e+00 1.929178e+00 2.208182e-02
2.656250e+00 1.896324e+00 2.138774e-02
2.675781e+00 1.864324e+00 2.072098e-02
2.695312e+00 1.833137e+00 2.008014e-02
2.714844e+00 1.802722e+00 1.946387e-02
2.734375e+00 1.773045e+00 1.887095e-02
2.773438e+00 1.715764e+00 1.775051e-02
2.812500e+00 1.661041e+00 1.671035e-02
2.851562e+00 1.608652e+00 1.574296e-02
2.890625e+00 1.558398e+00 1.484175e-02
2.929688e+00 1.510104e+00 1.400085e-02
2.968750e+00 1.463615e+00 1.321508e-02
3.007812e+00 1.418794e+00 1.247981e-02
3.046875e+00 1.375520e+00 1.179092e-02
3.085938e+00 1.333686e+00 1.114473e-02
3.125000e+00 1.293198e+00 1.053793e-02
3.203125e+00 1.215940e+00 9.430929e-03
3.281250e+00 1.143189e+00 8.449471e-03
3.359375e+00 1.074510e+00 7.576763e-03
3.437500e+00 1.009560e+00 6.798871e-03
3.515625e+00 9.480636e-01 6.104112e-03
3.593750e+00 8.897985e-01 5.482594e-03
3.671875e+00 8.345804e-01 4.925866e-03
3.750000e+00 7.822532e-01 4.426648e-03
3.828125e+00 7.326814e-01 3.978625e-03
3.906250e+00 6.857442e-01 3.576286e-03
3.945312e+00 6.632289e-01 3.390711e-03
3.984375e+00 6.413317e-01 3.214789e-03
4.023438e+00 6.200398e-01 3.048002e-03
4.062500e+00 5.993411e-01 2.889864e-03
4.101562e+00 5.792233e-01 2.739918e-03
4.140625e+00 5.596748e-01 2.597730e-03
4.179688e+00 5.406838e-01 2.462895e-03
4.218750e+00 5.222389e-01 2.335026e-03
4.257812e+00 5.043289e-01 2.213762e-03
4.296875e+00 4.869423e-01 2.098757e-03
4.335938e+00 4.700683e-01 1.989688e-03
4.375000e+00 4.536957e-01 1.886247e-03
4.414062e+00 4.378137e-01 1.788144e-03
4.453125e+00 4.224114e-01 1.695103e-03
4.492188e+00 4.074782e-01 1.606863e-03
4.531250e+00 3.930033e-01 1.523177e-03
4.570312e+00 3.789763e-01 1.443811e-03
4.609375e+00 3.653865e-01 1.368543e-03
4.648438e+00 3.522238e-01 1.297164e-03
4.687500e+00 3.394777e-01 1.229473e-03
4.765625e+00 3.151948e-01 1.104408e-03
4.843750e+00 2.924577e-01 9.919500e-04
4.921875e+00 2.711879e-01 8.908391e-04
5.000000e+00 2.513089e-01 7.999411e-04
5.078125e+00 2.327464e-01 7.182347e-04
5.156250e+00 2.154283e-01 6.447999e-04
5.234375e+00 1.992848e-01 5.788081e-04
5.312500e+00 1.842485e-01 5.195129e-04
5.390625e+00 1.702548e-01 4.662420e-04
5.468750e+00 1.572414e-01 4.183897e-04
5.546875e+00 1.451488e-01 3.754107e-04
5.625000e+00 1.339198e-01 3.368138e-04
5.703125e+00 1.235002e-01 3.021566e-04
5.781250e+00 1.138383e-01 2.710410e-04
5.859375e+00 1.048848e-01 2.431085e-04
5.937500e+00 9.659314e-02 2.180365e-04
6.015625e+00 8.891914e-02 1.955347e-04
6.093750e+00 8.182105e-02 1.753420e-04
6.171875e+00 7.525946e-02 1.572233e-04
6.250000e+00 6.919722e-02 1.409674e-04
6.406250e+00 5.843305e-02 1.133029e-04
6.562500e+00 4.927364e-02 9.104711e-05
6.718750e+00 4.149479e-02 7.314871e-05
6.875000e+00 3.490041e-02 5.875911e-05
7.031250e+00 2.931967e-02 4.719371e-05
7.187500e+00 2.460428e-02 3.790051e-05
7.343750e+00 2.062599e-02 3.043471e-05
7.500000e+00 1.727424e-02 2.443805e-05
7.656250e+00 1.445404e-02 1.962217e-05
7.812500e+00 1.208398e-02 1.575506e-05
7.890625e+00 1.104560e-02 1.411746e-05
7.968750e+00 1.009451e-02 1.265013e-05
8.046875e+00 9.223593e-03 1.133537e-05
8.125000e+00 8.426302e-03 1.015735e-05
8.203125e+00 7.696585e-03 9.101847e-06
8.281250e+00 7.028869e-03 8.156124e-06
8.359375e+00 6.418031e-03 7.308770e-06
8.437500e+00 5.859352e-03 6.549561e-06
8.515625e+00 5.348487e-03 5.869323e-06
8.593750e+00 4.881436e-03 5.259838e-06
8.671875e+00 4.454531e-03 4.713746e-06
8.750000e+00 4.064398e-03 4.224450e-06
8.828125e+00 3.707935e-03 3.786041e-06
8.906250e+00 3.382298e-03 3.393222e-06
8.984375e+00 3.084873e-03 3.041246e-06
9.062500e+00 2.813261e-03 2.725864e-06
9.140625e+00 2.565264e-03 2.443264e-06
9.218750e+00 2.338864e-03 2.190035e-06
9.296875e+00 2.132212e-03 1.963119e-06
9.375000e+00 1.943614e-03 1.759777e-06
9.687500e+00 1.340595e-03 1.136748e-06
1.000000e+01 9.233414e-04 7.347718e-07
1.031250e+01 6.351600e-04 4.752754e-07
1.062500e+01 4.364454e-04 3.076537e-07
1.093750e+01 2.996175e-04 1.993063e-07
1.125000e+01 2.055177e-04 1.292214e-07
1.156250e+01 1.408704e-04 8.385063e-08
1.187500e+01 9.649857e-05 5.445575e-08
1.218750e+01 6.606731e-05 3.539545e-08
1.250000e+01 4.521153e-05 2.302605e-08
1.281250e+01 3.092715e-05 1.499209e-08
1.312500e+01 2.114816e-05 9.769312e-09
1.343750e+01 1.445723e-05 6.371450e-09
1.375000e+01 9.880856e-06 4.158908e-09
1.406250e+01 6.751652e-06 2.716909e-09
1.437500e+01 4.612500e-06 1.776277e-09
1.468750e+01 3.150531e-06 1.162193e-09
1.500000e+01 2.151723e-06 7.610162e-10
1.531250e+01 1.469526e-06 4.987410e-10
1.562500e+01 1.003608e-06 3.271254e-10
1.593750e+01 6.854136e-07 2.147348e-10
1.625000e+01 4.680810e-07 1.410602e-10
1.656250e+01 3.197020e-07 9.274355e-11
1.687500e+01 2.184255e-07 6.103878e-11
1.718750e+01 1.492947e-07 4.021693e-11
1.750000e+01 1.020962e-07 2.652918e-11
1.781250e+01 6.987714e-08 1.752571e-11
1.812500e+01 4.789650e-08 1.160213e-11
1.843750e+01 3.289151e-08 7.699630e-12
1.875000e+01 2.264667e-08 5.126158e-12
1.937500e+01 1.088543e-08 2.307557e-12
2.000000e+01 5.411739e-09 1.076631e-12
2.062500e+01 2.862405e-09 5.354677e-13
2.125000e+01 1.676121e-09 2.953776e-13
2.187500e+01 1.130655e-09 1.880287e-13
2.250000e+01 8.836215e-10 1.388965e-13
2.312500e+01 7.755035e-10 1.154012e-13
2.375000e+01 7.379500e-10 1.041094e-13
2.437500e+01 7.346566e-10 9.839777e-14
2.500000e+01 7.464752e-10 9.504417e-14
2.750000e+01 8.473369e-10 8.916222e-14
3.000000e+01 9.202852e-10 8.137107e-14
3.250000e+01 9.270073e-10 6.984038e-14
3.500000e+01 9.356960e-10 6.078394e-14
3.750000e+01 9.956639e-10 5.634305e-14
4.000000e+01 1.041134e-09 5.178173e-14
4.250000e+01 9.271429e-10 4.084688e-14
4.500000e+01 5.860591e-10 2.303067e-14
4.750000e+01 1.787482e-10 6.304413e-15
5.000000e+01 0.000000e+00 0.000000e+00
