# 
# Output from RAtom program.
# 
# Total radial electron density.
# The first column contains radius $r$ in bohr units.
# The second column holds $\rho(r)$.
# The third column holds $\tilde{\rho}(r) = \rho(r) / (\pi * r * r)$
# 
# Use this file with gnuplot to create the plot.
# 
# R     Rho     RhoTilde
#
0.000000e+00 0.000000e+00 7.264654e+04
1.831055e-04 3.008517e-02 7.140687e+04
3.662109e-04 1.182872e-01 7.018840e+04
5.493164e-04 2.616050e-01 6.899078e+04
7.324219e-04 4.571403e-01 6.781364e+04
9.155273e-04 7.020951e-01 6.665664e+04
1.098633e-03 9.937685e-01 6.551945e+04
1.281738e-03 1.329554e+00 6.440173e+04
1.464844e-03 1.706938e+00 6.330315e+04
1.647949e-03 2.123494e+00 6.222338e+04
1.831055e-03 2.576885e+00 6.116212e+04
2.014160e-03 3.064855e+00 6.011904e+04
2.197266e-03 3.585232e+00 5.909384e+04
2.380371e-03 4.135922e+00 5.808622e+04
2.563477e-03 4.714909e+00 5.709588e+04
2.746582e-03 5.320252e+00 5.612253e+04
2.929688e-03 5.950082e+00 5.516587e+04
3.112793e-03 6.602600e+00 5.422564e+04
3.295898e-03 7.276077e+00 5.330154e+04
3.479004e-03 7.968848e+00 5.239331e+04
3.662109e-03 8.679315e+00 5.150068e+04
4.028320e-03 1.014725e+01 4.976115e+04
4.394531e-03 1.166830e+01 4.808090e+04
4.760742e-03 1.323180e+01 4.645793e+04
5.126953e-03 1.482795e+01 4.489031e+04
5.493164e-03 1.644775e+01 4.337619e+04
5.859375e-03 1.808294e+01 4.191375e+04
6.225586e-03 1.972600e+01 4.050127e+04
6.591797e-03 2.137005e+01 3.913705e+04
6.958008e-03 2.300886e+01 3.781946e+04
7.324219e-03 2.463676e+01 3.654695e+04
7.690430e-03 2.624864e+01 3.531798e+04
8.056641e-03 2.783991e+01 3.413108e+04
8.422852e-03 2.940644e+01 3.298483e+04
8.789062e-03 3.094456e+01 3.187787e+04
9.155273e-03 3.245101e+01 3.080886e+04
9.521484e-03 3.392292e+01 2.977652e+04
9.887695e-03 3.535778e+01 2.877961e+04
1.025391e-02 3.675343e+01 2.781694e+04
1.062012e-02 3.810800e+01 2.688733e+04
1.098633e-02 3.941994e+01 2.598968e+04
1.135254e-02 4.068793e+01 2.512290e+04
1.171875e-02 4.191094e+01 2.428594e+04
1.208496e-02 4.308814e+01 2.347780e+04
1.245117e-02 4.421893e+01 2.269749e+04
1.281738e-02 4.530289e+01 2.194408e+04
1.318359e-02 4.633980e+01 2.121664e+04
1.354980e-02 4.732960e+01 2.051431e+04
1.391602e-02 4.827236e+01 1.983622e+04
1.428223e-02 4.916831e+01 1.918154e+04
1.464844e-02 5.001781e+01 1.854950e+04
1.501465e-02 5.082131e+01 1.793931e+04
1.538086e-02 5.157939e+01 1.735023e+04
1.574707e-02 5.229272e+01 1.678154e+04
1.611328e-02 5.296203e+01 1.623255e+04
1.647949e-02 5.358816e+01 1.570259e+04
1.684570e-02 5.417198e+01 1.519101e+04
1.721191e-02 5.471445e+01 1.469717e+04
1.757812e-02 5.521657e+01 1.422049e+04
1.794434e-02 5.567939e+01 1.376036e+04
1.831055e-02 5.610399e+01 1.331623e+04
1.867676e-02 5.649148e+01 1.288754e+04
1.904297e-02 5.684302e+01 1.247378e+04
1.940918e-02 5.715977e+01 1.207442e+04
1.977539e-02 5.744292e+01 1.168898e+04
2.014160e-02 5.769366e+01 1.131697e+04
2.050781e-02 5.791322e+01 1.095795e+04
2.087402e-02 5.810279e+01 1.061145e+04
2.124023e-02 5.826360e+01 1.027706e+04
2.160645e-02 5.839686e+01 9.954351e+03
2.197266e-02 5.850379e+01 9.642929e+03
2.270508e-02 5.864345e+01 9.052398e+03
2.343750e-02 5.869212e+01 8.502514e+03
2.416992e-02 5.865910e+01 7.990520e+03
2.490234e-02 5.855345e+01 7.513844e+03
2.563477e-02 5.838391e+01 7.070085e+03
2.636719e-02 5.815886e+01 6.656998e+03
2.709961e-02 5.788633e+01 6.272492e+03
2.783203e-02 5.757393e+01 5.914611e+03
2.856445e-02 5.722887e+01 5.581533e+03
2.929688e-02 5.685793e+01 5.271553e+03
3.002930e-02 5.646748e+01 4.983084e+03
3.076172e-02 5.606345e+01 4.714642e+03
3.149414e-02 5.565135e+01 4.464844e+03
3.222656e-02 5.523628e+01 4.232399e+03
3.295898e-02 5.482292e+01 4.016101e+03
3.369141e-02 5.441555e+01 3.814827e+03
3.442383e-02 5.401807e+01 3.627529e+03
3.515625e-02 5.363400e+01 3.453228e+03
3.588867e-02 5.326650e+01 3.291012e+03
3.662109e-02 5.291837e+01 3.140031e+03
3.735352e-02 5.259211e+01 2.999493e+03
3.808594e-02 5.228988e+01 2.868656e+03
3.881836e-02 5.201354e+01 2.746833e+03
3.955078e-02 5.176469e+01 2.633381e+03
4.028320e-02 5.154463e+01 2.527700e+03
4.101562e-02 5.135444e+01 2.429235e+03
4.174805e-02 5.119495e+01 2.337464e+03
4.248047e-02 5.106677e+01 2.251904e+03
4.321289e-02 5.097030e+01 2.172104e+03
4.394531e-02 5.090577e+01 2.097645e+03
4.467773e-02 5.087321e+01 2.028136e+03
4.541016e-02 5.087251e+01 1.963212e+03
4.614258e-02 5.090340e+01 1.902537e+03
4.687500e-02 5.096547e+01 1.845796e+03
4.760742e-02 5.105820e+01 1.792695e+03
4.833984e-02 5.118094e+01 1.742962e+03
4.907227e-02 5.133296e+01 1.696345e+03
4.980469e-02 5.151343e+01 1.652609e+03
5.053711e-02 5.172143e+01 1.611536e+03
5.126953e-02 5.195599e+01 1.572922e+03
5.200195e-02 5.221606e+01 1.536579e+03
5.273438e-02 5.250054e+01 1.502333e+03
5.346680e-02 5.280829e+01 1.470022e+03
5.419922e-02 5.313813e+01 1.439496e+03
5.493164e-02 5.348886e+01 1.410615e+03
5.566406e-02 5.385924e+01 1.383250e+03
5.639648e-02 5.424801e+01 1.357281e+03
5.712891e-02 5.465392e+01 1.332599e+03
5.786133e-02 5.507569e+01 1.309101e+03
5.859375e-02 5.551204e+01 1.286692e+03
6.005859e-02 5.642341e+01 1.244799e+03
6.152344e-02 5.737797e+01 1.206297e+03
6.298828e-02 5.836586e+01 1.170656e+03
6.445312e-02 5.937751e+01 1.137429e+03
6.591797e-02 6.040377e+01 1.106233e+03
6.738281e-02 6.143594e+01 1.076749e+03
6.884766e-02 6.246581e+01 1.048707e+03
7.031250e-02 6.348572e+01 1.021883e+03
7.177734e-02 6.448856e+01 9.960889e+02
7.324219e-02 6.546783e+01 9.711704e+02
7.360840e-02 6.570825e+01 9.650622e+02
7.397461e-02 6.594674e+01 9.589988e+02
7.434082e-02 6.618320e+01 9.529788e+02
7.470703e-02 6.641757e+01 9.470004e+02
7.507324e-02 6.664975e+01 9.410622e+02
7.543945e-02 6.687968e+01 9.351629e+02
7.580566e-02 6.710727e+01 9.293010e+02
7.617188e-02 6.733245e+01 9.234752e+02
7.653809e-02 6.755515e+01 9.176845e+02
7.690430e-02 6.777530e+01 9.119277e+02
7.708740e-02 6.788440e+01 9.090616e+02
7.727051e-02 6.799284e+01 9.062036e+02
7.745361e-02 6.810061e+01 9.033535e+02
7.763672e-02 6.820770e+01 9.005113e+02
7.781982e-02 6.831410e+01 8.976768e+02
7.800293e-02 6.841981e+01 8.948499e+02
7.818604e-02 6.852482e+01 8.920305e+02
7.836914e-02 6.862913e+01 8.892184e+02
7.855225e-02 6.873272e+01 8.864136e+02
7.873535e-02 6.883558e+01 8.836160e+02
7.891846e-02 6.893772e+01 8.808255e+02
7.910156e-02 6.903912e+01 8.780420e+02
7.928467e-02 6.913978e+01 8.752653e+02
7.946777e-02 6.923969e+01 8.724954e+02
7.965088e-02 6.933885e+01 8.697323e+02
7.983398e-02 6.943724e+01 8.669758e+02
8.001709e-02 6.953487e+01 8.642259e+02
8.020020e-02 6.963172e+01 8.614824e+02
8.038330e-02 6.972779e+01 8.587453e+02
8.056641e-02 6.982308e+01 8.560146e+02
8.129883e-02 7.019627e+01 8.451535e+02
8.203125e-02 7.055647e+01 8.343886e+02
8.276367e-02 7.090338e+01 8.237162e+02
8.349609e-02 7.123672e+01 8.131333e+02
8.422852e-02 7.155624e+01 8.026374e+02
8.496094e-02 7.186173e+01 7.922263e+02
8.569336e-02 7.215300e+01 7.818982e+02
8.642578e-02 7.242988e+01 7.716516e+02
8.715820e-02 7.269225e+01 7.614856e+02
8.789062e-02 7.293998e+01 7.513991e+02
8.862305e-02 7.317301e+01 7.413917e+02
8.935547e-02 7.339127e+01 7.314629e+02
9.008789e-02 7.359473e+01 7.216124e+02
9.082031e-02 7.378337e+01 7.118404e+02
9.155273e-02 7.395719e+01 7.021468e+02
9.228516e-02 7.411624e+01 6.925319e+02
9.301758e-02 7.426055e+01 6.829962e+02
9.375000e-02 7.439020e+01 6.735399e+02
9.448242e-02 7.450528e+01 6.641637e+02
9.521484e-02 7.460587e+01 6.548681e+02
9.594727e-02 7.469212e+01 6.456538e+02
9.667969e-02 7.476414e+01 6.365214e+02
9.741211e-02 7.482210e+01 6.274717e+02
9.814453e-02 7.486616e+01 6.185054e+02
9.887695e-02 7.489649e+01 6.096232e+02
9.960938e-02 7.491329e+01 6.008258e+02
1.003418e-01 7.491676e+01 5.921140e+02
1.010742e-01 7.490711e+01 5.834886e+02
1.018066e-01 7.488457e+01 5.749502e+02
1.025391e-01 7.484937e+01 5.664996e+02
1.032715e-01 7.480176e+01 5.581374e+02
1.040039e-01 7.474199e+01 5.498642e+02
1.047363e-01 7.467031e+01 5.416807e+02
1.054688e-01 7.458700e+01 5.335875e+02
1.062012e-01 7.449232e+01 5.255851e+02
1.069336e-01 7.438656e+01 5.176739e+02
1.076660e-01 7.427000e+01 5.098545e+02
1.083984e-01 7.414293e+01 5.021273e+02
1.091309e-01 7.400565e+01 4.944927e+02
1.098633e-01 7.385844e+01 4.869509e+02
1.105957e-01 7.370162e+01 4.795023e+02
1.113281e-01 7.353549e+01 4.721471e+02
1.120605e-01 7.336035e+01 4.648856e+02
1.127930e-01 7.317651e+01 4.577178e+02
1.135254e-01 7.298428e+01 4.506439e+02
1.142578e-01 7.278398e+01 4.436639e+02
1.149902e-01 7.257590e+01 4.367779e+02
1.157227e-01 7.236038e+01 4.299858e+02
1.164551e-01 7.213770e+01 4.232876e+02
1.171875e-01 7.190820e+01 4.166832e+02
1.201172e-01 7.092805e+01 3.911991e+02
1.230469e-01 6.986313e+01 3.671952e+02
1.259766e-01 6.873249e+01 3.446456e+02
1.289062e-01 6.755438e+01 3.235159e+02
1.318359e-01 6.634604e+01 3.037648e+02
1.347656e-01 6.512358e+01 2.853449e+02
1.376953e-01 6.390186e+01 2.682040e+02
1.406250e-01 6.269443e+01 2.522865e+02
1.435547e-01 6.151348e+01 2.375340e+02
1.464844e-01 6.036984e+01 2.238863e+02
1.472168e-01 6.009089e+01 2.206399e+02
1.479492e-01 5.981501e+01 2.174578e+02
1.486816e-01 5.954232e+01 2.143390e+02
1.494141e-01 5.927294e+01 2.112826e+02
1.501465e-01 5.900700e+01 2.082876e+02
1.508789e-01 5.874461e+01 2.053530e+02
1.516113e-01 5.848588e+01 2.024780e+02
1.523438e-01 5.823091e+01 1.996615e+02
1.530762e-01 5.797980e+01 1.969027e+02
1.538086e-01 5.773265e+01 1.942005e+02
1.539917e-01 5.767149e+01 1.935337e+02
1.541748e-01 5.761058e+01 1.928704e+02
1.543579e-01 5.754993e+01 1.922105e+02
1.545410e-01 5.748954e+01 1.915541e+02
1.547241e-01 5.742940e+01 1.909011e+02
1.549072e-01 5.736953e+01 1.902515e+02
1.550903e-01 5.730991e+01 1.896053e+02
1.552734e-01 5.725056e+01 1.889625e+02
1.554565e-01 5.719147e+01 1.883230e+02
1.556396e-01 5.713264e+01 1.876869e+02
1.558228e-01 5.707408e+01 1.870541e+02
1.560059e-01 5.701579e+01 1.864247e+02
1.561890e-01 5.695776e+01 1.857986e+02
1.563721e-01 5.690000e+01 1.851757e+02
1.565552e-01 5.684252e+01 1.845562e+02
1.567383e-01 5.678530e+01 1.839399e+02
1.569214e-01 5.672836e+01 1.833269e+02
1.571045e-01 5.667169e+01 1.827171e+02
1.572876e-01 5.661530e+01 1.821105e+02
1.574707e-01 5.655918e+01 1.815071e+02
1.578369e-01 5.644777e+01 1.803100e+02
1.582031e-01 5.633747e+01 1.791255e+02
1.585693e-01 5.622830e+01 1.779535e+02
1.589355e-01 5.612025e+01 1.767940e+02
1.593018e-01 5.601334e+01 1.756469e+02
1.596680e-01 5.590757e+01 1.745119e+02
1.600342e-01 5.580295e+01 1.733891e+02
1.604004e-01 5.569948e+01 1.722783e+02
1.607666e-01 5.559718e+01 1.711793e+02
1.611328e-01 5.549604e+01 1.700921e+02
1.625977e-01 5.510327e+01 1.658590e+02
1.640625e-01 5.472956e+01 1.618056e+02
1.655273e-01 5.437516e+01 1.579251e+02
1.669922e-01 5.404027e+01 1.542110e+02
1.684570e-01 5.372501e+01 1.506567e+02
1.699219e-01 5.342945e+01 1.472558e+02
1.713867e-01 5.315364e+01 1.440021e+02
1.728516e-01 5.289753e+01 1.408896e+02
1.743164e-01 5.266106e+01 1.379124e+02
1.757812e-01 5.244411e+01 1.350647e+02
1.772461e-01 5.224652e+01 1.323409e+02
1.787109e-01 5.206808e+01 1.297357e+02
1.801758e-01 5.190857e+01 1.272437e+02
1.816406e-01 5.176770e+01 1.248599e+02
1.831055e-01 5.164518e+01 1.225793e+02
1.845703e-01 5.154066e+01 1.203972e+02
1.860352e-01 5.145379e+01 1.183089e+02
1.875000e-01 5.138416e+01 1.163100e+02
1.889648e-01 5.133137e+01 1.143960e+02
1.904297e-01 5.129498e+01 1.125630e+02
1.918945e-01 5.127453e+01 1.108069e+02
1.933594e-01 5.126955e+01 1.091237e+02
1.948242e-01 5.127953e+01 1.075099e+02
1.962891e-01 5.130399e+01 1.059617e+02
1.977539e-01 5.134240e+01 1.044759e+02
1.992188e-01 5.139423e+01 1.030491e+02
2.006836e-01 5.145893e+01 1.016780e+02
2.021484e-01 5.153597e+01 1.003598e+02
2.036133e-01 5.162479e+01 9.909146e+01
2.050781e-01 5.172482e+01 9.787020e+01
2.065430e-01 5.183552e+01 9.669338e+01
2.080078e-01 5.195631e+01 9.555845e+01
2.094727e-01 5.208662e+01 9.446298e+01
2.109375e-01 5.222589e+01 9.340463e+01
2.124023e-01 5.237356e+01 9.238120e+01
2.138672e-01 5.252906e+01 9.139058e+01
2.153320e-01 5.269183e+01 9.043075e+01
2.167969e-01 5.286131e+01 8.949979e+01
2.182617e-01 5.303696e+01 8.859590e+01
2.197266e-01 5.321822e+01 8.771733e+01
2.211914e-01 5.340457e+01 8.686244e+01
2.226562e-01 5.359546e+01 8.602968e+01
2.241211e-01 5.379037e+01 8.521758e+01
2.255859e-01 5.398878e+01 8.442472e+01
2.270508e-01 5.419020e+01 8.364979e+01
2.285156e-01 5.439411e+01 8.289154e+01
2.299805e-01 5.460003e+01 8.214878e+01
2.314453e-01 5.480749e+01 8.142041e+01
2.329102e-01 5.501602e+01 8.070537e+01
2.343750e-01 5.522515e+01 8.000267e+01
2.373047e-01 5.564349e+01 7.863065e+01
2.402344e-01 5.605909e+01 7.729757e+01
2.431641e-01 5.646873e+01 7.599751e+01
2.460938e-01 5.686938e+01 7.472527e+01
2.490234e-01 5.725824e+01 7.347637e+01
2.519531e-01 5.763267e+01 7.224693e+01
2.548828e-01 5.799027e+01 7.103366e+01
2.578125e-01 5.832883e+01 6.983377e+01
2.607422e-01 5.864634e+01 6.864492e+01
2.636719e-01 5.894098e+01 6.746521e+01
2.651367e-01 5.907922e+01 6.687829e+01
2.666016e-01 5.921115e+01 6.629309e+01
2.680664e-01 5.933660e+01 6.570948e+01
2.695312e-01 5.945541e+01 6.512733e+01
2.709961e-01 5.956743e+01 6.454653e+01
2.724609e-01 5.967251e+01 6.396700e+01
2.739258e-01 5.977054e+01 6.338865e+01
2.753906e-01 5.986140e+01 6.281143e+01
2.768555e-01 5.994497e+01 6.223528e+01
2.783203e-01 6.002116e+01 6.166017e+01
2.797852e-01 6.008989e+01 6.108607e+01
2.812500e-01 6.015107e+01 6.051296e+01
2.827148e-01 6.020464e+01 5.994085e+01
2.841797e-01 6.025054e+01 5.936972e+01
2.856445e-01 6.028873e+01 5.879960e+01
2.871094e-01 6.031915e+01 5.823051e+01
2.885742e-01 6.034178e+01 5.766247e+01
2.900391e-01 6.035660e+01 5.709551e+01
2.915039e-01 6.036359e+01 5.652967e+01
2.929688e-01 6.036274e+01 5.596500e+01
2.944336e-01 6.035405e+01 5.540154e+01
2.958984e-01 6.033753e+01 5.483935e+01
2.973633e-01 6.031319e+01 5.427849e+01
2.988281e-01 6.028106e+01 5.371902e+01
3.002930e-01 6.024116e+01 5.316100e+01
3.017578e-01 6.019353e+01 5.260450e+01
3.032227e-01 6.013820e+01 5.204958e+01
3.046875e-01 6.007522e+01 5.149633e+01
3.061523e-01 6.000465e+01 5.094480e+01
3.076172e-01 5.992654e+01 5.039508e+01
3.079834e-01 5.990584e+01 5.025794e+01
3.083496e-01 5.988468e+01 5.012092e+01
3.087158e-01 5.986305e+01 4.998402e+01
3.090820e-01 5.984096e+01 4.984724e+01
3.094482e-01 5.981840e+01 4.971059e+01
3.098145e-01 5.979538e+01 4.957405e+01
3.101807e-01 5.977190e+01 4.943765e+01
3.105469e-01 5.974796e+01 4.930136e+01
3.109131e-01 5.972357e+01 4.916521e+01
3.112793e-01 5.969871e+01 4.902918e+01
3.113708e-01 5.969243e+01 4.899519e+01
3.114624e-01 5.968611e+01 4.896121e+01
3.115540e-01 5.967977e+01 4.892724e+01
3.116455e-01 5.967340e+01 4.889328e+01
3.117371e-01 5.966700e+01 4.885933e+01
3.118286e-01 5.966058e+01 4.882538e+01
3.119202e-01 5.965412e+01 4.879144e+01
3.120117e-01 5.964764e+01 4.875751e+01
3.121033e-01 5.964112e+01 4.872359e+01
3.121948e-01 5.963458e+01 4.868968e+01
3.122864e-01 5.962801e+01 4.865578e+01
3.123779e-01 5.962142e+01 4.862188e+01
3.124695e-01 5.961479e+01 4.858799e+01
3.125610e-01 5.960814e+01 4.855411e+01
3.126526e-01 5.960146e+01 4.852024e+01
3.127441e-01 5.959475e+01 4.848638e+01
3.128357e-01 5.958801e+01 4.845253e+01
3.129272e-01 5.958124e+01 4.841868e+01
3.130188e-01 5.957445e+01 4.838484e+01
3.131104e-01 5.956763e+01 4.835101e+01
3.132935e-01 5.955390e+01 4.828338e+01
3.134766e-01 5.954006e+01 4.821578e+01
3.136597e-01 5.952610e+01 4.814822e+01
3.138428e-01 5.951204e+01 4.808069e+01
3.140259e-01 5.949786e+01 4.801320e+01
3.142090e-01 5.948357e+01 4.794573e+01
3.143921e-01 5.946917e+01 4.787831e+01
3.145752e-01 5.945466e+01 4.781092e+01
3.147583e-01 5.944004e+01 4.774356e+01
3.149414e-01 5.942530e+01 4.767624e+01
3.156738e-01 5.936526e+01 4.740731e+01
3.164062e-01 5.930345e+01 4.713896e+01
3.171387e-01 5.923989e+01 4.687119e+01
3.178711e-01 5.917459e+01 4.660401e+01
3.186035e-01 5.910756e+01 4.633744e+01
3.193359e-01 5.903881e+01 4.607148e+01
3.200684e-01 5.896836e+01 4.580614e+01
3.208008e-01 5.889622e+01 4.554144e+01
3.215332e-01 5.882240e+01 4.527737e+01
3.222656e-01 5.874691e+01 4.501396e+01
3.251953e-01 5.842857e+01 4.396700e+01
3.281250e-01 5.808465e+01 4.293118e+01
3.310547e-01 5.771605e+01 4.190706e+01
3.339844e-01 5.732370e+01 4.089518e+01
3.369141e-01 5.690859e+01 3.989603e+01
3.398438e-01 5.647169e+01 3.891010e+01
3.427734e-01 5.601403e+01 3.793785e+01
3.457031e-01 5.553664e+01 3.697968e+01
3.486328e-01 5.504055e+01 3.603599e+01
3.515625e-01 5.452683e+01 3.510713e+01
3.544922e-01 5.399652e+01 3.419343e+01
3.574219e-01 5.345070e+01 3.329517e+01
3.603516e-01 5.289040e+01 3.241262e+01
3.632812e-01 5.231669e+01 3.154601e+01
3.662109e-01 5.173061e+01 3.069553e+01
3.691406e-01 5.113320e+01 2.986135e+01
3.720703e-01 5.052548e+01 2.904360e+01
3.750000e-01 4.990845e+01 2.824241e+01
3.779297e-01 4.928311e+01 2.745783e+01
3.808594e-01 4.865044e+01 2.668994e+01
3.837891e-01 4.801139e+01 2.593876e+01
3.867188e-01 4.736690e+01 2.520430e+01
3.896484e-01 4.671786e+01 2.448653e+01
3.925781e-01 4.606518e+01 2.378542e+01
3.955078e-01 4.540972e+01 2.310089e+01
3.984375e-01 4.475230e+01 2.243288e+01
4.013672e-01 4.409375e+01 2.178128e+01
4.042969e-01 4.343485e+01 2.114598e+01
4.072266e-01 4.277636e+01 2.052682e+01
4.101562e-01 4.211900e+01 1.992368e+01
4.130859e-01 4.146348e+01 1.933637e+01
4.160156e-01 4.081047e+01 1.876473e+01
4.189453e-01 4.016061e+01 1.820857e+01
4.218750e-01 3.951453e+01 1.766767e+01
4.248047e-01 3.887280e+01 1.714184e+01
4.277344e-01 3.823600e+01 1.663084e+01
4.306641e-01 3.760465e+01 1.613446e+01
4.335938e-01 3.697927e+01 1.565245e+01
4.365234e-01 3.636032e+01 1.518458e+01
4.394531e-01 3.574826e+01 1.473058e+01
4.423828e-01 3.514351e+01 1.429021e+01
4.453125e-01 3.454647e+01 1.386322e+01
4.482422e-01 3.395752e+01 1.344933e+01
4.511719e-01 3.337700e+01 1.304828e+01
4.541016e-01 3.280524e+01 1.265982e+01
4.570312e-01 3.224254e+01 1.228365e+01
4.599609e-01 3.168917e+01 1.191953e+01
4.628906e-01 3.114540e+01 1.156717e+01
4.658203e-01 3.061145e+01 1.122631e+01
4.687500e-01 3.008753e+01 1.089668e+01
4.716797e-01 2.957382e+01 1.057799e+01
4.746094e-01 2.907048e+01 1.026998e+01
4.775391e-01 2.857768e+01 9.972390e+00
4.804688e-01 2.809553e+01 9.684943e+00
4.833984e-01 2.762415e+01 9.407376e+00
4.863281e-01 2.716362e+01 9.139428e+00
4.892578e-01 2.671403e+01 8.880838e+00
4.921875e-01 2.627542e+01 8.631349e+00
4.951172e-01 2.584785e+01 8.390707e+00
4.980469e-01 2.543134e+01 8.158662e+00
5.009766e-01 2.502590e+01 7.934965e+00
5.039062e-01 2.463153e+01 7.719373e+00
5.068359e-01 2.424821e+01 7.511646e+00
5.097656e-01 2.387592e+01 7.311546e+00
5.126953e-01 2.351462e+01 7.118844e+00
5.156250e-01 2.316425e+01 6.933309e+00
5.185547e-01 2.282476e+01 6.754718e+00
5.214844e-01 2.249606e+01 6.582852e+00
5.244141e-01 2.217808e+01 6.417495e+00
5.273438e-01 2.187073e+01 6.258436e+00
5.302734e-01 2.157390e+01 6.105469e+00
5.332031e-01 2.128748e+01 5.958392e+00
5.361328e-01 2.101136e+01 5.817007e+00
5.390625e-01 2.074542e+01 5.681121e+00
5.419922e-01 2.048951e+01 5.550547e+00
5.449219e-01 2.024352e+01 5.425098e+00
5.478516e-01 2.000728e+01 5.304597e+00
5.507812e-01 1.978066e+01 5.188869e+00
5.537109e-01 1.956350e+01 5.077741e+00
5.566406e-01 1.935565e+01 4.971049e+00
5.595703e-01 1.915693e+01 4.868630e+00
5.625000e-01 1.896719e+01 4.770327e+00
5.654297e-01 1.878626e+01 4.675987e+00
5.683594e-01 1.861396e+01 4.585460e+00
5.712891e-01 1.845013e+01 4.498603e+00
5.742188e-01 1.829457e+01 4.415274e+00
5.771484e-01 1.814712e+01 4.335336e+00
5.800781e-01 1.800759e+01 4.258658e+00
5.830078e-01 1.787580e+01 4.185110e+00
5.859375e-01 1.775157e+01 4.114569e+00
5.888672e-01 1.763471e+01 4.046912e+00
5.917969e-01 1.752504e+01 3.982024e+00
5.947266e-01 1.742237e+01 3.919789e+00
5.976562e-01 1.732652e+01 3.860100e+00
6.005859e-01 1.723730e+01 3.802849e+00
6.035156e-01 1.715453e+01 3.747933e+00
6.064453e-01 1.707801e+01 3.695253e+00
6.093750e-01 1.700758e+01 3.644714e+00
6.123047e-01 1.694304e+01 3.596221e+00
6.152344e-01 1.688422e+01 3.549685e+00
6.159668e-01 1.687038e+01 3.538347e+00
6.166992e-01 1.685689e+01 3.527125e+00
6.174316e-01 1.684374e+01 3.516016e+00
6.181641e-01 1.683092e+01 3.505021e+00
6.188965e-01 1.681844e+01 3.494137e+00
6.196289e-01 1.680630e+01 3.483363e+00
6.203613e-01 1.679448e+01 3.472699e+00
6.210938e-01 1.678298e+01 3.462143e+00
6.218262e-01 1.677181e+01 3.451693e+00
6.225586e-01 1.676096e+01 3.441349e+00
6.229248e-01 1.675566e+01 3.436216e+00
6.232910e-01 1.675043e+01 3.431108e+00
6.236572e-01 1.674529e+01 3.426027e+00
6.240234e-01 1.674022e+01 3.420971e+00
6.243896e-01 1.673523e+01 3.415941e+00
6.247559e-01 1.673031e+01 3.410936e+00
6.251221e-01 1.672548e+01 3.405956e+00
6.254883e-01 1.672072e+01 3.401001e+00
6.258545e-01 1.671604e+01 3.396070e+00
6.262207e-01 1.671143e+01 3.391165e+00
6.265869e-01 1.670690e+01 3.386284e+00
6.269531e-01 1.670245e+01 3.381428e+00
6.273193e-01 1.669807e+01 3.376595e+00
6.276855e-01 1.669376e+01 3.371787e+00
6.280518e-01 1.668954e+01 3.367003e+00
6.284180e-01 1.668538e+01 3.362243e+00
6.287842e-01 1.668130e+01 3.357506e+00
6.291504e-01 1.667729e+01 3.352793e+00
6.295166e-01 1.667336e+01 3.348104e+00
6.298828e-01 1.666950e+01 3.343437e+00
6.313477e-01 1.665478e+01 3.325002e+00
6.328125e-01 1.664121e+01 3.306929e+00
6.342773e-01 1.662875e+01 3.289208e+00
6.357422e-01 1.661739e+01 3.271832e+00
6.372070e-01 1.660711e+01 3.254792e+00
6.386719e-01 1.659789e+01 3.238080e+00
6.401367e-01 1.658971e+01 3.221687e+00
6.416016e-01 1.658254e+01 3.205607e+00
6.430664e-01 1.657636e+01 3.189831e+00
6.445312e-01 1.657116e+01 3.174353e+00
6.503906e-01 1.655971e+01 3.115260e+00
6.562500e-01 1.656227e+01 3.060352e+00
6.621094e-01 1.657761e+01 3.009211e+00
6.679688e-01 1.660455e+01 2.961454e+00
6.738281e-01 1.664195e+01 2.916730e+00
6.796875e-01 1.668872e+01 2.874714e+00
6.855469e-01 1.674380e+01 2.835109e+00
6.914062e-01 1.680619e+01 2.797645e+00
6.972656e-01 1.687492e+01 2.762075e+00
7.031250e-01 1.694910e+01 2.728171e+00
7.089844e-01 1.702784e+01 2.695730e+00
7.148438e-01 1.711033e+01 2.664565e+00
7.207031e-01 1.719579e+01 2.634508e+00
7.265625e-01 1.728349e+01 2.605407e+00
7.324219e-01 1.737273e+01 2.577126e+00
7.382812e-01 1.746288e+01 2.549542e+00
7.441406e-01 1.755331e+01 2.522547e+00
7.500000e-01 1.764348e+01 2.496041e+00
7.558594e-01 1.773284e+01 2.469940e+00
7.617188e-01 1.782091e+01 2.444167e+00
7.675781e-01 1.790725e+01 2.418654e+00
7.734375e-01 1.799142e+01 2.393344e+00
7.792969e-01 1.807306e+01 2.368186e+00
7.851562e-01 1.815180e+01 2.343137e+00
7.910156e-01 1.822734e+01 2.318160e+00
7.968750e-01 1.829939e+01 2.293223e+00
8.027344e-01 1.836768e+01 2.268301e+00
8.085938e-01 1.843198e+01 2.243372e+00
8.144531e-01 1.849210e+01 2.218422e+00
8.203125e-01 1.854784e+01 2.193435e+00
8.261719e-01 1.859906e+01 2.168404e+00
8.320312e-01 1.864561e+01 2.143323e+00
8.378906e-01 1.868740e+01 2.118187e+00
8.437500e-01 1.872432e+01 2.092997e+00
8.496094e-01 1.875629e+01 2.067753e+00
8.554688e-01 1.878328e+01 2.042458e+00
8.613281e-01 1.880522e+01 2.017118e+00
8.671875e-01 1.882211e+01 1.991739e+00
8.730469e-01 1.883393e+01 1.966328e+00
8.789062e-01 1.884068e+01 1.940893e+00
8.847656e-01 1.884239e+01 1.915445e+00
8.906250e-01 1.883907e+01 1.889992e+00
8.964844e-01 1.883078e+01 1.864545e+00
9.023438e-01 1.881755e+01 1.839116e+00
9.082031e-01 1.879945e+01 1.813716e+00
9.140625e-01 1.877653e+01 1.788355e+00
9.199219e-01 1.874889e+01 1.763046e+00
9.257812e-01 1.871659e+01 1.737801e+00
9.316406e-01 1.867972e+01 1.712631e+00
9.375000e-01 1.863838e+01 1.687547e+00
9.433594e-01 1.859267e+01 1.662561e+00
9.492188e-01 1.854268e+01 1.637683e+00
9.550781e-01 1.848851e+01 1.612926e+00
9.609375e-01 1.843029e+01 1.588298e+00
9.667969e-01 1.836812e+01 1.563812e+00
9.726562e-01 1.830212e+01 1.539475e+00
9.785156e-01 1.823240e+01 1.515299e+00
9.843750e-01 1.815908e+01 1.491293e+00
9.902344e-01 1.808228e+01 1.467464e+00
9.960938e-01 1.800212e+01 1.443821e+00
1.001953e+00 1.791873e+01 1.420373e+00
1.007812e+00 1.783221e+01 1.397127e+00
1.013672e+00 1.774270e+01 1.374089e+00
1.019531e+00 1.765030e+01 1.351267e+00
1.025391e+00 1.755516e+01 1.328667e+00
1.031250e+00 1.745737e+01 1.306294e+00
1.037109e+00 1.735707e+01 1.284155e+00
1.042969e+00 1.725436e+01 1.262253e+00
1.048828e+00 1.714937e+01 1.240594e+00
1.054688e+00 1.704221e+01 1.219182e+00
1.066406e+00 1.682182e+01 1.177112e+00
1.078125e+00 1.659407e+01 1.136069e+00
1.089844e+00 1.635983e+01 1.096075e+00
1.101562e+00 1.611990e+01 1.057144e+00
1.113281e+00 1.587508e+01 1.019286e+00
1.125000e+00 1.562610e+01 9.825070e-01
1.136719e+00 1.537368e+01 9.468080e-01
1.148438e+00 1.511849e+01 9.121867e-01
1.160156e+00 1.486115e+01 8.786374e-01
1.171875e+00 1.460227e+01 8.461512e-01
1.177734e+00 1.447243e+01 8.303033e-01
1.183594e+00 1.434240e+01 8.147166e-01
1.189453e+00 1.421225e+01 7.993893e-01
1.195312e+00 1.408205e+01 7.843196e-01
1.201172e+00 1.395185e+01 7.695053e-01
1.207031e+00 1.382171e+01 7.549442e-01
1.212891e+00 1.369168e+01 7.406341e-01
1.218750e+00 1.356182e+01 7.265725e-01
1.224609e+00 1.343218e+01 7.127571e-01
1.230469e+00 1.330281e+01 6.991853e-01
1.231934e+00 1.327051e+01 6.958301e-01
1.233398e+00 1.323823e+01 6.924899e-01
1.234863e+00 1.320598e+01 6.891647e-01
1.236328e+00 1.317375e+01 6.858544e-01
1.237793e+00 1.314153e+01 6.825590e-01
1.239258e+00 1.310935e+01 6.792785e-01
1.240723e+00 1.307718e+01 6.760127e-01
1.242188e+00 1.304504e+01 6.727618e-01
1.243652e+00 1.301293e+01 6.695255e-01
1.245117e+00 1.298084e+01 6.663040e-01
1.246582e+00 1.294878e+01 6.630971e-01
1.248047e+00 1.291674e+01 6.599047e-01
1.249512e+00 1.288473e+01 6.567269e-01
1.250977e+00 1.285275e+01 6.535636e-01
1.252441e+00 1.282080e+01 6.504148e-01
1.253906e+00 1.278888e+01 6.472803e-01
1.255371e+00 1.275698e+01 6.441602e-01
1.256836e+00 1.272512e+01 6.410545e-01
1.258301e+00 1.269329e+01 6.379630e-01
1.259766e+00 1.266149e+01 6.348857e-01
1.262695e+00 1.259799e+01 6.287737e-01
1.265625e+00 1.253463e+01 6.227181e-01
1.268555e+00 1.247140e+01 6.167184e-01
1.271484e+00 1.240831e+01 6.107744e-01
1.274414e+00 1.234537e+01 6.048856e-01
1.277344e+00 1.228258e+01 5.990517e-01
1.280273e+00 1.221995e+01 5.932723e-01
1.283203e+00 1.215747e+01 5.875471e-01
1.286133e+00 1.209516e+01 5.818755e-01
1.289062e+00 1.203301e+01 5.762574e-01
1.300781e+00 1.178614e+01 5.543108e-01
1.312500e+00 1.154219e+01 5.331874e-01
1.324219e+00 1.130135e+01 5.128625e-01
1.335938e+00 1.106378e+01 4.933117e-01
1.347656e+00 1.082963e+01 4.745102e-01
1.359375e+00 1.059903e+01 4.564336e-01
1.371094e+00 1.037208e+01 4.390580e-01
1.382812e+00 1.014889e+01 4.223593e-01
1.394531e+00 9.929523e+00 4.063142e-01
1.406250e+00 9.714047e+00 3.908996e-01
1.417969e+00 9.502511e+00 3.760930e-01
1.429688e+00 9.294952e+00 3.618721e-01
1.441406e+00 9.091397e+00 3.482154e-01
1.453125e+00 8.891861e+00 3.351019e-01
1.464844e+00 8.696349e+00 3.225110e-01
1.476562e+00 8.504860e+00 3.104228e-01
1.488281e+00 8.317382e+00 2.988180e-01
1.500000e+00 8.133897e+00 2.876778e-01
1.511719e+00 7.954381e+00 2.769839e-01
1.523438e+00 7.778803e+00 2.667188e-01
1.529297e+00 7.692480e+00 2.617417e-01
1.535156e+00 7.607128e+00 2.568654e-01
1.541016e+00 7.522741e+00 2.520880e-01
1.546875e+00 7.439314e+00 2.474073e-01
1.552734e+00 7.356841e+00 2.428215e-01
1.558594e+00 7.275317e+00 2.383286e-01
1.564453e+00 7.194735e+00 2.339267e-01
1.570312e+00 7.115089e+00 2.296140e-01
1.576172e+00 7.036371e+00 2.253885e-01
1.582031e+00 6.958577e+00 2.212486e-01
1.587891e+00 6.881697e+00 2.171924e-01
1.593750e+00 6.805726e+00 2.132182e-01
1.599609e+00 6.730657e+00 2.093243e-01
1.605469e+00 6.656481e+00 2.055091e-01
1.611328e+00 6.583191e+00 2.017709e-01
1.617188e+00 6.510780e+00 1.981082e-01
1.623047e+00 6.439239e+00 1.945192e-01
1.628906e+00 6.368562e+00 1.910026e-01
1.634766e+00 6.298740e+00 1.875568e-01
1.640625e+00 6.229766e+00 1.841803e-01
1.652344e+00 6.094326e+00 1.776295e-01
1.664062e+00 5.962179e+00 1.713389e-01
1.675781e+00 5.833258e+00 1.652977e-01
1.687500e+00 5.707498e+00 1.594955e-01
1.699219e+00 5.584831e+00 1.539223e-01
1.710938e+00 5.465191e+00 1.485687e-01
1.722656e+00 5.348512e+00 1.434253e-01
1.734375e+00 5.234728e+00 1.384836e-01
1.746094e+00 5.123771e+00 1.337349e-01
1.757812e+00 5.015577e+00 1.291713e-01
1.769531e+00 4.910079e+00 1.247849e-01
1.781250e+00 4.807215e+00 1.205685e-01
1.792969e+00 4.706920e+00 1.165149e-01
1.804688e+00 4.609131e+00 1.126173e-01
1.816406e+00 4.513785e+00 1.088692e-01
1.828125e+00 4.420822e+00 1.052644e-01
1.839844e+00 4.330182e+00 1.017969e-01
1.851562e+00 4.241805e+00 9.846095e-02
1.863281e+00 4.155632e+00 9.525119e-02
1.875000e+00 4.071607e+00 9.216233e-02
1.898438e+00 3.909777e+00 8.632757e-02
1.921875e+00 3.755881e+00 8.091922e-02
1.945312e+00 3.609502e+00 7.590294e-02
1.968750e+00 3.470240e+00 7.124731e-02
1.992188e+00 3.337716e+00 6.692357e-02
2.015625e+00 3.211569e+00 6.290539e-02
2.039062e+00 3.091454e+00 5.916868e-02
2.062500e+00 2.977047e+00 5.569136e-02
2.085938e+00 2.868037e+00 5.245323e-02
2.109375e+00 2.764131e+00 4.943576e-02
2.132812e+00 2.665054e+00 4.662199e-02
2.156250e+00 2.570542e+00 4.399635e-02
2.179688e+00 2.480349e+00 4.154458e-02
2.203125e+00 2.394240e+00 3.925360e-02
2.226562e+00 2.311995e+00 3.711139e-02
2.250000e+00 2.233407e+00 3.510693e-02
2.273438e+00 2.158279e+00 3.323010e-02
2.296875e+00 2.086426e+00 3.147157e-02
2.320312e+00 2.017676e+00 2.982281e-02
2.343750e+00 1.951864e+00 2.827594e-02
2.355469e+00 1.920011e+00 2.753842e-02
2.367188e+00 1.888835e+00 2.682371e-02
2.378906e+00 1.858319e+00 2.613098e-02
2.390625e+00 1.828445e+00 2.545945e-02
2.402344e+00 1.799196e+00 2.480838e-02
2.414062e+00 1.770556e+00 2.417702e-02
2.425781e+00 1.742509e+00 2.356470e-02
2.437500e+00 1.715040e+00 2.297075e-02
2.449219e+00 1.688134e+00 2.239452e-02
2.460938e+00 1.661775e+00 2.183541e-02
2.466797e+00 1.648797e+00 2.156208e-02
2.472656e+00 1.635951e+00 2.129281e-02
2.478516e+00 1.623235e+00 2.102752e-02
2.484375e+00 1.610647e+00 2.076616e-02
2.490234e+00 1.598186e+00 2.050864e-02
2.496094e+00 1.585850e+00 2.025491e-02
2.501953e+00 1.573637e+00 2.000490e-02
2.507812e+00 1.561547e+00 1.975855e-02
2.513672e+00 1.549577e+00 1.951579e-02
2.519531e+00 1.537726e+00 1.927656e-02
2.525391e+00 1.525992e+00 1.904080e-02
2.531250e+00 1.514374e+00 1.880846e-02
2.537109e+00 1.502871e+00 1.857948e-02
2.542969e+00 1.491481e+00 1.835379e-02
2.548828e+00 1.480202e+00 1.813135e-02
2.554688e+00 1.469034e+00 1.791209e-02
2.560547e+00 1.457974e+00 1.769597e-02
2.566406e+00 1.447022e+00 1.748294e-02
2.572266e+00 1.436176e+00 1.727293e-02
2.578125e+00 1.425434e+00 1.706591e-02
2.601562e+00 1.383491e+00 1.626665e-02
2.625000e+00 1.343125e+00 1.551129e-02
2.648438e+00 1.304259e+00 1.479702e-02
2.671875e+00 1.266822e+00 1.412126e-02
2.695312e+00 1.230747e+00 1.348158e-02
2.718750e+00 1.195971e+00 1.287574e-02
2.742188e+00 1.162433e+00 1.230166e-02
2.765625e+00 1.130077e+00 1.175741e-02
2.789062e+00 1.098849e+00 1.124117e-02
2.812500e+00 1.068698e+00 1.075128e-02
2.859375e+00 1.011440e+00 9.844370e-03
2.906250e+00 9.579490e-01 9.025403e-03
2.953125e+00 9.079089e-01 8.284546e-03
3.000000e+00 8.610350e-01 7.613221e-03
3.046875e+00 8.170716e-01 7.003917e-03
3.093750e+00 7.757883e-01 6.450047e-03
3.140625e+00 7.369770e-01 5.945822e-03
3.187500e+00 7.004497e-01 5.486138e-03
3.234375e+00 6.660362e-01 5.066490e-03
3.281250e+00 6.335820e-01 4.682894e-03
3.328125e+00 6.029467e-01 4.331814e-03
3.375000e+00 5.740027e-01 4.010112e-03
3.421875e+00 5.466334e-01 3.714993e-03
3.468750e+00 5.207325e-01 3.443966e-03
3.515625e+00 4.962027e-01 3.194803e-03
3.562500e+00 4.729548e-01 2.965514e-03
3.609375e+00 4.509070e-01 2.754312e-03
3.656250e+00 4.299841e-01 2.559592e-03
3.703125e+00 4.101170e-01 2.379913e-03
3.750000e+00 3.912417e-01 2.213975e-03
3.843750e+00 3.562356e-01 1.918744e-03
3.937500e+00 3.245450e-01 1.665804e-03
4.031250e+00 2.958081e-01 1.448508e-03
4.125000e+00 2.697121e-01 1.261371e-03
4.218750e+00 2.459849e-01 1.099844e-03
4.312500e+00 2.243885e-01 9.601353e-04
4.406250e+00 2.047140e-01 8.390724e-04
4.500000e+00 1.867771e-01 7.339877e-04
4.593750e+00 1.704144e-01 6.426309e-04
4.687500e+00 1.554803e-01 5.630965e-04
4.734375e+00 1.485078e-01 5.272470e-04
4.781250e+00 1.418449e-01 4.937656e-04
4.828125e+00 1.354773e-01 4.624871e-04
4.875000e+00 1.293916e-01 4.332585e-04
4.921875e+00 1.235751e-01 4.059384e-04
4.968750e+00 1.180157e-01 3.803959e-04
5.015625e+00 1.127019e-01 3.565097e-04
5.062500e+00 1.076227e-01 3.341674e-04
5.109375e+00 1.027677e-01 3.132646e-04
5.156250e+00 9.812695e-02 2.937044e-04
5.203125e+00 9.369102e-02 2.753973e-04
5.250000e+00 8.945093e-02 2.582596e-04
5.296875e+00 8.539809e-02 2.422138e-04
5.343750e+00 8.152431e-02 2.271878e-04
5.390625e+00 7.782177e-02 2.131145e-04
5.437500e+00 7.428302e-02 1.999315e-04
5.484375e+00 7.090091e-02 1.875805e-04
5.531250e+00 6.766865e-02 1.760074e-04
5.578125e+00 6.457971e-02 1.651619e-04
5.625000e+00 6.162788e-02 1.549967e-04
5.812500e+00 5.107648e-02 1.203054e-04
6.000000e+00 4.228684e-02 9.347444e-05
6.187500e+00 3.497228e-02 7.269151e-05
6.375000e+00 2.889204e-02 5.657283e-05
6.562500e+00 2.384374e-02 4.405811e-05
6.750000e+00 1.965726e-02 3.433251e-05
6.937500e+00 1.618962e-02 2.676831e-05
7.125000e+00 1.332080e-02 2.088097e-05
7.312500e+00 1.095015e-02 1.629590e-05
7.500000e+00 8.993410e-03 1.272307e-05
7.687500e+00 7.380079e-03 9.937586e-06
7.875000e+00 6.051296e-03 7.764927e-06
8.062500e+00 4.957972e-03 6.069525e-06
8.250000e+00 4.059252e-03 4.746006e-06
8.437500e+00 3.321178e-03 3.712399e-06
8.625000e+00 2.715560e-03 2.904901e-06
8.812500e+00 2.219035e-03 2.273820e-06
9.000000e+00 1.812267e-03 1.780439e-06
9.187500e+00 1.479271e-03 1.394579e-06
9.375000e+00 1.206856e-03 1.092706e-06
9.562500e+00 9.841467e-04 8.564600e-07
9.750000e+00 8.021834e-04 6.715132e-07
9.937500e+00 6.535967e-04 5.266786e-07
1.012500e+01 5.323283e-04 4.132184e-07
1.031250e+01 4.334030e-04 3.243054e-07
1.050000e+01 3.527408e-04 2.546052e-07
1.068750e+01 2.870005e-04 1.999496e-07
1.087500e+01 2.334455e-04 1.570786e-07
1.106250e+01 1.898334e-04 1.234401e-07
1.125000e+01 1.543303e-04 9.703674e-08
1.162500e+01 1.019320e-04 6.002257e-08
1.200000e+01 6.726828e-05 3.717389e-08
1.237500e+01 4.435981e-05 2.305098e-08
1.275000e+01 2.923414e-05 1.431068e-08
1.312500e+01 1.925615e-05 8.895308e-09
1.350000e+01 1.267863e-05 5.535983e-09
1.387500e+01 8.344751e-06 3.449352e-09
1.425000e+01 5.490380e-06 2.151606e-09
1.462500e+01 3.610933e-06 1.343439e-09
1.500000e+01 2.374408e-06 8.397752e-10
1.575000e+01 1.025809e-06 3.290755e-10
1.650000e+01 4.432851e-07 1.295703e-10
1.725000e+01 1.914641e-07 5.120345e-11
1.800000e+01 8.243131e-08 2.024591e-11
1.875000e+01 3.576016e-08 8.094444e-12
1.950000e+01 1.565340e-08 3.275893e-12
2.025000e+01 6.610931e-09 1.282929e-12
2.100000e+01 2.965284e-09 5.350790e-13
2.175000e+01 1.551731e-09 2.610286e-13
2.250000e+01 7.048366e-10 1.107933e-13
2.325000e+01 4.136178e-10 6.088964e-14
2.400000e+01 2.870259e-10 3.965415e-14
2.475000e+01 2.241045e-10 2.911323e-14
2.550000e+01 1.815433e-10 2.221723e-14
2.625000e+01 1.425267e-10 1.645993e-14
2.700000e+01 1.025774e-10 1.119733e-14
2.775000e+01 6.356813e-11 6.569066e-15
2.850000e+01 3.037903e-11 2.976284e-15
2.925000e+01 7.977683e-12 7.420193e-16
3.000000e+01 3.177465e-308 2.809496e-312
