# 
# Output from RAtom program.
# 
# Total radial electron density.
# The first column contains radius $r$ in bohr units.
# The second column holds $\rho(r)$.
# The third column holds $\tilde{\rho}(r) = \rho(r) / (\pi * r * r)$
# 
# Use this file with gnuplot to create the plot.
# 
# R     Rho     RhoTilde
#
0.000000e+00 0.000000e+00 1.240473e+05
9.155273e-05 1.293262e-02 1.227818e+05
1.831055e-04 5.120277e-02 1.215293e+05
2.746582e-04 1.140310e-01 1.202896e+05
3.662109e-04 2.006538e-01 1.190625e+05
4.577637e-04 3.103235e-01 1.178480e+05
5.493164e-04 4.423077e-01 1.166459e+05
6.408691e-04 5.958891e-01 1.154561e+05
7.324219e-04 7.703656e-01 1.142785e+05
8.239746e-04 9.650496e-01 1.131129e+05
9.155273e-04 1.179268e+00 1.119592e+05
1.007080e-03 1.412361e+00 1.108174e+05
1.098633e-03 1.663685e+00 1.096872e+05
1.190186e-03 1.932607e+00 1.085686e+05
1.281738e-03 2.218510e+00 1.074615e+05
1.373291e-03 2.520789e+00 1.063657e+05
1.464844e-03 2.838852e+00 1.052811e+05
1.556396e-03 3.172121e+00 1.042076e+05
1.647949e-03 3.520028e+00 1.031451e+05
1.739502e-03 3.882021e+00 1.020935e+05
1.831055e-03 4.257556e+00 1.010527e+05
2.014160e-03 5.047147e+00 9.900294e+04
2.197266e-03 5.884700e+00 9.699499e+04
2.380371e-03 6.766294e+00 9.502802e+04
2.563477e-03 7.688185e+00 9.310120e+04
2.746582e-03 8.646794e+00 9.121371e+04
2.929688e-03 9.638707e+00 8.936477e+04
3.112793e-03 1.066067e+01 8.755360e+04
3.295898e-03 1.170956e+01 8.577944e+04
3.479004e-03 1.278244e+01 8.404155e+04
3.662109e-03 1.387647e+01 8.233919e+04
4.028320e-03 1.611740e+01 7.903823e+04
4.394531e-03 1.841242e+01 7.587100e+04
4.760742e-03 2.074352e+01 7.283216e+04
5.126953e-03 2.309451e+01 6.991658e+04
5.493164e-03 2.545087e+01 6.711934e+04
5.859375e-03 2.779963e+01 6.443570e+04
6.225586e-03 3.012923e+01 6.186111e+04
6.591797e-03 3.242946e+01 5.939122e+04
6.958008e-03 3.469132e+01 5.702182e+04
7.324219e-03 3.690693e+01 5.474890e+04
7.507324e-03 3.799521e+01 5.364740e+04
7.690430e-03 3.906945e+01 5.256858e+04
7.873535e-03 4.012893e+01 5.151198e+04
8.056641e-03 4.117301e+01 5.047715e+04
8.239746e-03 4.220109e+01 4.946364e+04
8.422852e-03 4.321261e+01 4.847104e+04
8.605957e-03 4.420707e+01 4.749890e+04
8.789062e-03 4.518404e+01 4.654682e+04
8.972168e-03 4.614308e+01 4.561439e+04
9.155273e-03 4.708384e+01 4.470122e+04
9.338379e-03 4.800598e+01 4.380690e+04
9.521484e-03 4.890922e+01 4.293106e+04
9.704590e-03 4.979331e+01 4.207332e+04
9.887695e-03 5.065802e+01 4.123331e+04
1.007080e-02 5.150317e+01 4.041068e+04
1.025391e-02 5.232862e+01 3.960506e+04
1.043701e-02 5.313423e+01 3.881612e+04
1.062012e-02 5.391991e+01 3.804352e+04
1.080322e-02 5.468560e+01 3.728691e+04
1.098633e-02 5.543125e+01 3.654599e+04
1.135254e-02 5.686242e+01 3.510989e+04
1.171875e-02 5.821357e+01 3.373275e+04
1.208496e-02 5.948519e+01 3.241220e+04
1.245117e-02 6.067806e+01 3.114593e+04
1.281738e-02 6.179324e+01 2.993177e+04
1.318359e-02 6.283204e+01 2.876760e+04
1.354980e-02 6.379597e+01 2.765141e+04
1.391602e-02 6.468671e+01 2.658125e+04
1.428223e-02 6.550613e+01 2.555526e+04
1.464844e-02 6.625621e+01 2.457164e+04
1.501465e-02 6.693907e+01 2.362868e+04
1.538086e-02 6.755691e+01 2.272473e+04
1.574707e-02 6.811203e+01 2.185820e+04
1.611328e-02 6.860679e+01 2.102758e+04
1.647949e-02 6.904358e+01 2.023139e+04
1.684570e-02 6.942486e+01 1.946825e+04
1.721191e-02 6.975311e+01 1.873680e+04
1.757812e-02 7.003079e+01 1.803574e+04
1.794434e-02 7.026042e+01 1.736385e+04
1.831055e-02 7.044446e+01 1.671993e+04
1.867676e-02 7.058541e+01 1.610283e+04
1.904297e-02 7.068570e+01 1.551145e+04
1.940918e-02 7.074777e+01 1.494475e+04
1.977539e-02 7.077401e+01 1.440170e+04
2.014160e-02 7.076678e+01 1.388135e+04
2.050781e-02 7.072838e+01 1.338274e+04
2.087402e-02 7.066109e+01 1.290500e+04
2.124023e-02 7.056712e+01 1.244726e+04
2.160645e-02 7.044863e+01 1.200870e+04
2.197266e-02 7.030772e+01 1.158852e+04
2.270508e-02 6.996679e+01 1.080031e+04
2.343750e-02 6.955996e+01 1.007690e+04
2.416992e-02 6.910184e+01 9.413026e+03
2.490234e-02 6.860602e+01 8.803836e+03
2.563477e-02 6.808504e+01 8.244857e+03
2.636719e-02 6.755037e+01 7.731972e+03
2.709961e-02 6.701247e+01 7.261389e+03
2.783203e-02 6.648078e+01 6.829618e+03
2.856445e-02 6.596377e+01 6.433448e+03
2.929688e-02 6.546895e+01 6.069919e+03
2.966309e-02 6.523196e+01 5.899537e+03
3.002930e-02 6.500294e+01 5.736312e+03
3.039551e-02 6.478256e+01 5.579939e+03
3.076172e-02 6.457149e+01 5.430124e+03
3.112793e-02 6.437029e+01 5.286584e+03
3.149414e-02 6.417953e+01 5.149050e+03
3.186035e-02 6.399969e+01 5.017263e+03
3.222656e-02 6.383123e+01 4.890974e+03
3.259277e-02 6.367455e+01 4.769945e+03
3.295898e-02 6.353003e+01 4.653948e+03
3.332520e-02 6.339799e+01 4.542764e+03
3.369141e-02 6.327870e+01 4.436183e+03
3.405762e-02 6.317243e+01 4.334003e+03
3.442383e-02 6.307938e+01 4.236032e+03
3.479004e-02 6.299973e+01 4.142085e+03
3.515625e-02 6.293363e+01 4.051985e+03
3.552246e-02 6.288118e+01 3.965562e+03
3.588867e-02 6.284246e+01 3.882653e+03
3.625488e-02 6.281754e+01 3.803103e+03
3.662109e-02 6.280643e+01 3.726761e+03
3.698730e-02 6.280912e+01 3.653486e+03
3.735352e-02 6.282560e+01 3.583140e+03
3.771973e-02 6.285580e+01 3.515592e+03
3.808594e-02 6.289966e+01 3.450715e+03
3.845215e-02 6.295707e+01 3.388390e+03
3.881836e-02 6.302792e+01 3.328501e+03
3.918457e-02 6.311207e+01 3.270939e+03
3.955078e-02 6.320937e+01 3.215596e+03
3.991699e-02 6.331964e+01 3.162372e+03
4.028320e-02 6.344270e+01 3.111171e+03
4.064941e-02 6.357834e+01 3.061898e+03
4.101562e-02 6.372635e+01 3.014467e+03
4.138184e-02 6.388649e+01 2.968791e+03
4.174805e-02 6.405852e+01 2.924790e+03
4.211426e-02 6.424218e+01 2.882386e+03
4.248047e-02 6.443721e+01 2.841504e+03
4.284668e-02 6.464334e+01 2.802074e+03
4.321289e-02 6.486028e+01 2.764027e+03
4.357910e-02 6.508774e+01 2.727299e+03
4.394531e-02 6.532542e+01 2.691828e+03
4.467773e-02 6.583022e+01 2.624419e+03
4.541016e-02 6.637216e+01 2.561357e+03
4.614258e-02 6.694866e+01 2.502236e+03
4.687500e-02 6.755709e+01 2.446688e+03
4.760742e-02 6.819476e+01 2.394373e+03
4.833984e-02 6.885900e+01 2.344986e+03
4.907227e-02 6.954709e+01 2.298248e+03
4.980469e-02 7.025635e+01 2.253903e+03
5.053711e-02 7.098413e+01 2.211722e+03
5.126953e-02 7.172777e+01 2.171495e+03
5.200195e-02 7.248470e+01 2.133031e+03
5.273438e-02 7.325237e+01 2.096159e+03
5.346680e-02 7.402831e+01 2.060723e+03
5.419922e-02 7.481010e+01 2.026583e+03
5.493164e-02 7.559540e+01 1.993611e+03
5.566406e-02 7.638195e+01 1.961693e+03
5.639648e-02 7.716757e+01 1.930727e+03
5.712891e-02 7.795016e+01 1.900620e+03
5.786133e-02 7.872771e+01 1.871289e+03
5.859375e-02 7.949831e+01 1.842661e+03
5.932617e-02 8.026014e+01 1.814669e+03
6.005859e-02 8.101146e+01 1.787254e+03
6.079102e-02 8.175065e+01 1.760364e+03
6.152344e-02 8.247615e+01 1.733953e+03
6.225586e-02 8.318654e+01 1.707980e+03
6.298828e-02 8.388045e+01 1.682408e+03
6.372070e-02 8.455664e+01 1.657207e+03
6.445312e-02 8.521394e+01 1.632348e+03
6.518555e-02 8.585128e+01 1.607808e+03
6.591797e-02 8.646769e+01 1.583567e+03
6.665039e-02 8.706228e+01 1.559606e+03
6.738281e-02 8.763423e+01 1.535910e+03
6.811523e-02 8.818284e+01 1.512466e+03
6.884766e-02 8.870747e+01 1.489265e+03
6.958008e-02 8.920755e+01 1.466297e+03
7.031250e-02 8.968262e+01 1.443555e+03
7.104492e-02 9.013227e+01 1.421034e+03
7.177734e-02 9.055617e+01 1.398728e+03
7.250977e-02 9.095406e+01 1.376636e+03
7.324219e-02 9.132574e+01 1.354755e+03
7.360840e-02 9.150172e+01 1.343893e+03
7.397461e-02 9.167110e+01 1.333083e+03
7.434082e-02 9.183388e+01 1.322325e+03
7.470703e-02 9.199006e+01 1.311620e+03
7.507324e-02 9.213963e+01 1.300967e+03
7.543945e-02 9.228261e+01 1.290366e+03
7.580566e-02 9.241901e+01 1.279818e+03
7.617188e-02 9.254882e+01 1.269322e+03
7.653809e-02 9.267207e+01 1.258878e+03
7.690430e-02 9.278877e+01 1.248488e+03
7.708740e-02 9.284468e+01 1.243313e+03
7.727051e-02 9.289896e+01 1.238150e+03
7.745361e-02 9.295161e+01 1.233002e+03
7.763672e-02 9.300264e+01 1.227866e+03
7.781982e-02 9.305205e+01 1.222744e+03
7.800293e-02 9.309984e+01 1.217635e+03
7.818604e-02 9.314603e+01 1.212540e+03
7.836914e-02 9.319061e+01 1.207458e+03
7.855225e-02 9.323358e+01 1.202390e+03
7.873535e-02 9.327496e+01 1.197335e+03
7.891846e-02 9.331474e+01 1.192294e+03
7.910156e-02 9.335293e+01 1.187266e+03
7.928467e-02 9.338954e+01 1.182252e+03
7.946777e-02 9.342457e+01 1.177251e+03
7.965088e-02 9.345803e+01 1.172264e+03
7.983398e-02 9.348991e+01 1.167291e+03
8.001709e-02 9.352023e+01 1.162332e+03
8.020020e-02 9.354899e+01 1.157386e+03
8.038330e-02 9.357620e+01 1.152455e+03
8.056641e-02 9.360187e+01 1.147537e+03
8.129883e-02 9.368918e+01 1.128005e+03
8.203125e-02 9.375225e+01 1.108698e+03
8.276367e-02 9.379153e+01 1.089618e+03
8.349609e-02 9.380747e+01 1.070768e+03
8.422852e-02 9.380058e+01 1.052149e+03
8.496094e-02 9.377138e+01 1.033765e+03
8.569336e-02 9.372043e+01 1.015617e+03
8.642578e-02 9.364828e+01 9.977077e+02
8.715820e-02 9.355553e+01 9.800384e+02
8.789062e-02 9.344279e+01 9.626110e+02
8.862305e-02 9.331068e+01 9.454273e+02
8.935547e-02 9.315984e+01 9.284886e+02
9.008789e-02 9.299091e+01 9.117963e+02
9.082031e-02 9.280456e+01 8.953513e+02
9.155273e-02 9.260146e+01 8.791547e+02
9.228516e-02 9.238228e+01 8.632073e+02
9.301758e-02 9.214770e+01 8.475095e+02
9.375000e-02 9.189841e+01 8.320618e+02
9.448242e-02 9.163510e+01 8.168643e+02
9.521484e-02 9.135845e+01 8.019173e+02
9.594727e-02 9.106917e+01 7.872204e+02
9.667969e-02 9.076794e+01 7.727733e+02
9.741211e-02 9.045544e+01 7.585757e+02
9.814453e-02 9.013237e+01 7.446269e+02
9.887695e-02 8.979940e+01 7.309260e+02
9.960938e-02 8.945720e+01 7.174721e+02
1.003418e-01 8.910645e+01 7.042641e+02
1.010742e-01 8.874781e+01 6.913007e+02
1.018066e-01 8.838193e+01 6.785805e+02
1.025391e-01 8.800945e+01 6.661021e+02
1.040039e-01 8.724726e+01 6.418635e+02
1.054688e-01 8.646621e+01 6.185701e+02
1.069336e-01 8.567107e+01 5.962055e+02
1.083984e-01 8.486644e+01 5.747515e+02
1.098633e-01 8.405673e+01 5.541885e+02
1.113281e-01 8.324610e+01 5.344957e+02
1.127930e-01 8.243850e+01 5.156514e+02
1.142578e-01 8.163765e+01 4.976326e+02
1.157227e-01 8.084704e+01 4.804160e+02
1.171875e-01 8.006991e+01 4.639775e+02
1.186523e-01 7.930926e+01 4.482924e+02
1.201172e-01 7.856786e+01 4.333360e+02
1.215820e-01 7.784822e+01 4.190830e+02
1.230469e-01 7.715264e+01 4.055083e+02
1.245117e-01 7.648317e+01 3.925867e+02
1.259766e-01 7.584165e+01 3.802931e+02
1.274414e-01 7.522970e+01 3.686025e+02
1.289062e-01 7.464869e+01 3.574904e+02
1.303711e-01 7.409983e+01 3.469323e+02
1.318359e-01 7.358409e+01 3.369042e+02
1.325684e-01 7.333890e+01 3.320816e+02
1.333008e-01 7.310228e+01 3.273827e+02
1.340332e-01 7.287429e+01 3.228046e+02
1.347656e-01 7.265500e+01 3.183445e+02
1.354980e-01 7.244445e+01 3.139997e+02
1.362305e-01 7.224268e+01 3.097673e+02
1.369629e-01 7.204973e+01 3.056446e+02
1.376953e-01 7.186560e+01 3.016289e+02
1.384277e-01 7.169031e+01 2.977175e+02
1.391602e-01 7.152386e+01 2.939079e+02
1.398926e-01 7.136623e+01 2.901974e+02
1.406250e-01 7.121741e+01 2.865835e+02
1.413574e-01 7.107737e+01 2.830637e+02
1.420898e-01 7.094607e+01 2.796356e+02
1.428223e-01 7.082347e+01 2.762966e+02
1.435547e-01 7.070952e+01 2.730444e+02
1.442871e-01 7.060416e+01 2.698767e+02
1.450195e-01 7.050733e+01 2.667911e+02
1.457520e-01 7.041894e+01 2.637855e+02
1.464844e-01 7.033893e+01 2.608575e+02
1.472168e-01 7.026720e+01 2.580050e+02
1.479492e-01 7.020366e+01 2.552258e+02
1.486816e-01 7.014822e+01 2.525178e+02
1.494141e-01 7.010076e+01 2.498791e+02
1.501465e-01 7.006119e+01 2.473075e+02
1.508789e-01 7.002938e+01 2.448011e+02
1.516113e-01 7.000522e+01 2.423579e+02
1.523438e-01 6.998858e+01 2.399761e+02
1.530762e-01 6.997933e+01 2.376538e+02
1.538086e-01 6.997735e+01 2.353891e+02
1.539917e-01 6.997797e+01 2.348318e+02
1.541748e-01 6.997904e+01 2.342779e+02
1.543579e-01 6.998054e+01 2.337274e+02
1.545410e-01 6.998249e+01 2.331804e+02
1.547241e-01 6.998487e+01 2.326367e+02
1.549072e-01 6.998769e+01 2.320964e+02
1.550903e-01 6.999094e+01 2.315594e+02
1.552734e-01 6.999462e+01 2.310258e+02
1.554565e-01 6.999872e+01 2.304954e+02
1.556396e-01 7.000325e+01 2.299682e+02
1.557312e-01 7.000568e+01 2.297059e+02
1.558228e-01 7.000821e+01 2.294443e+02
1.559143e-01 7.001084e+01 2.291836e+02
1.560059e-01 7.001358e+01 2.289236e+02
1.560974e-01 7.001643e+01 2.286645e+02
1.561890e-01 7.001937e+01 2.284061e+02
1.562805e-01 7.002243e+01 2.281485e+02
1.563721e-01 7.002559e+01 2.278917e+02
1.564636e-01 7.002885e+01 2.276357e+02
1.565552e-01 7.003221e+01 2.273805e+02
1.566467e-01 7.003568e+01 2.271260e+02
1.567383e-01 7.003925e+01 2.268723e+02
1.568298e-01 7.004292e+01 2.266194e+02
1.569214e-01 7.004670e+01 2.263672e+02
1.570129e-01 7.005058e+01 2.261158e+02
1.571045e-01 7.005455e+01 2.258652e+02
1.571960e-01 7.005863e+01 2.256153e+02
1.572876e-01 7.006281e+01 2.253662e+02
1.573792e-01 7.006709e+01 2.251178e+02
1.574707e-01 7.007148e+01 2.248702e+02
1.578369e-01 7.008999e+01 2.238871e+02
1.582031e-01 7.011009e+01 2.229157e+02
1.585693e-01 7.013175e+01 2.219558e+02
1.589355e-01 7.015495e+01 2.210072e+02
1.593018e-01 7.017968e+01 2.200698e+02
1.596680e-01 7.020590e+01 2.191433e+02
1.600342e-01 7.023360e+01 2.182276e+02
1.604004e-01 7.026277e+01 2.173224e+02
1.607666e-01 7.029337e+01 2.164277e+02
1.611328e-01 7.032540e+01 2.155432e+02
1.625977e-01 7.046730e+01 2.121042e+02
1.640625e-01 7.063027e+01 2.088153e+02
1.655273e-01 7.081297e+01 2.056664e+02
1.669922e-01 7.101403e+01 2.026479e+02
1.684570e-01 7.123209e+01 1.997504e+02
1.699219e-01 7.146577e+01 1.969653e+02
1.713867e-01 7.171370e+01 1.942844e+02
1.728516e-01 7.197449e+01 1.917000e+02
1.743164e-01 7.224678e+01 1.892048e+02
1.757812e-01 7.252922e+01 1.867919e+02
1.772461e-01 7.282047e+01 1.844549e+02
1.787109e-01 7.311921e+01 1.821878e+02
1.801758e-01 7.342413e+01 1.799849e+02
1.816406e-01 7.373396e+01 1.778409e+02
1.831055e-01 7.404744e+01 1.757509e+02
1.845703e-01 7.436335e+01 1.737102e+02
1.860352e-01 7.468051e+01 1.717147e+02
1.875000e-01 7.499774e+01 1.697602e+02
1.889648e-01 7.531392e+01 1.678431e+02
1.904297e-01 7.562797e+01 1.659599e+02
1.918945e-01 7.593882e+01 1.641076e+02
1.933594e-01 7.624546e+01 1.622832e+02
1.948242e-01 7.654691e+01 1.604841e+02
1.962891e-01 7.684222e+01 1.587076e+02
1.977539e-01 7.713051e+01 1.569518e+02
1.992188e-01 7.741092e+01 1.552144e+02
2.006836e-01 7.768261e+01 1.534936e+02
2.021484e-01 7.794483e+01 1.517877e+02
2.036133e-01 7.819682e+01 1.500953e+02
2.050781e-01 7.843790e+01 1.484149e+02
2.065430e-01 7.866742e+01 1.467453e+02
2.080078e-01 7.888475e+01 1.450855e+02
2.094727e-01 7.908934e+01 1.434344e+02
2.109375e-01 7.928064e+01 1.417913e+02
2.124023e-01 7.945816e+01 1.401555e+02
2.138672e-01 7.962145e+01 1.385262e+02
2.153320e-01 7.977010e+01 1.369030e+02
2.167969e-01 7.990372e+01 1.352855e+02
2.182617e-01 8.002198e+01 1.336732e+02
2.197266e-01 8.012458e+01 1.320659e+02
2.211914e-01 8.021124e+01 1.304635e+02
2.226562e-01 8.028174e+01 1.288656e+02
2.241211e-01 8.033587e+01 1.272724e+02
2.255859e-01 8.037346e+01 1.256836e+02
2.270508e-01 8.039440e+01 1.240995e+02
2.285156e-01 8.039856e+01 1.225199e+02
2.299805e-01 8.038589e+01 1.209450e+02
2.314453e-01 8.035633e+01 1.193750e+02
2.329102e-01 8.030988e+01 1.178100e+02
2.343750e-01 8.024654e+01 1.162502e+02
2.358398e-01 8.016635e+01 1.146959e+02
2.373047e-01 8.006938e+01 1.131472e+02
2.387695e-01 7.995571e+01 1.116045e+02
2.402344e-01 7.982546e+01 1.100680e+02
2.416992e-01 7.967875e+01 1.085381e+02
2.431641e-01 7.951574e+01 1.070150e+02
2.446289e-01 7.933661e+01 1.054990e+02
2.460938e-01 7.914155e+01 1.039905e+02
2.475586e-01 7.893076e+01 1.024897e+02
2.490234e-01 7.870449e+01 1.009972e+02
2.504883e-01 7.846297e+01 9.951306e+01
2.519531e-01 7.820647e+01 9.803774e+01
2.534180e-01 7.793525e+01 9.657156e+01
2.548828e-01 7.764961e+01 9.511485e+01
2.563477e-01 7.734984e+01 9.366792e+01
2.578125e-01 7.703627e+01 9.223111e+01
2.592773e-01 7.670920e+01 9.080473e+01
2.607422e-01 7.636898e+01 8.938909e+01
2.622070e-01 7.601594e+01 8.798449e+01
2.636719e-01 7.565044e+01 8.659124e+01
2.651367e-01 7.527283e+01 8.520962e+01
2.666016e-01 7.488348e+01 8.383990e+01
2.680664e-01 7.448275e+01 8.248236e+01
2.695312e-01 7.407104e+01 8.113725e+01
2.709961e-01 7.364870e+01 7.980483e+01
2.724609e-01 7.321614e+01 7.848533e+01
2.739258e-01 7.277374e+01 7.717898e+01
2.753906e-01 7.232189e+01 7.588599e+01
2.768555e-01 7.186098e+01 7.460657e+01
2.783203e-01 7.139141e+01 7.334091e+01
2.797852e-01 7.091357e+01 7.208919e+01
2.812500e-01 7.042787e+01 7.085159e+01
2.827148e-01 6.993469e+01 6.962826e+01
2.841797e-01 6.943443e+01 6.841936e+01
2.856445e-01 6.892750e+01 6.722500e+01
2.871094e-01 6.841427e+01 6.604532e+01
2.885742e-01 6.789514e+01 6.488044e+01
2.900391e-01 6.737051e+01 6.373045e+01
2.915039e-01 6.684075e+01 6.259544e+01
2.929688e-01 6.630626e+01 6.147550e+01
2.944336e-01 6.576740e+01 6.037069e+01
2.958984e-01 6.522457e+01 5.928106e+01
2.973633e-01 6.467812e+01 5.820668e+01
2.988281e-01 6.412843e+01 5.714758e+01
3.002930e-01 6.357586e+01 5.610377e+01
3.017578e-01 6.302077e+01 5.507529e+01
3.032227e-01 6.246352e+01 5.406215e+01
3.046875e-01 6.190445e+01 5.306433e+01
3.061523e-01 6.134390e+01 5.208184e+01
3.076172e-01 6.078221e+01 5.111465e+01
3.079834e-01 6.064164e+01 5.087524e+01
3.083496e-01 6.050104e+01 5.063679e+01
3.087158e-01 6.036039e+01 5.039929e+01
3.090820e-01 6.021971e+01 5.016274e+01
3.094482e-01 6.007899e+01 4.992715e+01
3.098145e-01 5.993826e+01 4.969250e+01
3.101807e-01 5.979750e+01 4.945881e+01
3.105469e-01 5.965672e+01 4.922608e+01
3.109131e-01 5.951594e+01 4.899429e+01
3.112793e-01 5.937515e+01 4.876345e+01
3.113708e-01 5.933995e+01 4.870589e+01
3.114624e-01 5.930476e+01 4.864838e+01
3.115540e-01 5.926956e+01 4.859094e+01
3.116455e-01 5.923436e+01 4.853356e+01
3.117371e-01 5.919917e+01 4.847623e+01
3.118286e-01 5.916397e+01 4.841897e+01
3.119202e-01 5.912877e+01 4.836176e+01
3.120117e-01 5.909358e+01 4.830461e+01
3.121033e-01 5.905838e+01 4.824753e+01
3.121948e-01 5.902319e+01 4.819050e+01
3.122864e-01 5.898799e+01 4.813353e+01
3.123779e-01 5.895280e+01 4.807662e+01
3.124695e-01 5.891761e+01 4.801977e+01
3.125610e-01 5.888242e+01 4.796297e+01
3.126526e-01 5.884723e+01 4.790624e+01
3.127441e-01 5.881204e+01 4.784957e+01
3.128357e-01 5.877686e+01 4.779296e+01
3.129272e-01 5.874167e+01 4.773640e+01
3.130188e-01 5.870649e+01 4.767990e+01
3.131104e-01 5.867130e+01 4.762347e+01
3.132935e-01 5.860094e+01 4.751077e+01
3.134766e-01 5.853059e+01 4.739831e+01
3.136597e-01 5.846024e+01 4.728608e+01
3.138428e-01 5.838990e+01 4.717409e+01
3.140259e-01 5.831956e+01 4.706234e+01
3.142090e-01 5.824924e+01 4.695082e+01
3.143921e-01 5.817893e+01 4.683954e+01
3.145752e-01 5.810862e+01 4.672849e+01
3.147583e-01 5.803833e+01 4.661768e+01
3.149414e-01 5.796804e+01 4.650710e+01
3.156738e-01 5.768703e+01 4.606713e+01
3.164062e-01 5.740625e+01 4.563091e+01
3.171387e-01 5.712572e+01 4.519843e+01
3.178711e-01 5.684548e+01 4.476968e+01
3.186035e-01 5.656558e+01 4.434465e+01
3.193359e-01 5.628605e+01 4.392333e+01
3.200684e-01 5.600691e+01 4.350571e+01
3.208008e-01 5.572821e+01 4.309178e+01
3.215332e-01 5.544998e+01 4.268152e+01
3.222656e-01 5.517225e+01 4.227493e+01
3.237305e-01 5.461843e+01 4.147269e+01
3.251953e-01 5.406700e+01 4.068495e+01
3.266602e-01 5.351821e+01 3.991163e+01
3.281250e-01 5.297232e+01 3.915259e+01
3.295898e-01 5.242954e+01 3.840772e+01
3.310547e-01 5.189012e+01 3.767691e+01
3.325195e-01 5.135426e+01 3.696003e+01
3.339844e-01 5.082219e+01 3.625695e+01
3.354492e-01 5.029412e+01 3.556753e+01
3.369141e-01 4.977022e+01 3.489165e+01
3.383789e-01 4.925071e+01 3.422915e+01
3.398438e-01 4.873577e+01 3.357990e+01
3.413086e-01 4.822556e+01 3.294375e+01
3.427734e-01 4.772027e+01 3.232055e+01
3.442383e-01 4.722005e+01 3.171015e+01
3.457031e-01 4.672506e+01 3.111239e+01
3.471680e-01 4.623545e+01 3.052713e+01
3.486328e-01 4.575137e+01 2.995420e+01
3.500977e-01 4.527294e+01 2.939344e+01
3.515625e-01 4.480029e+01 2.884469e+01
3.544922e-01 4.387285e+01 2.778258e+01
3.574219e-01 4.296992e+01 2.676655e+01
3.603516e-01 4.209232e+01 2.579528e+01
3.632812e-01 4.124074e+01 2.486742e+01
3.662109e-01 4.041579e+01 2.398162e+01
3.691406e-01 3.961796e+01 2.313655e+01
3.720703e-01 3.884769e+01 2.233085e+01
3.750000e-01 3.810531e+01 2.156319e+01
3.779297e-01 3.739107e+01 2.083224e+01
3.808594e-01 3.670514e+01 2.013667e+01
3.823242e-01 3.637283e+01 1.980175e+01
3.837891e-01 3.604764e+01 1.947519e+01
3.852539e-01 3.572955e+01 1.915683e+01
3.867188e-01 3.541857e+01 1.884650e+01
3.881836e-01 3.511470e+01 1.854406e+01
3.896484e-01 3.481792e+01 1.824934e+01
3.911133e-01 3.452821e+01 1.796218e+01
3.925781e-01 3.424557e+01 1.768244e+01
3.940430e-01 3.396996e+01 1.740997e+01
3.955078e-01 3.370136e+01 1.714460e+01
3.969727e-01 3.343974e+01 1.688619e+01
3.984375e-01 3.318506e+01 1.663460e+01
3.999023e-01 3.293731e+01 1.638967e+01
4.013672e-01 3.269642e+01 1.615127e+01
4.028320e-01 3.246237e+01 1.591924e+01
4.042969e-01 3.223510e+01 1.569345e+01
4.057617e-01 3.201458e+01 1.547376e+01
4.072266e-01 3.180074e+01 1.526002e+01
4.086914e-01 3.159354e+01 1.505211e+01
4.101562e-01 3.139292e+01 1.484989e+01
4.130859e-01 3.101120e+01 1.446198e+01
4.160156e-01 3.065508e+01 1.409527e+01
4.189453e-01 3.032404e+01 1.374873e+01
4.218750e-01 3.001753e+01 1.342139e+01
4.248047e-01 2.973498e+01 1.311231e+01
4.277344e-01 2.947577e+01 1.282056e+01
4.306641e-01 2.923929e+01 1.254526e+01
4.335938e-01 2.902488e+01 1.228555e+01
4.365234e-01 2.883189e+01 1.204060e+01
4.394531e-01 2.865964e+01 1.180962e+01
4.423828e-01 2.850744e+01 1.159183e+01
4.453125e-01 2.837460e+01 1.138650e+01
4.482422e-01 2.826040e+01 1.119291e+01
4.511719e-01 2.816414e+01 1.101039e+01
4.541016e-01 2.808510e+01 1.083827e+01
4.570312e-01 2.802256e+01 1.067594e+01
4.599609e-01 2.797580e+01 1.052279e+01
4.628906e-01 2.794411e+01 1.037824e+01
4.658203e-01 2.792677e+01 1.024174e+01
4.687500e-01 2.792306e+01 1.011278e+01
4.746094e-01 2.795373e+01 9.875458e+00
4.804688e-01 2.803055e+01 9.662545e+00
4.863281e-01 2.814810e+01 9.470664e+00
4.921875e-01 2.830109e+01 9.296772e+00
4.980469e-01 2.848446e+01 9.138136e+00
5.039062e-01 2.869332e+01 8.992313e+00
5.097656e-01 2.892304e+01 8.857130e+00
5.156250e-01 2.916922e+01 8.730659e+00
5.214844e-01 2.942771e+01 8.611206e+00
5.273438e-01 2.969461e+01 8.497284e+00
5.332031e-01 2.996629e+01 8.387600e+00
5.390625e-01 3.023936e+01 8.281034e+00
5.449219e-01 3.051073e+01 8.176628e+00
5.507812e-01 3.077752e+01 8.073568e+00
5.566406e-01 3.103714e+01 7.971170e+00
5.625000e-01 3.128723e+01 7.868866e+00
5.683594e-01 3.152566e+01 7.766194e+00
5.742188e-01 3.175055e+01 7.662786e+00
5.800781e-01 3.196025e+01 7.558356e+00
5.859375e-01 3.215329e+01 7.452690e+00
5.888672e-01 3.224318e+01 7.399345e+00
5.917969e-01 3.232844e+01 7.345639e+00
5.947266e-01 3.240897e+01 7.291564e+00
5.976562e-01 3.248464e+01 7.237113e+00
6.005859e-01 3.255536e+01 7.182280e+00
6.035156e-01 3.262103e+01 7.127065e+00
6.064453e-01 3.268156e+01 7.071468e+00
6.093750e-01 3.273689e+01 7.015494e+00
6.123047e-01 3.278695e+01 6.959147e+00
6.152344e-01 3.283169e+01 6.902433e+00
6.159668e-01 3.284204e+01 6.888199e+00
6.166992e-01 3.285206e+01 6.873942e+00
6.174316e-01 3.286173e+01 6.859664e+00
6.181641e-01 3.287107e+01 6.845363e+00
6.188965e-01 3.288008e+01 6.831041e+00
6.196289e-01 3.288874e+01 6.816698e+00
6.203613e-01 3.289707e+01 6.802333e+00
6.210938e-01 3.290506e+01 6.787947e+00
6.218262e-01 3.291270e+01 6.773540e+00
6.225586e-01 3.292001e+01 6.759112e+00
6.229248e-01 3.292354e+01 6.751891e+00
6.232910e-01 3.292698e+01 6.744664e+00
6.236572e-01 3.293034e+01 6.737433e+00
6.240234e-01 3.293361e+01 6.730196e+00
6.243896e-01 3.293680e+01 6.722954e+00
6.247559e-01 3.293990e+01 6.715707e+00
6.251221e-01 3.294292e+01 6.708456e+00
6.254883e-01 3.294585e+01 6.701199e+00
6.258545e-01 3.294870e+01 6.693938e+00
6.262207e-01 3.295146e+01 6.686672e+00
6.265869e-01 3.295414e+01 6.679400e+00
6.269531e-01 3.295673e+01 6.672124e+00
6.273193e-01 3.295924e+01 6.664844e+00
6.276855e-01 3.296166e+01 6.657558e+00
6.280518e-01 3.296400e+01 6.650268e+00
6.284180e-01 3.296625e+01 6.642973e+00
6.287842e-01 3.296841e+01 6.635673e+00
6.291504e-01 3.297049e+01 6.628369e+00
6.295166e-01 3.297249e+01 6.621059e+00
6.298828e-01 3.297440e+01 6.613746e+00
6.313477e-01 3.298118e+01 6.584446e+00
6.328125e-01 3.298660e+01 6.555074e+00
6.342773e-01 3.299066e+01 6.525634e+00
6.357422e-01 3.299335e+01 6.496127e+00
6.372070e-01 3.299468e+01 6.466554e+00
6.386719e-01 3.299465e+01 6.436920e+00
6.401367e-01 3.299326e+01 6.407224e+00
6.416016e-01 3.299052e+01 6.377471e+00
6.430664e-01 3.298643e+01 6.347662e+00
6.445312e-01 3.298099e+01 6.317800e+00
6.474609e-01 3.296608e+01 6.257925e+00
6.503906e-01 3.294583e+01 6.197865e+00
6.533203e-01 3.292029e+01 6.137640e+00
6.562500e-01 3.288948e+01 6.077270e+00
6.591797e-01 3.285348e+01 6.016776e+00
6.621094e-01 3.281232e+01 5.956177e+00
6.650391e-01 3.276607e+01 5.895494e+00
6.679688e-01 3.271479e+01 5.834747e+00
6.708984e-01 3.265855e+01 5.773957e+00
6.738281e-01 3.259742e+01 5.713143e+00
6.767578e-01 3.253147e+01 5.652327e+00
6.796875e-01 3.246078e+01 5.591529e+00
6.826172e-01 3.238543e+01 5.530767e+00
6.855469e-01 3.230549e+01 5.470062e+00
6.884766e-01 3.222106e+01 5.409432e+00
6.914062e-01 3.213222e+01 5.348898e+00
6.943359e-01 3.203906e+01 5.288477e+00
6.972656e-01 3.194167e+01 5.228189e+00
7.001953e-01 3.184014e+01 5.168051e+00
7.031250e-01 3.173457e+01 5.108080e+00
7.089844e-01 3.151168e+01 4.988711e+00
7.148438e-01 3.127376e+01 4.870214e+00
7.207031e-01 3.102162e+01 4.752715e+00
7.265625e-01 3.075604e+01 4.636333e+00
7.324219e-01 3.047784e+01 4.521180e+00
7.382812e-01 3.018783e+01 4.407358e+00
7.441406e-01 2.988680e+01 4.294963e+00
7.500000e-01 2.957555e+01 4.184085e+00
7.558594e-01 2.925489e+01 4.074803e+00
7.617188e-01 2.892560e+01 3.967192e+00
7.631836e-01 2.884202e+01 3.940558e+00
7.646484e-01 2.875796e+01 3.914034e+00
7.661133e-01 2.867343e+01 3.887620e+00
7.675781e-01 2.858844e+01 3.861317e+00
7.690430e-01 2.850301e+01 3.835127e+00
7.705078e-01 2.841715e+01 3.809049e+00
7.719727e-01 2.833087e+01 3.783086e+00
7.734375e-01 2.824418e+01 3.757237e+00
7.749023e-01 2.815709e+01 3.731504e+00
7.763672e-01 2.806961e+01 3.705887e+00
7.778320e-01 2.798176e+01 3.680388e+00
7.792969e-01 2.789355e+01 3.655005e+00
7.807617e-01 2.780498e+01 3.629742e+00
7.822266e-01 2.771607e+01 3.604597e+00
7.836914e-01 2.762683e+01 3.579572e+00
7.851562e-01 2.753728e+01 3.554667e+00
7.866211e-01 2.744741e+01 3.529883e+00
7.880859e-01 2.735724e+01 3.505220e+00
7.895508e-01 2.726679e+01 3.480679e+00
7.910156e-01 2.717606e+01 3.456261e+00
7.939453e-01 2.699382e+01 3.407793e+00
7.968750e-01 2.681059e+01 3.359821e+00
7.998047e-01 2.662647e+01 3.312347e+00
8.027344e-01 2.644152e+01 3.265374e+00
8.056641e-01 2.625584e+01 3.218905e+00
8.085938e-01 2.606950e+01 3.172942e+00
8.115234e-01 2.588257e+01 3.127487e+00
8.144531e-01 2.569514e+01 3.082541e+00
8.173828e-01 2.550726e+01 3.038107e+00
8.203125e-01 2.531903e+01 2.994184e+00
8.261719e-01 2.494173e+01 2.907877e+00
8.320312e-01 2.456381e+01 2.823622e+00
8.378906e-01 2.418577e+01 2.741419e+00
8.437500e-01 2.380811e+01 2.661261e+00
8.496094e-01 2.343130e+01 2.583140e+00
8.554688e-01 2.305580e+01 2.507044e+00
8.613281e-01 2.268201e+01 2.432957e+00
8.671875e-01 2.231035e+01 2.360862e+00
8.730469e-01 2.194120e+01 2.290737e+00
8.789062e-01 2.157489e+01 2.222561e+00
8.847656e-01 2.121177e+01 2.156307e+00
8.906250e-01 2.085215e+01 2.091950e+00
8.964844e-01 2.049631e+01 2.029460e+00
9.023438e-01 2.014453e+01 1.968807e+00
9.082031e-01 1.979705e+01 1.909961e+00
9.140625e-01 1.945409e+01 1.852889e+00
9.199219e-01 1.911588e+01 1.797556e+00
9.257812e-01 1.878260e+01 1.743930e+00
9.316406e-01 1.845442e+01 1.691974e+00
9.375000e-01 1.813152e+01 1.641654e+00
9.433594e-01 1.781399e+01 1.592932e+00
9.492188e-01 1.750199e+01 1.545770e+00
9.550781e-01 1.719561e+01 1.500134e+00
9.609375e-01 1.689495e+01 1.455985e+00
9.667969e-01 1.660009e+01 1.413286e+00
9.726562e-01 1.631109e+01 1.372001e+00
9.785156e-01 1.602801e+01 1.332092e+00
9.843750e-01 1.575089e+01 1.293523e+00
9.902344e-01 1.547975e+01 1.256256e+00
9.960938e-01 1.521463e+01 1.220256e+00
1.001953e+00 1.495551e+01 1.185486e+00
1.007812e+00 1.470241e+01 1.151912e+00
1.013672e+00 1.445531e+01 1.119497e+00
1.019531e+00 1.421420e+01 1.088207e+00
1.025391e+00 1.397904e+01 1.058008e+00
1.031250e+00 1.374981e+01 1.028866e+00
1.037109e+00 1.352645e+01 1.000748e+00
1.042969e+00 1.330892e+01 9.736223e-01
1.048828e+00 1.309718e+01 9.474563e-01
1.054688e+00 1.289114e+01 9.222189e-01
1.060547e+00 1.269076e+01 8.978797e-01
1.066406e+00 1.249596e+01 8.744087e-01
1.072266e+00 1.230667e+01 8.517768e-01
1.078125e+00 1.212280e+01 8.299553e-01
1.083984e+00 1.194427e+01 8.089164e-01
1.089844e+00 1.177100e+01 7.886330e-01
1.095703e+00 1.160289e+01 7.690785e-01
1.101562e+00 1.143987e+01 7.502272e-01
1.107422e+00 1.128182e+01 7.320540e-01
1.113281e+00 1.112866e+01 7.145345e-01
1.119141e+00 1.098028e+01 6.976448e-01
1.125000e+00 1.083659e+01 6.813620e-01
1.130859e+00 1.069749e+01 6.656636e-01
1.136719e+00 1.056287e+01 6.505280e-01
1.142578e+00 1.043263e+01 6.359339e-01
1.148438e+00 1.030666e+01 6.218611e-01
1.154297e+00 1.018487e+01 6.082896e-01
1.160156e+00 1.006714e+01 5.952003e-01
1.166016e+00 9.953371e+00 5.825747e-01
1.171875e+00 9.843462e+00 5.703946e-01
1.177734e+00 9.737306e+00 5.586428e-01
1.183594e+00 9.634798e+00 5.473025e-01
1.189453e+00 9.535837e+00 5.363574e-01
1.195312e+00 9.440317e+00 5.257918e-01
1.201172e+00 9.348139e+00 5.155906e-01
1.207031e+00 9.259199e+00 5.057391e-01
1.212891e+00 9.173399e+00 4.962233e-01
1.218750e+00 9.090638e+00 4.870295e-01
1.224609e+00 9.010820e+00 4.781446e-01
1.230469e+00 8.933847e+00 4.695561e-01
1.233398e+00 8.896397e+00 4.653691e-01
1.236328e+00 8.859623e+00 4.612516e-01
1.239258e+00 8.823513e+00 4.572022e-01
1.242188e+00 8.788055e+00 4.532195e-01
1.245117e+00 8.753238e+00 4.493021e-01
1.248047e+00 8.719050e+00 4.454485e-01
1.250977e+00 8.685481e+00 4.416575e-01
1.253906e+00 8.652517e+00 4.379278e-01
1.256836e+00 8.620150e+00 4.342579e-01
1.259766e+00 8.588367e+00 4.306468e-01
1.262695e+00 8.557157e+00 4.270931e-01
1.265625e+00 8.526511e+00 4.235955e-01
1.268555e+00 8.496416e+00 4.201530e-01
1.271484e+00 8.466862e+00 4.167644e-01
1.274414e+00 8.437840e+00 4.134284e-01
1.277344e+00 8.409337e+00 4.101440e-01
1.280273e+00 8.381345e+00 4.069100e-01
1.283203e+00 8.353853e+00 4.037255e-01
1.286133e+00 8.326850e+00 4.005892e-01
1.289062e+00 8.300327e+00 3.975002e-01
1.300781e+00 8.198835e+00 3.855971e-01
1.312500e+00 8.104247e+00 3.743727e-01
1.324219e+00 8.015975e+00 3.637701e-01
1.335938e+00 7.933459e+00 3.537370e-01
1.347656e+00 7.856171e+00 3.442253e-01
1.359375e+00 7.783606e+00 3.351911e-01
1.371094e+00 7.715292e+00 3.265940e-01
1.382812e+00 7.650781e+00 3.183973e-01
1.394531e+00 7.589653e+00 3.105672e-01
1.406250e+00 7.531515e+00 3.030731e-01
1.417969e+00 7.475998e+00 2.958871e-01
1.429688e+00 7.422759e+00 2.889837e-01
1.441406e+00 7.371480e+00 2.823397e-01
1.453125e+00 7.321863e+00 2.759344e-01
1.464844e+00 7.273635e+00 2.697485e-01
1.476562e+00 7.226544e+00 2.637650e-01
1.488281e+00 7.180357e+00 2.579682e-01
1.500000e+00 7.134863e+00 2.523442e-01
1.511719e+00 7.089866e+00 2.468802e-01
1.523438e+00 7.045192e+00 2.415648e-01
1.529297e+00 7.022925e+00 2.389596e-01
1.535156e+00 7.000680e+00 2.363879e-01
1.541016e+00 6.978440e+00 2.338484e-01
1.546875e+00 6.956187e+00 2.313401e-01
1.552734e+00 6.933907e+00 2.288621e-01
1.558594e+00 6.911585e+00 2.264133e-01
1.564453e+00 6.889207e+00 2.239929e-01
1.570312e+00 6.866760e+00 2.216000e-01
1.576172e+00 6.844232e+00 2.192339e-01
1.582031e+00 6.821610e+00 2.168937e-01
1.587891e+00 6.798886e+00 2.145787e-01
1.593750e+00 6.776048e+00 2.122884e-01
1.599609e+00 6.753087e+00 2.100219e-01
1.605469e+00 6.729996e+00 2.077788e-01
1.611328e+00 6.706765e+00 2.055584e-01
1.617188e+00 6.683389e+00 2.033603e-01
1.623047e+00 6.659859e+00 2.011838e-01
1.628906e+00 6.636171e+00 1.990286e-01
1.634766e+00 6.612319e+00 1.968942e-01
1.640625e+00 6.588298e+00 1.947801e-01
1.664062e+00 6.490441e+00 1.865199e-01
1.687500e+00 6.389618e+00 1.785573e-01
1.710938e+00 6.285740e+00 1.708749e-01
1.734375e+00 6.178811e+00 1.634591e-01
1.757812e+00 6.068915e+00 1.562990e-01
1.781250e+00 5.956201e+00 1.493859e-01
1.804688e+00 5.840866e+00 1.427129e-01
1.828125e+00 5.723150e+00 1.362742e-01
1.851562e+00 5.603324e+00 1.300646e-01
1.875000e+00 5.481677e+00 1.240798e-01
1.898438e+00 5.358515e+00 1.183156e-01
1.921875e+00 5.234152e+00 1.127681e-01
1.945312e+00 5.108903e+00 1.074333e-01
1.968750e+00 4.983081e+00 1.023074e-01
1.992188e+00 4.856993e+00 9.738616e-02
2.015625e+00 4.730939e+00 9.266548e-02
2.039062e+00 4.605204e+00 8.814099e-02
2.062500e+00 4.480061e+00 8.380814e-02
2.085938e+00 4.355770e+00 7.966223e-02
2.109375e+00 4.232571e+00 7.569841e-02
2.132812e+00 4.110689e+00 7.191168e-02
2.156250e+00 3.990333e+00 6.829691e-02
2.179688e+00 3.871693e+00 6.484889e-02
2.203125e+00 3.754940e+00 6.156230e-02
2.226562e+00 3.640231e+00 5.843180e-02
2.250000e+00 3.527704e+00 5.545200e-02
2.273438e+00 3.417480e+00 5.261749e-02
2.296875e+00 3.309667e+00 4.992289e-02
2.320312e+00 3.204354e+00 4.736284e-02
2.343750e+00 3.101620e+00 4.493204e-02
2.355469e+00 3.051239e+00 4.376346e-02
2.367188e+00 3.001525e+00 4.262524e-02
2.378906e+00 2.952484e+00 4.151673e-02
2.390625e+00 2.904121e+00 4.043728e-02
2.402344e+00 2.856440e+00 3.938628e-02
2.414062e+00 2.809445e+00 3.836310e-02
2.425781e+00 2.763139e+00 3.736711e-02
2.437500e+00 2.717523e+00 3.639772e-02
2.449219e+00 2.672601e+00 3.545431e-02
2.460938e+00 2.628372e+00 3.453629e-02
2.472656e+00 2.584837e+00 3.364308e-02
2.484375e+00 2.541996e+00 3.277410e-02
2.496094e+00 2.499849e+00 3.192876e-02
2.507812e+00 2.458394e+00 3.110652e-02
2.519531e+00 2.417629e+00 3.030682e-02
2.531250e+00 2.377553e+00 2.952911e-02
2.542969e+00 2.338163e+00 2.877286e-02
2.554688e+00 2.299457e+00 2.803753e-02
2.566406e+00 2.261429e+00 2.732262e-02
2.578125e+00 2.224078e+00 2.662761e-02
2.601562e+00 2.151385e+00 2.529530e-02
2.625000e+00 2.081342e+00 2.403670e-02
2.648438e+00 2.013905e+00 2.284808e-02
2.671875e+00 1.949030e+00 2.172583e-02
2.695312e+00 1.886665e+00 2.066649e-02
2.718750e+00 1.826757e+00 1.966674e-02
2.742188e+00 1.769251e+00 1.872342e-02
2.765625e+00 1.714087e+00 1.783349e-02
2.789062e+00 1.661205e+00 1.699405e-02
2.812500e+00 1.610543e+00 1.620232e-02
2.835938e+00 1.562037e+00 1.545568e-02
2.859375e+00 1.515623e+00 1.475160e-02
2.882812e+00 1.471237e+00 1.408769e-02
2.906250e+00 1.428813e+00 1.346169e-02
2.929688e+00 1.388285e+00 1.287141e-02
2.953125e+00 1.349590e+00 1.231482e-02
2.976562e+00 1.312661e+00 1.178997e-02
3.000000e+00 1.277435e+00 1.129500e-02
3.023438e+00 1.243848e+00 1.082818e-02
3.046875e+00 1.211837e+00 1.038784e-02
3.070312e+00 1.181340e+00 9.972408e-03
3.093750e+00 1.152298e+00 9.580415e-03
3.117188e+00 1.124648e+00 9.210454e-03
3.140625e+00 1.098335e+00 8.861203e-03
3.164062e+00 1.073300e+00 8.531413e-03
3.187500e+00 1.049487e+00 8.219905e-03
3.210938e+00 1.026843e+00 7.925568e-03
3.234375e+00 1.005314e+00 7.647353e-03
3.257812e+00 9.848493e-01 7.384273e-03
3.281250e+00 9.653989e-01 7.135400e-03
3.328125e+00 9.293489e-01 6.676820e-03
3.375000e+00 8.967955e-01 6.265215e-03
3.421875e+00 8.673947e-01 5.894929e-03
3.468750e+00 8.408266e-01 5.560970e-03
3.515625e+00 8.167949e-01 5.258938e-03
3.562500e+00 7.950260e-01 4.984960e-03
3.609375e+00 7.752682e-01 4.735634e-03
3.656250e+00 7.572909e-01 4.507971e-03
3.703125e+00 7.408832e-01 4.299353e-03
3.750000e+00 7.258530e-01 4.107488e-03
3.843750e+00 6.992440e-01 3.766245e-03
3.937500e+00 6.762603e-01 3.471066e-03
4.031250e+00 6.559277e-01 3.211934e-03
4.125000e+00 6.374695e-01 2.981272e-03
4.218750e+00 6.202763e-01 2.773370e-03
4.312500e+00 6.038785e-01 2.583935e-03
4.406250e+00 5.879229e-01 2.409751e-03
4.500000e+00 5.721518e-01 2.248414e-03
4.593750e+00 5.563853e-01 2.098123e-03
4.687500e+00 5.405060e-01 1.957528e-03
4.734375e+00 5.325012e-01 1.890538e-03
4.781250e+00 5.244460e-01 1.825610e-03
4.828125e+00 5.163378e-01 1.762654e-03
4.875000e+00 5.081759e-01 1.701590e-03
4.921875e+00 4.999611e-01 1.642348e-03
4.968750e+00 4.916955e-01 1.584864e-03
5.015625e+00 4.833826e-01 1.529083e-03
5.062500e+00 4.750267e-01 1.474953e-03
5.109375e+00 4.666329e-01 1.422427e-03
5.156250e+00 4.582071e-01 1.371463e-03
5.203125e+00 4.497555e-01 1.322020e-03
5.250000e+00 4.412849e-01 1.274062e-03
5.296875e+00 4.328024e-01 1.227553e-03
5.343750e+00 4.243151e-01 1.182460e-03
5.390625e+00 4.158306e-01 1.138750e-03
5.437500e+00 4.073562e-01 1.096392e-03
5.484375e+00 3.988993e-01 1.055356e-03
5.531250e+00 3.904673e-01 1.015613e-03
5.578125e+00 3.820674e-01 9.771329e-04
5.625000e+00 3.737068e-01 9.398878e-04
5.718750e+00 3.571305e-01 8.689902e-04
5.812500e+00 3.407909e-01 8.026979e-04
5.906250e+00 3.247359e-01 7.407930e-04
6.000000e+00 3.090092e-01 6.830602e-04
6.093750e+00 2.936489e-01 6.292878e-04
6.187500e+00 2.786887e-01 5.792673e-04
6.281250e+00 2.641567e-01 5.327943e-04
6.375000e+00 2.500765e-01 4.896690e-04
6.468750e+00 2.364668e-01 4.496966e-04
6.562500e+00 2.233420e-01 4.126881e-04
6.656250e+00 2.107124e-01 3.784609e-04
6.750000e+00 1.985844e-01 3.468389e-04
6.843750e+00 1.869610e-01 3.176530e-04
6.937500e+00 1.758421e-01 2.907415e-04
7.031250e+00 1.652247e-01 2.659500e-04
7.125000e+00 1.551035e-01 2.431319e-04
7.218750e+00 1.454709e-01 2.221480e-04
7.312500e+00 1.363176e-01 2.028664e-04
7.406250e+00 1.276324e-01 1.851631e-04
7.500000e+00 1.194032e-01 1.689210e-04
7.687500e+00 1.042581e-01 1.403879e-04
7.875000e+00 9.076581e-02 1.164693e-04
8.062500e+00 7.880162e-02 9.646857e-05
8.250000e+00 6.823785e-02 7.978248e-05
8.437500e+00 5.894735e-02 6.589111e-05
8.625000e+00 5.080641e-02 5.434886e-05
8.812500e+00 4.369683e-02 4.477564e-05
9.000000e+00 3.750732e-02 3.684862e-05
9.187500e+00 3.213444e-02 3.029467e-05
9.375000e+00 2.748301e-02 2.488353e-05
9.468750e+00 2.540041e-02 2.254475e-05
9.562500e+00 2.346628e-02 2.042168e-05
9.656250e+00 2.167107e-02 1.849496e-05
9.750000e+00 2.000574e-02 1.674694e-05
9.843750e+00 1.846170e-02 1.516145e-05
9.937500e+00 1.703085e-02 1.372373e-05
1.003125e+01 1.570557e-02 1.242034e-05
1.012500e+01 1.447865e-02 1.123901e-05
1.021875e+01 1.334333e-02 1.016854e-05
1.031250e+01 1.229323e-02 9.198740e-06
1.040625e+01 1.132239e-02 8.320317e-06
1.050000e+01 1.042520e-02 7.524820e-06
1.059375e+01 9.596415e-03 6.804555e-06
1.068750e+01 8.831111e-03 6.152522e-06
1.078125e+01 8.124698e-03 5.562360e-06
1.087500e+01 7.472884e-03 5.028284e-06
1.096875e+01 6.871663e-03 4.545040e-06
1.106250e+01 6.317298e-03 4.107854e-06
1.115625e+01 5.806309e-03 3.712392e-06
1.125000e+01 5.335452e-03 3.354720e-06
1.162500e+01 3.796105e-03 2.235334e-06
1.200000e+01 2.692587e-03 1.487981e-06
1.237500e+01 1.904695e-03 9.897490e-07
1.275000e+01 1.344143e-03 6.579840e-07
1.312500e+01 9.465730e-04 4.372659e-07
1.350000e+01 6.653662e-04 2.905249e-07
1.387500e+01 4.669413e-04 1.930129e-07
1.425000e+01 3.272224e-04 1.282341e-07
1.462500e+01 2.290225e-04 8.520725e-08
1.500000e+01 1.601160e-04 5.662944e-08
1.537500e+01 1.118329e-04 3.764692e-08
1.575000e+01 7.804319e-05 2.503595e-08
1.612500e+01 5.442212e-05 1.665583e-08
1.650000e+01 3.792539e-05 1.108542e-08
1.687500e+01 2.641406e-05 7.381383e-09
1.725000e+01 1.838742e-05 4.917369e-09
1.762500e+01 1.279414e-05 3.277502e-09
1.800000e+01 8.898850e-06 2.185642e-09
1.837500e+01 6.187430e-06 1.458296e-09
1.875000e+01 4.300815e-06 9.735053e-10
1.912500e+01 2.988670e-06 6.502273e-10
1.950000e+01 2.076367e-06 4.345352e-10
1.987500e+01 1.442247e-06 2.905465e-10
2.025000e+01 1.001599e-06 1.943721e-10
2.062500e+01 6.954676e-07 1.301006e-10
2.100000e+01 4.828294e-07 8.712549e-11
2.137500e+01 3.351539e-07 5.837437e-11
2.175000e+01 2.326148e-07 3.912992e-11
2.212500e+01 1.614259e-07 2.624199e-11
2.250000e+01 1.120049e-07 1.760605e-11
2.325000e+01 5.388891e-08 7.933112e-12
2.400000e+01 2.590984e-08 3.579583e-12
2.475000e+01 1.243390e-08 1.615277e-12
2.550000e+01 5.936513e-09 7.265093e-13
2.625000e+01 2.811821e-09 3.247276e-13
2.700000e+01 1.301213e-09 1.420401e-13
2.775000e+01 5.590105e-10 5.776757e-14
2.850000e+01 2.055190e-10 2.013504e-14
2.925000e+01 5.019773e-11 4.668985e-15
3.000000e+01 0.000000e+00 0.000000e+00
