# 
# Output from RAtom program.
# 
# Total radial electron density.
# The first column contains radius $r$ in bohr units.
# The second column holds $\rho(r)$.
# The third column holds $\tilde{\rho}(r) = \rho(r) / (\pi * r * r)$
# 
# Use this file with gnuplot to create the plot.
# 
# R     Rho     RhoTilde
#
0.000000e+00 0.000000e+00 4.439228e+04
1.831055e-04 1.843140e-02 4.374675e+04
3.662109e-04 7.265355e-02 4.311063e+04
5.493164e-04 1.610936e-01 4.248378e+04
7.324219e-04 2.822245e-01 4.186608e+04
9.155273e-04 4.345644e-01 4.125738e+04
1.098633e-03 6.166750e-01 4.065756e+04
1.281738e-03 8.271607e-01 4.006649e+04
1.464844e-03 1.064668e+00 3.948405e+04
1.647949e-03 1.327883e+00 3.891011e+04
1.831055e-03 1.615534e+00 3.834455e+04
2.014160e-03 1.926385e+00 3.778724e+04
2.197266e-03 2.259239e+00 3.723807e+04
2.380371e-03 2.612937e+00 3.669693e+04
2.563477e-03 2.986354e+00 3.616369e+04
2.746582e-03 3.378402e+00 3.563824e+04
2.929688e-03 3.788025e+00 3.512047e+04
3.112793e-03 4.214202e+00 3.461028e+04
3.295898e-03 4.655945e+00 3.410753e+04
3.479004e-03 5.112295e+00 3.361215e+04
3.662109e-03 5.582327e+00 3.312400e+04
4.028320e-03 6.559880e+00 3.216903e+04
4.394531e-03 7.581780e+00 3.124181e+04
4.760742e-03 8.641652e+00 3.034154e+04
5.126953e-03 9.733543e+00 2.946744e+04
5.493164e-03 1.085190e+01 2.861876e+04
5.859375e-03 1.199156e+01 2.779478e+04
6.225586e-03 1.314771e+01 2.699478e+04
6.591797e-03 1.431589e+01 2.621807e+04
6.958008e-03 1.549195e+01 2.546399e+04
7.324219e-03 1.667207e+01 2.473188e+04
7.690430e-03 1.785271e+01 2.402111e+04
8.056641e-03 1.903059e+01 2.333106e+04
8.422852e-03 2.020273e+01 2.266114e+04
8.789062e-03 2.136635e+01 2.201077e+04
9.155273e-03 2.251893e+01 2.137939e+04
9.521484e-03 2.365817e+01 2.076644e+04
9.887695e-03 2.478198e+01 2.017139e+04
1.025391e-02 2.588844e+01 1.959374e+04
1.062012e-02 2.697585e+01 1.903297e+04
1.098633e-02 2.804265e+01 1.848860e+04
1.135254e-02 2.908748e+01 1.796016e+04
1.171875e-02 3.010910e+01 1.744719e+04
1.208496e-02 3.110644e+01 1.694923e+04
1.245117e-02 3.207855e+01 1.646586e+04
1.281738e-02 3.302460e+01 1.599665e+04
1.318359e-02 3.394391e+01 1.554119e+04
1.354980e-02 3.483589e+01 1.509910e+04
1.391602e-02 3.570005e+01 1.466997e+04
1.428223e-02 3.653601e+01 1.425343e+04
1.464844e-02 3.734348e+01 1.384913e+04
1.501465e-02 3.812226e+01 1.345669e+04
1.538086e-02 3.887221e+01 1.307580e+04
1.574707e-02 3.959327e+01 1.270609e+04
1.611328e-02 4.028548e+01 1.234726e+04
1.647949e-02 4.094890e+01 1.199899e+04
1.684570e-02 4.158366e+01 1.166097e+04
1.721191e-02 4.218997e+01 1.133290e+04
1.757812e-02 4.276806e+01 1.101449e+04
1.794434e-02 4.331822e+01 1.070547e+04
1.831055e-02 4.384077e+01 1.040557e+04
1.867676e-02 4.433609e+01 1.011450e+04
1.904297e-02 4.480458e+01 9.832031e+03
1.940918e-02 4.524667e+01 9.557897e+03
1.977539e-02 4.566282e+01 9.291861e+03
2.014160e-02 4.605353e+01 9.033687e+03
2.050781e-02 4.641930e+01 8.783145e+03
2.087402e-02 4.676067e+01 8.540013e+03
2.124023e-02 4.707819e+01 8.304076e+03
2.160645e-02 4.737243e+01 8.075124e+03
2.197266e-02 4.764397e+01 7.852953e+03
2.233887e-02 4.789340e+01 7.637365e+03
2.270508e-02 4.812133e+01 7.428168e+03
2.307129e-02 4.832836e+01 7.225176e+03
2.343750e-02 4.851511e+01 7.028207e+03
2.380371e-02 4.868221e+01 6.837086e+03
2.416992e-02 4.883027e+01 6.651641e+03
2.453613e-02 4.895994e+01 6.471707e+03
2.490234e-02 4.907184e+01 6.297121e+03
2.526855e-02 4.916660e+01 6.127728e+03
2.563477e-02 4.924484e+01 5.963376e+03
2.600098e-02 4.930719e+01 5.803916e+03
2.636719e-02 4.935428e+01 5.649205e+03
2.673340e-02 4.938671e+01 5.499104e+03
2.709961e-02 4.940511e+01 5.353478e+03
2.746582e-02 4.941008e+01 5.212194e+03
2.783203e-02 4.940222e+01 5.075126e+03
2.819824e-02 4.938213e+01 4.942149e+03
2.856445e-02 4.935038e+01 4.813144e+03
2.893066e-02 4.930756e+01 4.687992e+03
2.929688e-02 4.925424e+01 4.566581e+03
3.002930e-02 4.911832e+01 4.334543e+03
3.076172e-02 4.894697e+01 4.116184e+03
3.149414e-02 4.874440e+01 3.910708e+03
3.222656e-02 4.851464e+01 3.717363e+03
3.295898e-02 4.826154e+01 3.535442e+03
3.369141e-02 4.798877e+01 3.364275e+03
3.442383e-02 4.769983e+01 3.203234e+03
3.515625e-02 4.739800e+01 3.051723e+03
3.588867e-02 4.708641e+01 2.909183e+03
3.662109e-02 4.676799e+01 2.775085e+03
3.698730e-02 4.660709e+01 2.711045e+03
3.735352e-02 4.644549e+01 2.648931e+03
3.771973e-02 4.628352e+01 2.588686e+03
3.808594e-02 4.612147e+01 2.530253e+03
3.845215e-02 4.595964e+01 2.473578e+03
3.881836e-02 4.579832e+01 2.418607e+03
3.918457e-02 4.563777e+01 2.365290e+03
3.955078e-02 4.547826e+01 2.313576e+03
3.991699e-02 4.532003e+01 2.263418e+03
4.028320e-02 4.516333e+01 2.214767e+03
4.064941e-02 4.500838e+01 2.167579e+03
4.101562e-02 4.485541e+01 2.121809e+03
4.138184e-02 4.470463e+01 2.077414e+03
4.174805e-02 4.455624e+01 2.034353e+03
4.211426e-02 4.441042e+01 1.992584e+03
4.248047e-02 4.426736e+01 1.952069e+03
4.284668e-02 4.412724e+01 1.912769e+03
4.321289e-02 4.399022e+01 1.874648e+03
4.357910e-02 4.385645e+01 1.837668e+03
4.394531e-02 4.372608e+01 1.801796e+03
4.467773e-02 4.347609e+01 1.733238e+03
4.541016e-02 4.324125e+01 1.668716e+03
4.614258e-02 4.302246e+01 1.607984e+03
4.687500e-02 4.282048e+01 1.550812e+03
4.760742e-02 4.263596e+01 1.496983e+03
4.833984e-02 4.246945e+01 1.446293e+03
4.907227e-02 4.232139e+01 1.398550e+03
4.980469e-02 4.219214e+01 1.353572e+03
5.053711e-02 4.208196e+01 1.311189e+03
5.126953e-02 4.199101e+01 1.271241e+03
5.200195e-02 4.191939e+01 1.233576e+03
5.273438e-02 4.186713e+01 1.198052e+03
5.346680e-02 4.183418e+01 1.164536e+03
5.419922e-02 4.182042e+01 1.132902e+03
5.493164e-02 4.182568e+01 1.103032e+03
5.566406e-02 4.184974e+01 1.074814e+03
5.639648e-02 4.189232e+01 1.048143e+03
5.712891e-02 4.195308e+01 1.022921e+03
5.786133e-02 4.203168e+01 9.990565e+02
5.859375e-02 4.212768e+01 9.764615e+02
5.932617e-02 4.224067e+01 9.550547e+02
6.005859e-02 4.237015e+01 9.347594e+02
6.079102e-02 4.251564e+01 9.155036e+02
6.152344e-02 4.267660e+01 8.972196e+02
6.225586e-02 4.285248e+01 8.798439e+02
6.298828e-02 4.304272e+01 8.633170e+02
6.372070e-02 4.324672e+01 8.475830e+02
6.445312e-02 4.346390e+01 8.325893e+02
6.518555e-02 4.369363e+01 8.182870e+02
6.591797e-02 4.393530e+01 8.046297e+02
6.665039e-02 4.418827e+01 7.915744e+02
6.738281e-02 4.445192e+01 7.790806e+02
6.811523e-02 4.472561e+01 7.671104e+02
6.884766e-02 4.500869e+01 7.556282e+02
6.958008e-02 4.530053e+01 7.446009e+02
7.031250e-02 4.560049e+01 7.339974e+02
7.104492e-02 4.590793e+01 7.237887e+02
7.177734e-02 4.622223e+01 7.139475e+02
7.250977e-02 4.654276e+01 7.044485e+02
7.324219e-02 4.686890e+01 6.952681e+02
7.360840e-02 4.703389e+01 6.907904e+02
7.397461e-02 4.720005e+01 6.863841e+02
7.434082e-02 4.736731e+01 6.820468e+02
7.470703e-02 4.753559e+01 6.777759e+02
7.507324e-02 4.770483e+01 6.735691e+02
7.543945e-02 4.787495e+01 6.694242e+02
7.580566e-02 4.804587e+01 6.653389e+02
7.617188e-02 4.821753e+01 6.613111e+02
7.653809e-02 4.838985e+01 6.573387e+02
7.690430e-02 4.856277e+01 6.534199e+02
7.708740e-02 4.864943e+01 6.514799e+02
7.727051e-02 4.873621e+01 6.495526e+02
7.745361e-02 4.882310e+01 6.476378e+02
7.763672e-02 4.891011e+01 6.457351e+02
7.781982e-02 4.899720e+01 6.438444e+02
7.800293e-02 4.908439e+01 6.419655e+02
7.818604e-02 4.917166e+01 6.400982e+02
7.836914e-02 4.925899e+01 6.382422e+02
7.855225e-02 4.934640e+01 6.363973e+02
7.873535e-02 4.943385e+01 6.345634e+02
7.891846e-02 4.952135e+01 6.327403e+02
7.910156e-02 4.960890e+01 6.309277e+02
7.928467e-02 4.969647e+01 6.291254e+02
7.946777e-02 4.978407e+01 6.273334e+02
7.965088e-02 4.987168e+01 6.255513e+02
7.983398e-02 4.995929e+01 6.237791e+02
8.001709e-02 5.004691e+01 6.220165e+02
8.020020e-02 5.013452e+01 6.202634e+02
8.038330e-02 5.022211e+01 6.185195e+02
8.056641e-02 5.030968e+01 6.167848e+02
8.129883e-02 5.065956e+01 6.099342e+02
8.203125e-02 5.100845e+01 6.032171e+02
8.276367e-02 5.135590e+01 5.966244e+02
8.349609e-02 5.170146e+01 5.901476e+02
8.422852e-02 5.204468e+01 5.837786e+02
8.496094e-02 5.238516e+01 5.775104e+02
8.569336e-02 5.272248e+01 5.713360e+02
8.642578e-02 5.305626e+01 5.652494e+02
8.715820e-02 5.338612e+01 5.592448e+02
8.789062e-02 5.371172e+01 5.533171e+02
8.935547e-02 5.434873e+01 5.416731e+02
9.082031e-02 5.496474e+01 5.302838e+02
9.228516e-02 5.555743e+01 5.191210e+02
9.375000e-02 5.612471e+01 5.081614e+02
9.521484e-02 5.666474e+01 4.973862e+02
9.667969e-02 5.717588e+01 4.867798e+02
9.814453e-02 5.765672e+01 4.763299e+02
9.960938e-02 5.810606e+01 4.660271e+02
1.010742e-01 5.852289e+01 4.558638e+02
1.025391e-01 5.890640e+01 4.458348e+02
1.032715e-01 5.908545e+01 4.408693e+02
1.040039e-01 5.925596e+01 4.359361e+02
1.047363e-01 5.941785e+01 4.310348e+02
1.054688e-01 5.957110e+01 4.261653e+02
1.062012e-01 5.971566e+01 4.213275e+02
1.069336e-01 5.985152e+01 4.165211e+02
1.076660e-01 5.997867e+01 4.117463e+02
1.083984e-01 6.009709e+01 4.070029e+02
1.091309e-01 6.020680e+01 4.022912e+02
1.098633e-01 6.030780e+01 3.976111e+02
1.105957e-01 6.040011e+01 3.929627e+02
1.113281e-01 6.048377e+01 3.883464e+02
1.120605e-01 6.055882e+01 3.837621e+02
1.127930e-01 6.062528e+01 3.792101e+02
1.135254e-01 6.068322e+01 3.746905e+02
1.142578e-01 6.073269e+01 3.702038e+02
1.149902e-01 6.077375e+01 3.657499e+02
1.157227e-01 6.080647e+01 3.613293e+02
1.164551e-01 6.083094e+01 3.569421e+02
1.171875e-01 6.084722e+01 3.525886e+02
1.179199e-01 6.085541e+01 3.482691e+02
1.186523e-01 6.085559e+01 3.439838e+02
1.193848e-01 6.084786e+01 3.397329e+02
1.201172e-01 6.083233e+01 3.355168e+02
1.208496e-01 6.080909e+01 3.313356e+02
1.215820e-01 6.077826e+01 3.271897e+02
1.223145e-01 6.073995e+01 3.230792e+02
1.230469e-01 6.069427e+01 3.190044e+02
1.237793e-01 6.064134e+01 3.149655e+02
1.245117e-01 6.058130e+01 3.109627e+02
1.252441e-01 6.051425e+01 3.069962e+02
1.259766e-01 6.044034e+01 3.030662e+02
1.267090e-01 6.035970e+01 2.991730e+02
1.274414e-01 6.027245e+01 2.953166e+02
1.281738e-01 6.017873e+01 2.914973e+02
1.289062e-01 6.007869e+01 2.877151e+02
1.296387e-01 5.997246e+01 2.839702e+02
1.303711e-01 5.986018e+01 2.802629e+02
1.311035e-01 5.974200e+01 2.765930e+02
1.318359e-01 5.961806e+01 2.729608e+02
1.333008e-01 5.935348e+01 2.658098e+02
1.347656e-01 5.906763e+01 2.588102e+02
1.362305e-01 5.876168e+01 2.519625e+02
1.376953e-01 5.843684e+01 2.452667e+02
1.391602e-01 5.809430e+01 2.387228e+02
1.406250e-01 5.773526e+01 2.323305e+02
1.420898e-01 5.736090e+01 2.260893e+02
1.435547e-01 5.697243e+01 2.199987e+02
1.450195e-01 5.657100e+01 2.140578e+02
1.464844e-01 5.615777e+01 2.082655e+02
1.472168e-01 5.594710e+01 2.054248e+02
1.479492e-01 5.573390e+01 2.026209e+02
1.486816e-01 5.551832e+01 1.998535e+02
1.494141e-01 5.530050e+01 1.971225e+02
1.501465e-01 5.508057e+01 1.944277e+02
1.508789e-01 5.485868e+01 1.917690e+02
1.516113e-01 5.463495e+01 1.891461e+02
1.523438e-01 5.440951e+01 1.865588e+02
1.530762e-01 5.418251e+01 1.840069e+02
1.538086e-01 5.395406e+01 1.814902e+02
1.539917e-01 5.389674e+01 1.808664e+02
1.541748e-01 5.383934e+01 1.802449e+02
1.543579e-01 5.378186e+01 1.796256e+02
1.545410e-01 5.372430e+01 1.790084e+02
1.547241e-01 5.366667e+01 1.783934e+02
1.549072e-01 5.360897e+01 1.777805e+02
1.550903e-01 5.355120e+01 1.771699e+02
1.552734e-01 5.349335e+01 1.765613e+02
1.554565e-01 5.343545e+01 1.759550e+02
1.556396e-01 5.337748e+01 1.753508e+02
1.558228e-01 5.331944e+01 1.747487e+02
1.560059e-01 5.326135e+01 1.741488e+02
1.561890e-01 5.320319e+01 1.735510e+02
1.563721e-01 5.314498e+01 1.729554e+02
1.565552e-01 5.308672e+01 1.723618e+02
1.567383e-01 5.302840e+01 1.717705e+02
1.569214e-01 5.297003e+01 1.711812e+02
1.571045e-01 5.291161e+01 1.705941e+02
1.572876e-01 5.285314e+01 1.700090e+02
1.574707e-01 5.279463e+01 1.694261e+02
1.578369e-01 5.267748e+01 1.682666e+02
1.582031e-01 5.256016e+01 1.671155e+02
1.585693e-01 5.244270e+01 1.659727e+02
1.589355e-01 5.232511e+01 1.648383e+02
1.593018e-01 5.220740e+01 1.637122e+02
1.596680e-01 5.208959e+01 1.625944e+02
1.600342e-01 5.197169e+01 1.614847e+02
1.604004e-01 5.185372e+01 1.603833e+02
1.607666e-01 5.173568e+01 1.592900e+02
1.611328e-01 5.161760e+01 1.582049e+02
1.625977e-01 5.114507e+01 1.539449e+02
1.640625e-01 5.067285e+01 1.498121e+02
1.655273e-01 5.020176e+01 1.458041e+02
1.669922e-01 4.973259e+01 1.419185e+02
1.684570e-01 4.926609e+01 1.381529e+02
1.699219e-01 4.880297e+01 1.345048e+02
1.713867e-01 4.834392e+01 1.309718e+02
1.728516e-01 4.788961e+01 1.275513e+02
1.743164e-01 4.744063e+01 1.242407e+02
1.757812e-01 4.699759e+01 1.210377e+02
1.772461e-01 4.656102e+01 1.179395e+02
1.787109e-01 4.613147e+01 1.149437e+02
1.801758e-01 4.570941e+01 1.120477e+02
1.816406e-01 4.529530e+01 1.092490e+02
1.831055e-01 4.488957e+01 1.065450e+02
1.845703e-01 4.449261e+01 1.039332e+02
1.860352e-01 4.410480e+01 1.014112e+02
1.875000e-01 4.372647e+01 9.897647e+01
1.889648e-01 4.335792e+01 9.662656e+01
1.904297e-01 4.299944e+01 9.435906e+01
1.918945e-01 4.265128e+01 9.217158e+01
1.933594e-01 4.231367e+01 9.006176e+01
1.948242e-01 4.198681e+01 8.802726e+01
1.962891e-01 4.167088e+01 8.606580e+01
1.977539e-01 4.136602e+01 8.417513e+01
1.992188e-01 4.107237e+01 8.235301e+01
2.006836e-01 4.079003e+01 8.059729e+01
2.021484e-01 4.051908e+01 7.890581e+01
2.036133e-01 4.025959e+01 7.727648e+01
2.050781e-01 4.001160e+01 7.570723e+01
2.065430e-01 3.977513e+01 7.419607e+01
2.080078e-01 3.955018e+01 7.274100e+01
2.094727e-01 3.933674e+01 7.134012e+01
2.109375e-01 3.913478e+01 6.999152e+01
2.124023e-01 3.894425e+01 6.869338e+01
2.138672e-01 3.876508e+01 6.744388e+01
2.153320e-01 3.859721e+01 6.624128e+01
2.167969e-01 3.844052e+01 6.508387e+01
2.182617e-01 3.829493e+01 6.396999e+01
2.197266e-01 3.816030e+01 6.289800e+01
2.211914e-01 3.803651e+01 6.186633e+01
2.226562e-01 3.792342e+01 6.087344e+01
2.241211e-01 3.782087e+01 5.991785e+01
2.255859e-01 3.772870e+01 5.899809e+01
2.270508e-01 3.764674e+01 5.811276e+01
2.285156e-01 3.757480e+01 5.726048e+01
2.299805e-01 3.751270e+01 5.643994e+01
2.314453e-01 3.746024e+01 5.564983e+01
2.329102e-01 3.741721e+01 5.488892e+01
2.343750e-01 3.738341e+01 5.415599e+01
2.373047e-01 3.734262e+01 5.276942e+01
2.402344e-01 3.733608e+01 5.148119e+01
2.431641e-01 3.736193e+01 5.028294e+01
2.460938e-01 3.741826e+01 4.916687e+01
2.490234e-01 3.750312e+01 4.812570e+01
2.519531e-01 3.761454e+01 4.715268e+01
2.548828e-01 3.775053e+01 4.624151e+01
2.578125e-01 3.790909e+01 4.538638e+01
2.607422e-01 3.808824e+01 4.458189e+01
2.636719e-01 3.828602e+01 4.382306e+01
2.666016e-01 3.850046e+01 4.310530e+01
2.695312e-01 3.872967e+01 4.242440e+01
2.724609e-01 3.897177e+01 4.177647e+01
2.753906e-01 3.922492e+01 4.115796e+01
2.783203e-01 3.948733e+01 4.056562e+01
2.812500e-01 3.975729e+01 3.999649e+01
2.841797e-01 4.003312e+01 3.944787e+01
2.871094e-01 4.031321e+01 3.891731e+01
2.900391e-01 4.059602e+01 3.840259e+01
2.929688e-01 4.088005e+01 3.790172e+01
2.944336e-01 4.102208e+01 3.765591e+01
2.958984e-01 4.116390e+01 3.741289e+01
2.973633e-01 4.130533e+01 3.717248e+01
2.988281e-01 4.144621e+01 3.693449e+01
3.002930e-01 4.158640e+01 3.669874e+01
3.017578e-01 4.172573e+01 3.646506e+01
3.032227e-01 4.186405e+01 3.623331e+01
3.046875e-01 4.200122e+01 3.600334e+01
3.061523e-01 4.213711e+01 3.577500e+01
3.076172e-01 4.227157e+01 3.554817e+01
3.079834e-01 4.230495e+01 3.549169e+01
3.083496e-01 4.233822e+01 3.543529e+01
3.087158e-01 4.237140e+01 3.537897e+01
3.090820e-01 4.240447e+01 3.532273e+01
3.094482e-01 4.243744e+01 3.526658e+01
3.098145e-01 4.247030e+01 3.521050e+01
3.101807e-01 4.250306e+01 3.515449e+01
3.105469e-01 4.253570e+01 3.509857e+01
3.109131e-01 4.256823e+01 3.504271e+01
3.112793e-01 4.260064e+01 3.498693e+01
3.116455e-01 4.263294e+01 3.493121e+01
3.120117e-01 4.266511e+01 3.487556e+01
3.123779e-01 4.269717e+01 3.481998e+01
3.127441e-01 4.272911e+01 3.476447e+01
3.131104e-01 4.276092e+01 3.470902e+01
3.134766e-01 4.279261e+01 3.465363e+01
3.138428e-01 4.282417e+01 3.459830e+01
3.142090e-01 4.285560e+01 3.454304e+01
3.145752e-01 4.288690e+01 3.448783e+01
3.149414e-01 4.291807e+01 3.443267e+01
3.156738e-01 4.297999e+01 3.432253e+01
3.164062e-01 4.304137e+01 3.421260e+01
3.171387e-01 4.310218e+01 3.410288e+01
3.178711e-01 4.316242e+01 3.399334e+01
3.186035e-01 4.322207e+01 3.388399e+01
3.193359e-01 4.328111e+01 3.377481e+01
3.200684e-01 4.333954e+01 3.366580e+01
3.208008e-01 4.339735e+01 3.355695e+01
3.215332e-01 4.345452e+01 3.344825e+01
3.222656e-01 4.351104e+01 3.333969e+01
3.251953e-01 4.373042e+01 3.290677e+01
3.281250e-01 4.393858e+01 3.247562e+01
3.310547e-01 4.413492e+01 3.204594e+01
3.339844e-01 4.431889e+01 3.161744e+01
3.369141e-01 4.449001e+01 3.118993e+01
3.398438e-01 4.464783e+01 3.076323e+01
3.427734e-01 4.479199e+01 3.033724e+01
3.457031e-01 4.492214e+01 2.991190e+01
3.486328e-01 4.503802e+01 2.948716e+01
3.515625e-01 4.513940e+01 2.906302e+01
3.544922e-01 4.522609e+01 2.863953e+01
3.574219e-01 4.529796e+01 2.821672e+01
3.603516e-01 4.535490e+01 2.779467e+01
3.632812e-01 4.539686e+01 2.737348e+01
3.662109e-01 4.542383e+01 2.695326e+01
3.691406e-01 4.543581e+01 2.653412e+01
3.720703e-01 4.543285e+01 2.611621e+01
3.750000e-01 4.541504e+01 2.569966e+01
3.779297e-01 4.538249e+01 2.528462e+01
3.808594e-01 4.533533e+01 2.487125e+01
3.837891e-01 4.527374e+01 2.445971e+01
3.867188e-01 4.519789e+01 2.405015e+01
3.896484e-01 4.510800e+01 2.364274e+01
3.925781e-01 4.500430e+01 2.323764e+01
3.955078e-01 4.488704e+01 2.283500e+01
3.984375e-01 4.475649e+01 2.243498e+01
4.013672e-01 4.461293e+01 2.203775e+01
4.042969e-01 4.445666e+01 2.164344e+01
4.072266e-01 4.428799e+01 2.125220e+01
4.101562e-01 4.410725e+01 2.086418e+01
4.130859e-01 4.391476e+01 2.047952e+01
4.160156e-01 4.371086e+01 2.009834e+01
4.189453e-01 4.349591e+01 1.972077e+01
4.218750e-01 4.327026e+01 1.934693e+01
4.248047e-01 4.303427e+01 1.897693e+01
4.277344e-01 4.278831e+01 1.861088e+01
4.306641e-01 4.253274e+01 1.824888e+01
4.335938e-01 4.226795e+01 1.789103e+01
4.365234e-01 4.199429e+01 1.753740e+01
4.394531e-01 4.171216e+01 1.718809e+01
4.423828e-01 4.142192e+01 1.684317e+01
4.453125e-01 4.112395e+01 1.650271e+01
4.482422e-01 4.081862e+01 1.616676e+01
4.511719e-01 4.050631e+01 1.583539e+01
4.541016e-01 4.018738e+01 1.550865e+01
4.570312e-01 3.986221e+01 1.518657e+01
4.599609e-01 3.953116e+01 1.486921e+01
4.628906e-01 3.919459e+01 1.455659e+01
4.658203e-01 3.885287e+01 1.424874e+01
4.687500e-01 3.850633e+01 1.394568e+01
4.746094e-01 3.780018e+01 1.335400e+01
4.804688e-01 3.707885e+01 1.278163e+01
4.863281e-01 3.634495e+01 1.222856e+01
4.921875e-01 3.560098e+01 1.169475e+01
4.980469e-01 3.484934e+01 1.118006e+01
5.039062e-01 3.409231e+01 1.068432e+01
5.097656e-01 3.333204e+01 1.020730e+01
5.156250e-01 3.257057e+01 9.748721e+00
5.214844e-01 3.180984e+01 9.308272e+00
5.273438e-01 3.105165e+01 8.885609e+00
5.332031e-01 3.029767e+01 8.480354e+00
5.390625e-01 2.954947e+01 8.092105e+00
5.449219e-01 2.880849e+01 7.720441e+00
5.507812e-01 2.807607e+01 7.364922e+00
5.566406e-01 2.735343e+01 7.025094e+00
5.625000e-01 2.664168e+01 6.700492e+00
5.683594e-01 2.594183e+01 6.390646e+00
5.742188e-01 2.525479e+01 6.095078e+00
5.800781e-01 2.458137e+01 5.813307e+00
5.859375e-01 2.392228e+01 5.544855e+00
5.888672e-01 2.359831e+01 5.415473e+00
5.917969e-01 2.327816e+01 5.289241e+00
5.947266e-01 2.296188e+01 5.166101e+00
5.976562e-01 2.264954e+01 5.045992e+00
6.005859e-01 2.234119e+01 4.928856e+00
6.035156e-01 2.203688e+01 4.814634e+00
6.064453e-01 2.173667e+01 4.703270e+00
6.093750e-01 2.144059e+01 4.594705e+00
6.123047e-01 2.114868e+01 4.488882e+00
6.152344e-01 2.086097e+01 4.385745e+00
6.159668e-01 2.078970e+01 4.360374e+00
6.166992e-01 2.071870e+01 4.335166e+00
6.174316e-01 2.064796e+01 4.310122e+00
6.181641e-01 2.057749e+01 4.285238e+00
6.188965e-01 2.050728e+01 4.260516e+00
6.196289e-01 2.043734e+01 4.235954e+00
6.203613e-01 2.036767e+01 4.211551e+00
6.210938e-01 2.029827e+01 4.187306e+00
6.218262e-01 2.022913e+01 4.163219e+00
6.225586e-01 2.016026e+01 4.139289e+00
6.232910e-01 2.009165e+01 4.115514e+00
6.240234e-01 2.002332e+01 4.091894e+00
6.247559e-01 1.995525e+01 4.068429e+00
6.254883e-01 1.988746e+01 4.045116e+00
6.262207e-01 1.981993e+01 4.021956e+00
6.269531e-01 1.975267e+01 3.998948e+00
6.276855e-01 1.968568e+01 3.976090e+00
6.284180e-01 1.961896e+01 3.953383e+00
6.291504e-01 1.955250e+01 3.930824e+00
6.298828e-01 1.948632e+01 3.908414e+00
6.313477e-01 1.935477e+01 3.864035e+00
6.328125e-01 1.922430e+01 3.820239e+00
6.342773e-01 1.909491e+01 3.777020e+00
6.357422e-01 1.896660e+01 3.734372e+00
6.372070e-01 1.883937e+01 3.692287e+00
6.386719e-01 1.871323e+01 3.650760e+00
6.401367e-01 1.858817e+01 3.609785e+00
6.416016e-01 1.846419e+01 3.569354e+00
6.430664e-01 1.834129e+01 3.529462e+00
6.445312e-01 1.821948e+01 3.490102e+00
6.503906e-01 1.774302e+01 3.337867e+00
6.562500e-01 1.728377e+01 3.193669e+00
6.621094e-01 1.684161e+01 3.057133e+00
6.679688e-01 1.641640e+01 2.927897e+00
6.738281e-01 1.600795e+01 2.805611e+00
6.796875e-01 1.561603e+01 2.689938e+00
6.855469e-01 1.524041e+01 2.580551e+00
6.914062e-01 1.488081e+01 2.477137e+00
6.972656e-01 1.453693e+01 2.379394e+00
7.031250e-01 1.420846e+01 2.287032e+00
7.089844e-01 1.389507e+01 2.199772e+00
7.148438e-01 1.359642e+01 2.117348e+00
7.207031e-01 1.331212e+01 2.039504e+00
7.265625e-01 1.304183e+01 1.965996e+00
7.324219e-01 1.278514e+01 1.896588e+00
7.382812e-01 1.254167e+01 1.831057e+00
7.441406e-01 1.231102e+01 1.769189e+00
7.500000e-01 1.209280e+01 1.710781e+00
7.558594e-01 1.188659e+01 1.655638e+00
7.617188e-01 1.169199e+01 1.603575e+00
7.675781e-01 1.150859e+01 1.554415e+00
7.734375e-01 1.133598e+01 1.507991e+00
7.792969e-01 1.117376e+01 1.464143e+00
7.851562e-01 1.102152e+01 1.422720e+00
7.910156e-01 1.087887e+01 1.383578e+00
7.968750e-01 1.074540e+01 1.346581e+00
8.027344e-01 1.062073e+01 1.311598e+00
8.085938e-01 1.050447e+01 1.278508e+00
8.144531e-01 1.039624e+01 1.247195e+00
8.203125e-01 1.029567e+01 1.217548e+00
8.261719e-01 1.020238e+01 1.189463e+00
8.320312e-01 1.011603e+01 1.162843e+00
8.378906e-01 1.003626e+01 1.137594e+00
8.437500e-01 9.962726e+00 1.113630e+00
8.496094e-01 9.895095e+00 1.090866e+00
8.554688e-01 9.833041e+00 1.069226e+00
8.613281e-01 9.776247e+00 1.048637e+00
8.671875e-01 9.724404e+00 1.029028e+00
8.730469e-01 9.677213e+00 1.010335e+00
8.789062e-01 9.634383e+00 9.924964e-01
8.847656e-01 9.595633e+00 9.754551e-01
8.906250e-01 9.560692e+00 9.591570e-01
8.964844e-01 9.529296e+00 9.435512e-01
9.023438e-01 9.501191e+00 9.285903e-01
9.082031e-01 9.476133e+00 9.142296e-01
9.140625e-01 9.453885e+00 9.004273e-01
9.199219e-01 9.434221e+00 8.871444e-01
9.257812e-01 9.416924e+00 8.743442e-01
9.316406e-01 9.401782e+00 8.619925e-01
9.375000e-01 9.388596e+00 8.500574e-01
9.492188e-01 9.367333e+00 8.273199e-01
9.609375e-01 9.351695e+00 8.059168e-01
9.726562e-01 9.340372e+00 7.856617e-01
9.843750e-01 9.332175e+00 7.663936e-01
9.960938e-01 9.326033e+00 7.479742e-01
1.007812e+00 9.320984e+00 7.302850e-01
1.019531e+00 9.316172e+00 7.132250e-01
1.031250e+00 9.310838e+00 6.967083e-01
1.042969e+00 9.304317e+00 6.806629e-01
1.054688e+00 9.296028e+00 6.650281e-01
1.066406e+00 9.285471e+00 6.497536e-01
1.078125e+00 9.272220e+00 6.347981e-01
1.089844e+00 9.255918e+00 6.201277e-01
1.101562e+00 9.236269e+00 6.057151e-01
1.113281e+00 9.213038e+00 5.915388e-01
1.125000e+00 9.186041e+00 5.775818e-01
1.136719e+00 9.155142e+00 5.638313e-01
1.148438e+00 9.120249e+00 5.502779e-01
1.160156e+00 9.081308e+00 5.369151e-01
1.171875e+00 9.038303e+00 5.237384e-01
1.177734e+00 9.015278e+00 5.172191e-01
1.183594e+00 8.991245e+00 5.107456e-01
1.189453e+00 8.966209e+00 5.043178e-01
1.195312e+00 8.940178e+00 4.979358e-01
1.201172e+00 8.913160e+00 4.915996e-01
1.207031e+00 8.885166e+00 4.853093e-01
1.212891e+00 8.856207e+00 4.790652e-01
1.218750e+00 8.826297e+00 4.728674e-01
1.224609e+00 8.795449e+00 4.667163e-01
1.230469e+00 8.763678e+00 4.606121e-01
1.231934e+00 8.755593e+00 4.590935e-01
1.233398e+00 8.747452e+00 4.575778e-01
1.234863e+00 8.739254e+00 4.560650e-01
1.236328e+00 8.731000e+00 4.545552e-01
1.237793e+00 8.722691e+00 4.530484e-01
1.239258e+00 8.714327e+00 4.515446e-01
1.240723e+00 8.705907e+00 4.500437e-01
1.242188e+00 8.697432e+00 4.485459e-01
1.243652e+00 8.688903e+00 4.470510e-01
1.245117e+00 8.680320e+00 4.455592e-01
1.246582e+00 8.671682e+00 4.440704e-01
1.248047e+00 8.662991e+00 4.425845e-01
1.249512e+00 8.654247e+00 4.411017e-01
1.250977e+00 8.645449e+00 4.396219e-01
1.252441e+00 8.636599e+00 4.381452e-01
1.253906e+00 8.627696e+00 4.366715e-01
1.255371e+00 8.618740e+00 4.352008e-01
1.256836e+00 8.609733e+00 4.337332e-01
1.258301e+00 8.600674e+00 4.322686e-01
1.259766e+00 8.591563e+00 4.308071e-01
1.262695e+00 8.573190e+00 4.278933e-01
1.265625e+00 8.554615e+00 4.249917e-01
1.268555e+00 8.535840e+00 4.221026e-01
1.271484e+00 8.516869e+00 4.192258e-01
1.274414e+00 8.497703e+00 4.163615e-01
1.277344e+00 8.478346e+00 4.135097e-01
1.280273e+00 8.458800e+00 4.106704e-01
1.283203e+00 8.439068e+00 4.078438e-01
1.286133e+00 8.419152e+00 4.050297e-01
1.289062e+00 8.399056e+00 4.022283e-01
1.300781e+00 8.316913e+00 3.911504e-01
1.312500e+00 8.232092e+00 3.802785e-01
1.324219e+00 8.144772e+00 3.696150e-01
1.335938e+00 8.055131e+00 3.591621e-01
1.347656e+00 7.963348e+00 3.489214e-01
1.359375e+00 7.869604e+00 3.388944e-01
1.371094e+00 7.774075e+00 3.290823e-01
1.382812e+00 7.676938e+00 3.194858e-01
1.394531e+00 7.578366e+00 3.101053e-01
1.406250e+00 7.478528e+00 3.009409e-01
1.417969e+00 7.377590e+00 2.919922e-01
1.429688e+00 7.275712e+00 2.832588e-01
1.441406e+00 7.173053e+00 2.747397e-01
1.453125e+00 7.069762e+00 2.664336e-01
1.464844e+00 6.965987e+00 2.583391e-01
1.476562e+00 6.861867e+00 2.504544e-01
1.488281e+00 6.757538e+00 2.427776e-01
1.500000e+00 6.653128e+00 2.353063e-01
1.511719e+00 6.548762e+00 2.280381e-01
1.523438e+00 6.444557e+00 2.209703e-01
1.529297e+00 6.392550e+00 2.175107e-01
1.535156e+00 6.340624e+00 2.141001e-01
1.541016e+00 6.288793e+00 2.107382e-01
1.546875e+00 6.237069e+00 2.074246e-01
1.552734e+00 6.185465e+00 2.041588e-01
1.558594e+00 6.133993e+00 2.009405e-01
1.564453e+00 6.082663e+00 1.977693e-01
1.570312e+00 6.031489e+00 1.946446e-01
1.576172e+00 5.980479e+00 1.915662e-01
1.582031e+00 5.929645e+00 1.885336e-01
1.587891e+00 5.878998e+00 1.855463e-01
1.593750e+00 5.828546e+00 1.826039e-01
1.599609e+00 5.778300e+00 1.797059e-01
1.605469e+00 5.728269e+00 1.768519e-01
1.611328e+00 5.678461e+00 1.740415e-01
1.617188e+00 5.628886e+00 1.712742e-01
1.623047e+00 5.579551e+00 1.685494e-01
1.628906e+00 5.530464e+00 1.658668e-01
1.634766e+00 5.481633e+00 1.632259e-01
1.640625e+00 5.433065e+00 1.606262e-01
1.664062e+00 5.241562e+00 1.506300e-01
1.687500e+00 5.054778e+00 1.412553e-01
1.710938e+00 4.873048e+00 1.324715e-01
1.734375e+00 4.696638e+00 1.242485e-01
1.757812e+00 4.525758e+00 1.165565e-01
1.781250e+00 4.360561e+00 1.093661e-01
1.804688e+00 4.201154e+00 1.026490e-01
1.828125e+00 4.047599e+00 9.637755e-02
1.851562e+00 3.899920e+00 9.052511e-02
1.875000e+00 3.758104e+00 8.506607e-02
1.898438e+00 3.622109e+00 7.997588e-02
1.921875e+00 3.491867e+00 7.523113e-02
1.945312e+00 3.367287e+00 7.080950e-02
1.968750e+00 3.248257e+00 6.668979e-02
1.992188e+00 3.134649e+00 6.285192e-02
2.015625e+00 3.026322e+00 5.927694e-02
2.039062e+00 2.923124e+00 5.594693e-02
2.062500e+00 2.824893e+00 5.284505e-02
2.085938e+00 2.731463e+00 4.995544e-02
2.109375e+00 2.642658e+00 4.726325e-02
2.132812e+00 2.558304e+00 4.475453e-02
2.156250e+00 2.478222e+00 4.241623e-02
2.179688e+00 2.402232e+00 4.023616e-02
2.203125e+00 2.330156e+00 3.820294e-02
2.226562e+00 2.261817e+00 3.630595e-02
2.250000e+00 2.197040e+00 3.453528e-02
2.273438e+00 2.135653e+00 3.288174e-02
2.296875e+00 2.077488e+00 3.133674e-02
2.320312e+00 2.022380e+00 2.989234e-02
2.343750e+00 1.970170e+00 2.854114e-02
2.355469e+00 1.945104e+00 2.789833e-02
2.367188e+00 1.920704e+00 2.727628e-02
2.378906e+00 1.896952e+00 2.667422e-02
2.390625e+00 1.873830e+00 2.609140e-02
2.402344e+00 1.851320e+00 2.552709e-02
2.414062e+00 1.829404e+00 2.498059e-02
2.425781e+00 1.808065e+00 2.445125e-02
2.437500e+00 1.787287e+00 2.393841e-02
2.449219e+00 1.767053e+00 2.344145e-02
2.460938e+00 1.747345e+00 2.295978e-02
2.472656e+00 1.728150e+00 2.249282e-02
2.484375e+00 1.709450e+00 2.204003e-02
2.496094e+00 1.691231e+00 2.160087e-02
2.507812e+00 1.673477e+00 2.117483e-02
2.519531e+00 1.656176e+00 2.076142e-02
2.531250e+00 1.639311e+00 2.036018e-02
2.542969e+00 1.622871e+00 1.997064e-02
2.554688e+00 1.606840e+00 1.959237e-02
2.566406e+00 1.591205e+00 1.922496e-02
2.578125e+00 1.575955e+00 1.886801e-02
2.601562e+00 1.546556e+00 1.818391e-02
2.625000e+00 1.518547e+00 1.753718e-02
2.648438e+00 1.491836e+00 1.692512e-02
2.671875e+00 1.466336e+00 1.634525e-02
2.695312e+00 1.441967e+00 1.579528e-02
2.718750e+00 1.418650e+00 1.527309e-02
2.742188e+00 1.396313e+00 1.477674e-02
2.765625e+00 1.374887e+00 1.430443e-02
2.789062e+00 1.354307e+00 1.385450e-02
2.812500e+00 1.334513e+00 1.342542e-02
2.859375e+00 1.297059e+00 1.262431e-02
2.906250e+00 1.262108e+00 1.189107e-02
2.953125e+00 1.229300e+00 1.121720e-02
3.000000e+00 1.198318e+00 1.059546e-02
3.046875e+00 1.168889e+00 1.001969e-02
3.093750e+00 1.140777e+00 9.484635e-03
3.140625e+00 1.113782e+00 8.985827e-03
3.187500e+00 1.087730e+00 8.519434e-03
3.234375e+00 1.062476e+00 8.082179e-03
3.281250e+00 1.037898e+00 7.671253e-03
3.328125e+00 1.013895e+00 7.284235e-03
3.375000e+00 9.903828e-01 6.919037e-03
3.421875e+00 9.672928e-01 6.573850e-03
3.468750e+00 9.445703e-01 6.247099e-03
3.515625e+00 9.221720e-01 5.937409e-03
3.562500e+00 9.000646e-01 5.643572e-03
3.609375e+00 8.782230e-01 5.364521e-03
3.656250e+00 8.566295e-01 5.099309e-03
3.703125e+00 8.352720e-01 4.847093e-03
3.750000e+00 8.141438e-01 4.607112e-03
3.843750e+00 7.725669e-01 4.161175e-03
3.937500e+00 7.319113e-01 3.756708e-03
4.031250e+00 6.922232e-01 3.389666e-03
4.125000e+00 6.535671e-01 3.056557e-03
4.218750e+00 6.160150e-01 2.754317e-03
4.312500e+00 5.796387e-01 2.480215e-03
4.406250e+00 5.445046e-01 2.231790e-03
4.500000e+00 5.106702e-01 2.006807e-03
4.593750e+00 4.781823e-01 1.803221e-03
4.687500e+00 4.470759e-01 1.619156e-03
4.710938e+00 4.395181e-01 1.575986e-03
4.734375e+00 4.320484e-01 1.533901e-03
4.757812e+00 4.246671e-01 1.492877e-03
4.781250e+00 4.173741e-01 1.452890e-03
4.804688e+00 4.101698e-01 1.413916e-03
4.828125e+00 4.030541e-01 1.375930e-03
4.851562e+00 3.960270e-01 1.338911e-03
4.875000e+00 3.890886e-01 1.302835e-03
4.898438e+00 3.822388e-01 1.267680e-03
4.921875e+00 3.754775e-01 1.233426e-03
4.927734e+00 3.738010e-01 1.225000e-03
4.933594e+00 3.721300e-01 1.216629e-03
4.939453e+00 3.704646e-01 1.208312e-03
4.945312e+00 3.688046e-01 1.200049e-03
4.951172e+00 3.671502e-01 1.191840e-03
4.957031e+00 3.655013e-01 1.183684e-03
4.962891e+00 3.638579e-01 1.175581e-03
4.968750e+00 3.622200e-01 1.167530e-03
4.974609e+00 3.605876e-01 1.159532e-03
4.980469e+00 3.589607e-01 1.151586e-03
4.986328e+00 3.573392e-01 1.143692e-03
4.992188e+00 3.557233e-01 1.135849e-03
4.998047e+00 3.541129e-01 1.128057e-03
5.003906e+00 3.525079e-01 1.120316e-03
5.009766e+00 3.509084e-01 1.112626e-03
5.015625e+00 3.493143e-01 1.104985e-03
5.021484e+00 3.477258e-01 1.097394e-03
5.027344e+00 3.461427e-01 1.089853e-03
5.033203e+00 3.445650e-01 1.082362e-03
5.039062e+00 3.429928e-01 1.074919e-03
5.050781e+00 3.398649e-01 1.060179e-03
5.062500e+00 3.367587e-01 1.045632e-03
5.074219e+00 3.336742e-01 1.031275e-03
5.085938e+00 3.306114e-01 1.017105e-03
5.097656e+00 3.275702e-01 1.003121e-03
5.109375e+00 3.245507e-01 9.893207e-04
5.121094e+00 3.215526e-01 9.757010e-04
5.132812e+00 3.185761e-01 9.622602e-04
5.144531e+00 3.156210e-01 9.489960e-04
5.156250e+00 3.126873e-01 9.359063e-04
5.203125e+00 3.011649e-01 8.852501e-04
5.250000e+00 2.899797e-01 8.372190e-04
5.296875e+00 2.791272e-01 7.916859e-04
5.343750e+00 2.686030e-01 7.485292e-04
5.390625e+00 2.584021e-01 7.076327e-04
5.437500e+00 2.485192e-01 6.688851e-04
5.484375e+00 2.389489e-01 6.321802e-04
5.531250e+00 2.296856e-01 5.974166e-04
5.578125e+00 2.207233e-01 5.644973e-04
5.625000e+00 2.120561e-01 5.333298e-04
5.718750e+00 1.955820e-01 4.759012e-04
5.812500e+00 1.802126e-01 4.244723e-04
5.906250e+00 1.658960e-01 3.784447e-04
6.000000e+00 1.525798e-01 3.372754e-04
6.093750e+00 1.402115e-01 3.004722e-04
6.187500e+00 1.287388e-01 2.675896e-04
6.281250e+00 1.181106e-01 2.382247e-04
6.375000e+00 1.082765e-01 2.120138e-04
6.468750e+00 9.918794e-02 1.886289e-04
6.562500e+00 9.079758e-02 1.677744e-04
6.656250e+00 8.306005e-02 1.491843e-04
6.750000e+00 7.593181e-02 1.326192e-04
6.843750e+00 6.937129e-02 1.178641e-04
6.937500e+00 6.333893e-02 1.047261e-04
7.031250e+00 5.779719e-02 9.303187e-05
7.125000e+00 5.271054e-02 8.262622e-05
7.218750e+00 4.804546e-02 7.336999e-05
7.312500e+00 4.377033e-02 6.513856e-05
7.406250e+00 3.985544e-02 5.782039e-05
7.500000e+00 3.627290e-02 5.131565e-05
7.687500e+00 3.000341e-02 4.040085e-05
7.875000e+00 2.477445e-02 3.179018e-05
8.062500e+00 2.042377e-02 2.500268e-05
8.250000e+00 1.681191e-02 1.965618e-05
8.437500e+00 1.381957e-02 1.544746e-05
8.625000e+00 1.134520e-02 1.213624e-05
8.812500e+00 9.302733e-03 9.532404e-06
9.000000e+00 7.619497e-03 7.485683e-06
9.187500e+00 6.234388e-03 5.877454e-06
9.375000e+00 5.096189e-03 4.614164e-06
9.562500e+00 4.162096e-03 3.622091e-06
9.750000e+00 3.396428e-03 2.843173e-06
9.937500e+00 2.769499e-03 2.231707e-06
1.012500e+01 2.256693e-03 1.751752e-06
1.031250e+01 1.837631e-03 1.375057e-06
1.050000e+01 1.495478e-03 1.079423e-06
1.068750e+01 1.216345e-03 8.474123e-07
1.087500e+01 9.887952e-04 6.653313e-07
1.106250e+01 8.034268e-04 5.224321e-07
1.125000e+01 6.525179e-04 4.102774e-07
1.162500e+01 4.298914e-04 2.531413e-07
1.200000e+01 2.828188e-04 1.562917e-07
1.237500e+01 1.858339e-04 9.656611e-08
1.275000e+01 1.219782e-04 5.971069e-08
1.312500e+01 7.999375e-05 3.695282e-08
1.350000e+01 5.242136e-05 2.288921e-08
1.387500e+01 3.433052e-05 1.419072e-08
1.425000e+01 2.247089e-05 8.806040e-09
1.462500e+01 1.470095e-05 5.469452e-09
1.500000e+01 9.613776e-06 3.400178e-09
1.537500e+01 6.285047e-06 2.115770e-09
1.575000e+01 4.107767e-06 1.317756e-09
1.612500e+01 2.684162e-06 8.214847e-10
1.650000e+01 1.753618e-06 5.125747e-10
1.687500e+01 1.145547e-06 3.201219e-10
1.725000e+01 7.482705e-07 2.001108e-10
1.762500e+01 4.887408e-07 1.252018e-10
1.800000e+01 3.192526e-07 7.841147e-11
1.837500e+01 2.085821e-07 4.916006e-11
1.875000e+01 1.363027e-07 3.085263e-11
1.912500e+01 8.911463e-08 1.938815e-11
1.950000e+01 5.830562e-08 1.220201e-11
1.987500e+01 3.819339e-08 7.694210e-12
2.025000e+01 2.506567e-08 4.864290e-12
2.062500e+01 1.649867e-08 3.086392e-12
2.100000e+01 1.090932e-08 1.968562e-12
2.137500e+01 7.264323e-09 1.265240e-12
2.175000e+01 4.889360e-09 8.224768e-13
2.212500e+01 3.342315e-09 5.433391e-13
2.250000e+01 2.334888e-09 3.670211e-13
2.325000e+01 1.251529e-09 1.842406e-13
2.400000e+01 7.846053e-10 1.083974e-13
2.475000e+01 5.648542e-10 7.337973e-14
2.550000e+01 4.353315e-10 5.327578e-14
2.625000e+01 3.331063e-10 3.846931e-14
2.700000e+01 2.368099e-10 2.585011e-14
2.775000e+01 1.458017e-10 1.506700e-14
2.850000e+01 6.951150e-11 6.810157e-15
2.925000e+01 1.830325e-11 1.702420e-15
3.000000e+01 1.938902e-262 1.714365e-266
