# 
# Output from RAtom program.
# 
# Total radial electron density.
# The first column contains radius $r$ in bohr units.
# The second column holds $\rho(r)$.
# The third column holds $\tilde{\rho}(r) = \rho(r) / (\pi * r * r)$
# 
# Use this file with gnuplot to create the plot.
# 
# R     Rho     RhoTilde
#
0.000000e+00 0.000000e+00 2.141127e+05
1.525879e-04 6.137799e-02 2.097793e+05
3.051758e-04 2.405432e-01 2.055337e+05
4.577637e-04 5.302693e-01 2.013743e+05
6.103516e-04 9.236242e-01 1.972992e+05
7.629395e-04 1.413960e+00 1.933068e+05
9.155273e-04 1.994904e+00 1.893954e+05
1.068115e-03 2.660349e+00 1.855635e+05
1.220703e-03 3.404444e+00 1.818093e+05
1.373291e-03 4.221586e+00 1.781315e+05
1.525879e-03 5.106414e+00 1.745284e+05
1.678467e-03 6.053795e+00 1.709985e+05
1.831055e-03 7.058820e+00 1.675404e+05
1.983643e-03 8.116797e+00 1.641527e+05
2.136230e-03 9.223242e+00 1.608339e+05
2.288818e-03 1.037387e+01 1.575826e+05
2.441406e-03 1.156460e+01 1.543976e+05
2.593994e-03 1.279151e+01 1.512774e+05
2.746582e-03 1.405090e+01 1.482208e+05
2.899170e-03 1.533922e+01 1.452265e+05
3.051758e-03 1.665307e+01 1.422933e+05
3.356934e-03 1.934470e+01 1.366050e+05
3.662109e-03 2.210190e+01 1.311466e+05
3.967285e-03 2.490307e+01 1.259088e+05
4.272461e-03 2.772880e+01 1.208829e+05
4.577637e-03 3.056166e+01 1.160605e+05
4.882812e-03 3.338607e+01 1.114334e+05
5.187988e-03 3.618816e+01 1.069938e+05
5.493164e-03 3.895567e+01 1.027343e+05
5.798340e-03 4.167776e+01 9.864775e+04
6.103516e-03 4.434498e+01 9.472715e+04
6.256104e-03 4.565539e+01 9.282701e+04
6.408691e-03 4.694909e+01 9.096590e+04
6.561279e-03 4.822523e+01 8.914304e+04
6.713867e-03 4.948303e+01 8.735764e+04
6.866455e-03 5.072176e+01 8.560897e+04
7.019043e-03 5.194076e+01 8.389626e+04
7.171631e-03 5.313943e+01 8.221880e+04
7.324219e-03 5.431722e+01 8.057588e+04
7.476807e-03 5.547364e+01 7.896679e+04
7.629395e-03 5.660823e+01 7.739085e+04
7.781982e-03 5.772062e+01 7.584739e+04
7.934570e-03 5.881044e+01 7.433575e+04
8.087158e-03 5.987738e+01 7.285529e+04
8.239746e-03 6.092120e+01 7.140538e+04
8.392334e-03 6.194165e+01 6.998539e+04
8.544922e-03 6.293856e+01 6.859473e+04
8.697510e-03 6.391177e+01 6.723279e+04
8.850098e-03 6.486118e+01 6.589901e+04
9.002686e-03 6.578669e+01 6.459279e+04
9.155273e-03 6.668827e+01 6.331359e+04
9.460449e-03 6.841954e+01 6.083405e+04
9.765625e-03 7.005515e+01 5.845613e+04
1.007080e-02 7.159567e+01 5.617575e+04
1.037598e-02 7.304205e+01 5.398898e+04
1.068115e-02 7.439554e+01 5.189205e+04
1.098633e-02 7.565768e+01 4.988133e+04
1.129150e-02 7.683029e+01 4.795336e+04
1.159668e-02 7.791538e+01 4.610479e+04
1.190186e-02 7.891518e+01 4.433241e+04
1.220703e-02 7.983206e+01 4.263315e+04
1.251221e-02 8.066857e+01 4.100404e+04
1.281738e-02 8.142735e+01 3.944225e+04
1.312256e-02 8.211114e+01 3.794505e+04
1.342773e-02 8.272277e+01 3.650982e+04
1.373291e-02 8.326514e+01 3.513405e+04
1.403809e-02 8.374118e+01 3.381531e+04
1.434326e-02 8.415385e+01 3.255130e+04
1.464844e-02 8.450614e+01 3.133977e+04
1.495361e-02 8.480105e+01 3.017860e+04
1.525879e-02 8.504157e+01 2.906573e+04
1.556396e-02 8.523065e+01 2.799919e+04
1.586914e-02 8.537126e+01 2.697708e+04
1.617432e-02 8.546631e+01 2.599760e+04
1.647949e-02 8.551867e+01 2.505898e+04
1.678467e-02 8.553118e+01 2.415956e+04
1.708984e-02 8.550661e+01 2.329773e+04
1.739502e-02 8.544769e+01 2.247194e+04
1.770020e-02 8.535709e+01 2.168071e+04
1.800537e-02 8.523739e+01 2.092262e+04
1.831055e-02 8.509114e+01 2.019630e+04
1.892090e-02 8.472871e+01 1.883377e+04
1.953125e-02 8.428860e+01 1.758324e+04
2.014160e-02 8.378837e+01 1.643561e+04
2.075195e-02 8.324433e+01 1.538250e+04
2.136230e-02 8.267152e+01 1.441617e+04
2.197266e-02 8.208374e+01 1.352951e+04
2.258301e-02 8.149352e+01 1.271597e+04
2.319336e-02 8.091216e+01 1.196952e+04
2.380371e-02 8.034980e+01 1.128459e+04
2.441406e-02 7.981542e+01 1.065606e+04
2.471924e-02 7.956124e+01 1.036147e+04
2.502441e-02 7.931692e+01 1.007925e+04
2.532959e-02 7.908331e+01 9.808862e+03
2.563477e-02 7.886115e+01 9.549805e+03
2.593994e-02 7.865115e+01 9.301590e+03
2.624512e-02 7.845395e+01 9.063750e+03
2.655029e-02 7.827015e+01 8.835836e+03
2.685547e-02 7.810026e+01 8.617418e+03
2.716064e-02 7.794478e+01 8.408084e+03
2.746582e-02 7.780414e+01 8.207439e+03
2.777100e-02 7.767870e+01 8.015104e+03
2.807617e-02 7.756881e+01 7.830716e+03
2.838135e-02 7.747474e+01 7.653926e+03
2.868652e-02 7.739675e+01 7.484401e+03
2.899170e-02 7.733503e+01 7.321820e+03
2.929688e-02 7.728974e+01 7.165878e+03
2.960205e-02 7.726100e+01 7.016279e+03
2.990723e-02 7.724890e+01 6.872744e+03
3.021240e-02 7.725348e+01 6.735001e+03
3.051758e-02 7.727476e+01 6.602793e+03
3.082275e-02 7.731273e+01 6.475872e+03
3.112793e-02 7.736732e+01 6.354000e+03
3.143311e-02 7.743848e+01 6.236951e+03
3.173828e-02 7.752608e+01 6.124507e+03
3.204346e-02 7.763001e+01 6.016460e+03
3.234863e-02 7.775010e+01 5.912610e+03
3.265381e-02 7.788618e+01 5.812766e+03
3.295898e-02 7.803804e+01 5.716745e+03
3.326416e-02 7.820547e+01 5.624373e+03
3.356934e-02 7.838822e+01 5.535482e+03
3.387451e-02 7.858603e+01 5.449911e+03
3.417969e-02 7.879863e+01 5.367507e+03
3.448486e-02 7.902572e+01 5.288124e+03
3.479004e-02 7.926701e+01 5.211620e+03
3.509521e-02 7.952216e+01 5.137863e+03
3.540039e-02 7.979085e+01 5.066722e+03
3.570557e-02 8.007272e+01 4.998076e+03
3.601074e-02 8.036744e+01 4.931808e+03
3.631592e-02 8.067463e+01 4.867804e+03
3.662109e-02 8.099392e+01 4.805957e+03
3.723145e-02 8.166726e+01 4.688332e+03
3.784180e-02 8.238435e+01 4.578164e+03
3.845215e-02 8.314199e+01 4.474756e+03
3.906250e-02 8.393690e+01 4.377468e+03
3.967285e-02 8.476578e+01 4.285721e+03
4.028320e-02 8.562531e+01 4.198985e+03
4.089355e-02 8.651217e+01 4.116780e+03
4.150391e-02 8.742304e+01 4.038667e+03
4.211426e-02 8.835465e+01 3.964252e+03
4.272461e-02 8.930378e+01 3.893174e+03
4.333496e-02 9.026724e+01 3.825106e+03
4.394531e-02 9.124193e+01 3.759755e+03
4.455566e-02 9.222483e+01 3.696853e+03
4.516602e-02 9.321298e+01 3.636160e+03
4.577637e-02 9.420355e+01 3.577460e+03
4.638672e-02 9.519376e+01 3.520557e+03
4.699707e-02 9.618099e+01 3.465276e+03
4.760742e-02 9.716269e+01 3.411461e+03
4.821777e-02 9.813644e+01 3.358970e+03
4.882812e-02 9.909992e+01 3.307679e+03
4.943848e-02 1.000509e+02 3.257476e+03
5.004883e-02 1.009874e+02 3.208261e+03
5.065918e-02 1.019074e+02 3.159946e+03
5.126953e-02 1.028091e+02 3.112455e+03
5.187988e-02 1.036907e+02 3.065718e+03
5.249023e-02 1.045507e+02 3.019675e+03
5.310059e-02 1.053876e+02 2.974275e+03
5.371094e-02 1.062000e+02 2.929471e+03
5.432129e-02 1.069867e+02 2.885225e+03
5.493164e-02 1.077465e+02 2.841503e+03
5.554199e-02 1.084784e+02 2.798275e+03
5.615234e-02 1.091815e+02 2.755519e+03
5.676270e-02 1.098550e+02 2.713213e+03
5.737305e-02 1.104981e+02 2.671341e+03
5.798340e-02 1.111104e+02 2.629889e+03
5.859375e-02 1.116912e+02 2.588847e+03
5.920410e-02 1.122401e+02 2.548206e+03
5.981445e-02 1.127568e+02 2.507960e+03
6.042480e-02 1.132411e+02 2.468105e+03
6.103516e-02 1.136927e+02 2.428638e+03
6.134033e-02 1.139063e+02 2.409050e+03
6.164551e-02 1.141117e+02 2.389558e+03
6.195068e-02 1.143090e+02 2.370163e+03
6.225586e-02 1.144980e+02 2.350865e+03
6.256104e-02 1.146790e+02 2.331664e+03
6.286621e-02 1.148517e+02 2.312561e+03
6.317139e-02 1.150164e+02 2.293554e+03
6.347656e-02 1.151729e+02 2.274646e+03
6.378174e-02 1.153214e+02 2.255836e+03
6.408691e-02 1.154619e+02 2.237124e+03
6.423950e-02 1.155291e+02 2.227805e+03
6.439209e-02 1.155943e+02 2.218511e+03
6.454468e-02 1.156575e+02 2.209241e+03
6.469727e-02 1.157188e+02 2.199997e+03
6.484985e-02 1.157780e+02 2.190778e+03
6.500244e-02 1.158353e+02 2.181583e+03
6.515503e-02 1.158906e+02 2.172414e+03
6.530762e-02 1.159440e+02 2.163270e+03
6.546021e-02 1.159954e+02 2.154151e+03
6.561279e-02 1.160448e+02 2.145057e+03
6.576538e-02 1.160923e+02 2.135988e+03
6.591797e-02 1.161379e+02 2.126945e+03
6.607056e-02 1.161815e+02 2.117928e+03
6.622314e-02 1.162232e+02 2.108936e+03
6.637573e-02 1.162630e+02 2.099969e+03
6.652832e-02 1.163009e+02 2.091029e+03
6.668091e-02 1.163368e+02 2.082114e+03
6.683350e-02 1.163709e+02 2.073224e+03
6.698608e-02 1.164031e+02 2.064361e+03
6.713867e-02 1.164335e+02 2.055523e+03
6.774902e-02 1.165362e+02 2.020434e+03
6.835938e-02 1.166095e+02 1.985766e+03
6.896973e-02 1.166542e+02 1.951523e+03
6.958008e-02 1.166708e+02 1.917708e+03
7.019043e-02 1.166600e+02 1.884328e+03
7.080078e-02 1.166225e+02 1.851384e+03
7.141113e-02 1.165591e+02 1.818881e+03
7.202148e-02 1.164704e+02 1.786823e+03
7.263184e-02 1.163573e+02 1.755213e+03
7.324219e-02 1.162206e+02 1.724053e+03
7.385254e-02 1.160611e+02 1.693347e+03
7.446289e-02 1.158796e+02 1.663096e+03
7.507324e-02 1.156769e+02 1.633302e+03
7.568359e-02 1.154540e+02 1.603968e+03
7.629395e-02 1.152117e+02 1.575094e+03
7.690430e-02 1.149508e+02 1.546681e+03
7.751465e-02 1.146722e+02 1.518731e+03
7.812500e-02 1.143769e+02 1.491242e+03
7.873535e-02 1.140656e+02 1.464216e+03
7.934570e-02 1.137393e+02 1.437652e+03
7.995605e-02 1.133988e+02 1.411549e+03
8.056641e-02 1.130450e+02 1.385906e+03
8.117676e-02 1.126788e+02 1.360721e+03
8.178711e-02 1.123011e+02 1.335994e+03
8.239746e-02 1.119127e+02 1.311722e+03
8.300781e-02 1.115143e+02 1.287902e+03
8.361816e-02 1.111070e+02 1.264534e+03
8.422852e-02 1.106915e+02 1.241612e+03
8.483887e-02 1.102686e+02 1.219136e+03
8.544922e-02 1.098390e+02 1.197101e+03
8.666992e-02 1.089634e+02 1.154340e+03
8.789062e-02 1.080706e+02 1.113301e+03
8.911133e-02 1.071666e+02 1.073949e+03
9.033203e-02 1.062569e+02 1.036248e+03
9.155273e-02 1.053468e+02 1.000158e+03
9.277344e-02 1.044413e+02 9.656397e+02
9.399414e-02 1.035452e+02 9.326493e+02
9.521484e-02 1.026627e+02 9.011428e+02
9.643555e-02 1.017981e+02 8.710747e+02
9.765625e-02 1.009550e+02 8.423988e+02
9.826660e-02 1.005426e+02 8.285681e+02
9.887695e-02 1.001368e+02 8.150678e+02
9.948730e-02 9.973808e+01 8.018919e+02
1.000977e-01 9.934674e+01 7.890344e+02
1.007080e-01 9.896313e+01 7.764894e+02
1.013184e-01 9.858756e+01 7.642509e+02
1.019287e-01 9.822034e+01 7.523129e+02
1.025391e-01 9.786176e+01 7.406695e+02
1.031494e-01 9.751209e+01 7.293149e+02
1.037598e-01 9.717156e+01 7.182429e+02
1.043701e-01 9.684041e+01 7.074478e+02
1.049805e-01 9.651886e+01 6.969238e+02
1.055908e-01 9.620709e+01 6.866649e+02
1.062012e-01 9.590528e+01 6.766655e+02
1.068115e-01 9.561360e+01 6.669198e+02
1.074219e-01 9.533219e+01 6.574220e+02
1.080322e-01 9.506117e+01 6.481666e+02
1.086426e-01 9.480066e+01 6.391479e+02
1.092529e-01 9.455076e+01 6.303605e+02
1.098633e-01 9.431154e+01 6.217988e+02
1.110840e-01 9.386543e+01 6.053310e+02
1.123047e-01 9.346269e+01 5.897020e+02
1.135254e-01 9.310347e+01 5.748705e+02
1.147461e-01 9.278772e+01 5.607959e+02
1.159668e-01 9.251519e+01 5.474392e+02
1.171875e-01 9.228545e+01 5.347623e+02
1.184082e-01 9.209791e+01 5.227287e+02
1.196289e-01 9.195179e+01 5.113027e+02
1.208496e-01 9.184622e+01 5.004502e+02
1.220703e-01 9.178013e+01 4.901384e+02
1.226807e-01 9.176155e+01 4.851752e+02
1.232910e-01 9.175240e+01 4.803355e+02
1.239014e-01 9.175251e+01 4.756154e+02
1.245117e-01 9.176173e+01 4.710112e+02
1.251221e-01 9.177988e+01 4.665194e+02
1.257324e-01 9.180677e+01 4.621365e+02
1.263428e-01 9.184222e+01 4.578590e+02
1.269531e-01 9.188605e+01 4.536835e+02
1.275635e-01 9.193806e+01 4.496067e+02
1.281738e-01 9.199805e+01 4.456255e+02
1.283264e-01 9.201427e+01 4.446448e+02
1.284790e-01 9.203097e+01 4.436697e+02
1.286316e-01 9.204815e+01 4.427004e+02
1.287842e-01 9.206581e+01 4.417367e+02
1.289368e-01 9.208394e+01 4.407786e+02
1.290894e-01 9.210254e+01 4.398260e+02
1.292419e-01 9.212161e+01 4.388789e+02
1.293945e-01 9.214114e+01 4.379372e+02
1.295471e-01 9.216113e+01 4.370010e+02
1.296997e-01 9.218158e+01 4.360701e+02
1.297760e-01 9.219198e+01 4.356066e+02
1.298523e-01 9.220248e+01 4.351445e+02
1.299286e-01 9.221310e+01 4.346837e+02
1.300049e-01 9.222383e+01 4.342242e+02
1.300812e-01 9.223468e+01 4.337659e+02
1.301575e-01 9.224563e+01 4.333090e+02
1.302338e-01 9.225670e+01 4.328534e+02
1.303101e-01 9.226787e+01 4.323991e+02
1.303864e-01 9.227916e+01 4.319461e+02
1.304626e-01 9.229056e+01 4.314943e+02
1.305389e-01 9.230207e+01 4.310438e+02
1.306152e-01 9.231368e+01 4.305946e+02
1.306915e-01 9.232541e+01 4.301466e+02
1.307678e-01 9.233724e+01 4.296999e+02
1.308441e-01 9.234918e+01 4.292544e+02
1.309204e-01 9.236123e+01 4.288102e+02
1.309967e-01 9.237338e+01 4.283672e+02
1.310730e-01 9.238564e+01 4.279255e+02
1.311493e-01 9.239801e+01 4.274850e+02
1.312256e-01 9.241048e+01 4.270457e+02
1.315308e-01 9.246141e+01 4.253006e+02
1.318359e-01 9.251399e+01 4.235746e+02
1.321411e-01 9.256820e+01 4.218675e+02
1.324463e-01 9.262401e+01 4.201788e+02
1.327515e-01 9.268139e+01 4.185083e+02
1.330566e-01 9.274031e+01 4.168555e+02
1.333618e-01 9.280074e+01 4.152203e+02
1.336670e-01 9.286266e+01 4.136023e+02
1.339722e-01 9.292604e+01 4.120011e+02
1.342773e-01 9.299084e+01 4.104165e+02
1.354980e-01 9.326379e+01 4.042380e+02
1.367188e-01 9.355732e+01 3.983013e+02
1.379395e-01 9.386961e+01 3.925890e+02
1.391602e-01 9.419881e+01 3.870845e+02
1.403809e-01 9.454311e+01 3.817721e+02
1.416016e-01 9.490067e+01 3.766373e+02
1.428223e-01 9.526969e+01 3.716662e+02
1.440430e-01 9.564838e+01 3.668459e+02
1.452637e-01 9.603498e+01 3.621642e+02
1.464844e-01 9.642775e+01 3.576099e+02
1.477051e-01 9.682500e+01 3.531724e+02
1.489258e-01 9.722507e+01 3.488419e+02
1.501465e-01 9.762632e+01 3.446091e+02
1.513672e-01 9.802719e+01 3.404656e+02
1.525879e-01 9.842614e+01 3.364035e+02
1.538086e-01 9.882169e+01 3.324155e+02
1.550293e-01 9.921240e+01 3.284948e+02
1.562500e-01 9.959690e+01 3.246354e+02
1.574707e-01 9.997385e+01 3.208315e+02
1.586914e-01 1.003420e+02 3.170780e+02
1.599121e-01 1.007001e+02 3.133700e+02
1.611328e-01 1.010470e+02 3.097033e+02
1.623535e-01 1.013817e+02 3.060739e+02
1.635742e-01 1.017030e+02 3.024784e+02
1.647949e-01 1.020101e+02 2.989135e+02
1.660156e-01 1.023019e+02 2.953764e+02
1.672363e-01 1.025776e+02 2.918646e+02
1.684570e-01 1.028365e+02 2.883759e+02
1.696777e-01 1.030777e+02 2.849083e+02
1.708984e-01 1.033006e+02 2.814600e+02
1.721191e-01 1.035045e+02 2.780296e+02
1.733398e-01 1.036889e+02 2.746159e+02
1.745605e-01 1.038533e+02 2.712179e+02
1.757812e-01 1.039972e+02 2.678346e+02
1.770020e-01 1.041201e+02 2.644653e+02
1.782227e-01 1.042218e+02 2.611097e+02
1.794434e-01 1.043019e+02 2.577672e+02
1.806641e-01 1.043602e+02 2.544377e+02
1.818848e-01 1.043964e+02 2.511211e+02
1.831055e-01 1.044105e+02 2.478172e+02
1.843262e-01 1.044022e+02 2.445263e+02
1.855469e-01 1.043715e+02 2.412485e+02
1.867676e-01 1.043184e+02 2.379841e+02
1.879883e-01 1.042429e+02 2.347334e+02
1.892090e-01 1.041450e+02 2.314969e+02
1.904297e-01 1.040249e+02 2.282749e+02
1.916504e-01 1.038827e+02 2.250680e+02
1.928711e-01 1.037185e+02 2.218768e+02
1.940918e-01 1.035325e+02 2.187019e+02
1.953125e-01 1.033250e+02 2.155438e+02
1.965332e-01 1.030962e+02 2.124032e+02
1.977539e-01 1.028465e+02 2.092808e+02
1.989746e-01 1.025760e+02 2.061772e+02
2.001953e-01 1.022852e+02 2.030932e+02
2.014160e-01 1.019745e+02 2.000294e+02
2.026367e-01 1.016442e+02 1.969865e+02
2.038574e-01 1.012948e+02 1.939653e+02
2.050781e-01 1.009266e+02 1.909664e+02
2.062988e-01 1.005401e+02 1.879905e+02
2.075195e-01 1.001358e+02 1.850383e+02
2.087402e-01 9.971424e+01 1.821105e+02
2.099609e-01 9.927581e+01 1.792077e+02
2.111816e-01 9.882105e+01 1.763304e+02
2.124023e-01 9.835050e+01 1.734795e+02
2.136230e-01 9.786468e+01 1.706554e+02
2.148438e-01 9.736414e+01 1.678586e+02
2.160645e-01 9.684943e+01 1.650899e+02
2.172852e-01 9.632110e+01 1.623497e+02
2.185059e-01 9.577973e+01 1.596385e+02
2.197266e-01 9.522587e+01 1.569567e+02
2.209473e-01 9.466011e+01 1.543050e+02
2.221680e-01 9.408302e+01 1.516836e+02
2.233887e-01 9.349518e+01 1.490929e+02
2.246094e-01 9.289717e+01 1.465335e+02
2.258301e-01 9.228957e+01 1.440055e+02
2.270508e-01 9.167295e+01 1.415094e+02
2.282715e-01 9.104791e+01 1.390454e+02
2.294922e-01 9.041501e+01 1.366139e+02
2.307129e-01 8.977483e+01 1.342150e+02
2.319336e-01 8.912793e+01 1.318489e+02
2.331543e-01 8.847489e+01 1.295160e+02
2.343750e-01 8.781627e+01 1.272162e+02
2.355957e-01 8.715261e+01 1.249499e+02
2.368164e-01 8.648448e+01 1.227170e+02
2.380371e-01 8.581241e+01 1.205177e+02
2.392578e-01 8.513694e+01 1.183521e+02
2.404785e-01 8.445860e+01 1.162202e+02
2.416992e-01 8.377791e+01 1.141219e+02
2.429199e-01 8.309538e+01 1.120575e+02
2.441406e-01 8.241152e+01 1.100267e+02
2.453613e-01 8.172681e+01 1.080295e+02
2.465820e-01 8.104175e+01 1.060660e+02
2.478027e-01 8.035680e+01 1.041359e+02
2.490234e-01 7.967244e+01 1.022393e+02
2.502441e-01 7.898912e+01 1.003759e+02
2.514648e-01 7.830729e+01 9.854572e+01
2.526855e-01 7.762737e+01 9.674849e+01
2.539062e-01 7.694979e+01 9.498407e+01
2.551270e-01 7.627496e+01 9.325227e+01
2.563477e-01 7.560328e+01 9.155289e+01
2.566528e-01 7.543590e+01 9.113309e+01
2.569580e-01 7.526874e+01 9.071529e+01
2.572632e-01 7.510182e+01 9.029950e+01
2.575684e-01 7.493514e+01 8.988571e+01
2.578735e-01 7.476871e+01 8.947392e+01
2.581787e-01 7.460252e+01 8.906412e+01
2.584839e-01 7.443659e+01 8.865631e+01
2.587891e-01 7.427093e+01 8.825049e+01
2.590942e-01 7.410553e+01 8.784666e+01
2.593994e-01 7.394040e+01 8.744480e+01
2.594757e-01 7.389917e+01 8.734464e+01
2.595520e-01 7.385795e+01 8.724461e+01
2.596283e-01 7.381674e+01 8.714470e+01
2.597046e-01 7.377556e+01 8.704491e+01
2.597809e-01 7.373439e+01 8.694525e+01
2.598572e-01 7.369324e+01 8.684571e+01
2.599335e-01 7.365211e+01 8.674629e+01
2.600098e-01 7.361100e+01 8.664700e+01
2.600861e-01 7.356990e+01 8.654783e+01
2.601624e-01 7.352882e+01 8.644878e+01
2.602386e-01 7.348777e+01 8.634985e+01
2.603149e-01 7.344673e+01 8.625105e+01
2.603912e-01 7.340570e+01 8.615237e+01
2.604675e-01 7.336470e+01 8.605381e+01
2.605438e-01 7.332372e+01 8.595538e+01
2.606201e-01 7.328275e+01 8.585707e+01
2.606964e-01 7.324181e+01 8.575888e+01
2.607727e-01 7.320088e+01 8.566081e+01
2.608490e-01 7.315997e+01 8.556287e+01
2.609253e-01 7.311908e+01 8.546504e+01
2.610779e-01 7.303736e+01 8.526977e+01
2.612305e-01 7.295572e+01 8.507497e+01
2.613831e-01 7.287415e+01 8.488067e+01
2.615356e-01 7.279267e+01 8.468685e+01
2.616882e-01 7.271126e+01 8.449352e+01
2.618408e-01 7.262993e+01 8.430068e+01
2.619934e-01 7.254868e+01 8.410832e+01
2.621460e-01 7.246752e+01 8.391644e+01
2.622986e-01 7.238643e+01 8.372505e+01
2.624512e-01 7.230543e+01 8.353414e+01
2.630615e-01 7.198225e+01 8.277532e+01
2.636719e-01 7.166044e+01 8.202420e+01
2.642822e-01 7.134004e+01 8.128072e+01
2.648926e-01 7.102108e+01 8.054486e+01
2.655029e-01 7.070361e+01 7.981657e+01
2.661133e-01 7.038766e+01 7.909582e+01
2.667236e-01 7.007327e+01 7.838257e+01
2.673340e-01 6.976047e+01 7.767678e+01
2.679443e-01 6.944931e+01 7.697840e+01
2.685547e-01 6.913980e+01 7.628740e+01
2.697754e-01 6.852593e+01 7.492736e+01
2.709961e-01 6.791911e+01 7.359632e+01
2.722168e-01 6.731960e+01 7.229393e+01
2.734375e-01 6.672763e+01 7.101984e+01
2.746582e-01 6.614343e+01 6.977369e+01
2.758789e-01 6.556722e+01 6.855512e+01
2.770996e-01 6.499920e+01 6.736376e+01
2.783203e-01 6.443956e+01 6.619922e+01
2.795410e-01 6.388849e+01 6.506114e+01
2.807617e-01 6.334615e+01 6.394912e+01
2.819824e-01 6.281272e+01 6.286279e+01
2.832031e-01 6.228834e+01 6.180175e+01
2.844238e-01 6.177314e+01 6.076561e+01
2.856445e-01 6.126726e+01 5.975397e+01
2.868652e-01 6.077082e+01 5.876645e+01
2.880859e-01 6.028393e+01 5.780263e+01
2.893066e-01 5.980669e+01 5.686213e+01
2.905273e-01 5.933919e+01 5.594454e+01
2.917480e-01 5.888150e+01 5.504947e+01
2.929688e-01 5.843371e+01 5.417651e+01
2.941895e-01 5.799588e+01 5.332527e+01
2.954102e-01 5.756805e+01 5.249535e+01
2.966309e-01 5.715028e+01 5.168635e+01
2.978516e-01 5.674260e+01 5.089787e+01
2.990723e-01 5.634505e+01 5.012953e+01
3.002930e-01 5.595763e+01 4.938092e+01
3.015137e-01 5.558038e+01 4.865165e+01
3.027344e-01 5.521328e+01 4.794135e+01
3.039551e-01 5.485635e+01 4.724961e+01
3.051758e-01 5.450957e+01 4.657607e+01
3.063965e-01 5.417293e+01 4.592032e+01
3.076172e-01 5.384640e+01 4.528201e+01
3.088379e-01 5.352996e+01 4.466074e+01
3.100586e-01 5.322357e+01 4.405616e+01
3.112793e-01 5.292719e+01 4.346788e+01
3.125000e-01 5.264077e+01 4.289556e+01
3.137207e-01 5.236426e+01 4.233882e+01
3.149414e-01 5.209760e+01 4.179731e+01
3.161621e-01 5.184072e+01 4.127067e+01
3.173828e-01 5.159356e+01 4.075856e+01
3.186035e-01 5.135604e+01 4.026063e+01
3.198242e-01 5.112809e+01 3.977654e+01
3.210449e-01 5.090961e+01 3.930595e+01
3.222656e-01 5.070053e+01 3.884854e+01
3.234863e-01 5.050074e+01 3.840396e+01
3.247070e-01 5.031016e+01 3.797191e+01
3.259277e-01 5.012868e+01 3.755206e+01
3.271484e-01 4.995620e+01 3.714410e+01
3.283691e-01 4.979261e+01 3.674771e+01
3.295898e-01 4.963779e+01 3.636260e+01
3.308105e-01 4.949165e+01 3.598847e+01
3.320312e-01 4.935405e+01 3.562501e+01
3.332520e-01 4.922489e+01 3.527195e+01
3.344727e-01 4.910403e+01 3.492899e+01
3.356934e-01 4.899135e+01 3.459585e+01
3.369141e-01 4.888672e+01 3.427226e+01
3.381348e-01 4.879002e+01 3.395795e+01
3.393555e-01 4.870111e+01 3.365266e+01
3.405762e-01 4.861987e+01 3.335611e+01
3.417969e-01 4.854614e+01 3.306806e+01
3.430176e-01 4.847981e+01 3.278825e+01
3.442383e-01 4.842072e+01 3.251644e+01
3.454590e-01 4.836874e+01 3.225239e+01
3.466797e-01 4.832373e+01 3.199586e+01
3.479004e-01 4.828554e+01 3.174661e+01
3.491211e-01 4.825404e+01 3.150443e+01
3.503418e-01 4.822907e+01 3.126908e+01
3.515625e-01 4.821050e+01 3.104035e+01
3.527832e-01 4.819817e+01 3.081803e+01
3.540039e-01 4.819195e+01 3.060191e+01
3.552246e-01 4.819168e+01 3.039178e+01
3.564453e-01 4.819723e+01 3.018745e+01
3.576660e-01 4.820843e+01 2.998871e+01
3.588867e-01 4.822516e+01 2.979538e+01
3.601074e-01 4.824725e+01 2.960728e+01
3.613281e-01 4.827456e+01 2.942422e+01
3.625488e-01 4.830695e+01 2.924602e+01
3.637695e-01 4.834427e+01 2.907251e+01
3.649902e-01 4.838638e+01 2.890352e+01
3.662109e-01 4.843312e+01 2.873889e+01
3.686523e-01 4.853994e+01 2.842205e+01
3.710938e-01 4.866359e+01 2.812076e+01
3.735352e-01 4.880293e+01 2.783384e+01
3.759766e-01 4.895683e+01 2.756017e+01
3.784180e-01 4.912417e+01 2.729870e+01
3.808594e-01 4.930388e+01 2.704842e+01
3.833008e-01 4.949488e+01 2.680841e+01
3.857422e-01 4.969612e+01 2.657776e+01
3.881836e-01 4.990656e+01 2.635563e+01
3.906250e-01 5.012521e+01 2.614124e+01
3.955078e-01 5.058323e+01 2.573277e+01
4.003906e-01 5.106265e+01 2.534695e+01
4.052734e-01 5.155638e+01 2.497907e+01
4.101562e-01 5.205779e+01 2.462505e+01
4.150391e-01 5.256069e+01 2.428138e+01
4.199219e-01 5.305940e+01 2.394504e+01
4.248047e-01 5.354869e+01 2.361350e+01
4.296875e-01 5.402378e+01 2.328465e+01
4.345703e-01 5.448039e+01 2.295674e+01
4.394531e-01 5.491468e+01 2.262838e+01
4.418945e-01 5.512236e+01 2.246367e+01
4.443359e-01 5.532322e+01 2.229845e+01
4.467773e-01 5.551689e+01 2.213263e+01
4.492188e-01 5.570305e+01 2.196612e+01
4.516602e-01 5.588136e+01 2.179885e+01
4.541016e-01 5.605157e+01 2.163077e+01
4.565430e-01 5.621339e+01 2.146182e+01
4.589844e-01 5.636659e+01 2.129198e+01
4.614258e-01 5.651096e+01 2.112123e+01
4.638672e-01 5.664630e+01 2.094954e+01
4.663086e-01 5.677244e+01 2.077690e+01
4.687500e-01 5.688922e+01 2.060334e+01
4.711914e-01 5.699650e+01 2.042884e+01
4.736328e-01 5.709418e+01 2.025342e+01
4.760742e-01 5.718216e+01 2.007712e+01
4.785156e-01 5.726035e+01 1.989994e+01
4.809570e-01 5.732869e+01 1.972194e+01
4.833984e-01 5.738715e+01 1.954314e+01
4.858398e-01 5.743568e+01 1.936358e+01
4.882812e-01 5.747428e+01 1.918331e+01
4.907227e-01 5.750295e+01 1.900238e+01
4.931641e-01 5.752168e+01 1.882083e+01
4.956055e-01 5.753052e+01 1.863873e+01
4.980469e-01 5.752951e+01 1.845612e+01
5.004883e-01 5.751868e+01 1.827306e+01
5.029297e-01 5.749811e+01 1.808961e+01
5.053711e-01 5.746786e+01 1.790583e+01
5.078125e-01 5.742802e+01 1.772177e+01
5.102539e-01 5.737868e+01 1.753751e+01
5.126953e-01 5.731994e+01 1.735310e+01
5.133057e-01 5.730380e+01 1.730699e+01
5.139160e-01 5.728708e+01 1.726086e+01
5.145264e-01 5.726979e+01 1.721474e+01
5.151367e-01 5.725192e+01 1.716861e+01
5.157471e-01 5.723348e+01 1.712248e+01
5.163574e-01 5.721446e+01 1.707635e+01
5.169678e-01 5.719488e+01 1.703022e+01
5.175781e-01 5.717472e+01 1.698409e+01
5.181885e-01 5.715401e+01 1.693797e+01
5.187988e-01 5.713273e+01 1.689185e+01
5.191040e-01 5.712188e+01 1.686879e+01
5.194092e-01 5.711089e+01 1.684573e+01
5.197144e-01 5.709976e+01 1.682267e+01
5.200195e-01 5.708849e+01 1.679962e+01
5.203247e-01 5.707708e+01 1.677656e+01
5.206299e-01 5.706553e+01 1.675351e+01
5.209351e-01 5.705384e+01 1.673046e+01
5.212402e-01 5.704202e+01 1.670741e+01
5.215454e-01 5.703005e+01 1.668436e+01
5.218506e-01 5.701795e+01 1.666132e+01
5.221558e-01 5.700571e+01 1.663828e+01
5.224609e-01 5.699334e+01 1.661524e+01
5.227661e-01 5.698082e+01 1.659220e+01
5.230713e-01 5.696817e+01 1.656917e+01
5.233765e-01 5.695539e+01 1.654613e+01
5.236816e-01 5.694246e+01 1.652311e+01
5.239868e-01 5.692940e+01 1.650008e+01
5.242920e-01 5.691621e+01 1.647706e+01
5.245972e-01 5.690288e+01 1.645404e+01
5.249023e-01 5.688941e+01 1.643102e+01
5.261230e-01 5.683420e+01 1.633899e+01
5.273438e-01 5.677686e+01 1.624703e+01
5.285645e-01 5.671739e+01 1.615513e+01
5.297852e-01 5.665582e+01 1.606331e+01
5.310059e-01 5.659217e+01 1.597158e+01
5.322266e-01 5.652646e+01 1.587994e+01
5.334473e-01 5.645870e+01 1.578840e+01
5.346680e-01 5.638893e+01 1.569696e+01
5.358887e-01 5.631715e+01 1.560564e+01
5.371094e-01 5.624340e+01 1.551444e+01
5.419922e-01 5.592902e+01 1.515100e+01
5.468750e-01 5.558469e+01 1.479003e+01
5.517578e-01 5.521186e+01 1.443197e+01
5.566406e-01 5.481198e+01 1.407718e+01
5.615234e-01 5.438653e+01 1.372605e+01
5.664062e-01 5.393703e+01 1.337892e+01
5.712891e-01 5.346497e+01 1.303610e+01
5.761719e-01 5.297188e+01 1.269788e+01
5.810547e-01 5.245924e+01 1.236454e+01
5.859375e-01 5.192854e+01 1.203632e+01
5.908203e-01 5.138125e+01 1.171343e+01
5.957031e-01 5.081882e+01 1.139607e+01
6.005859e-01 5.024266e+01 1.108441e+01
6.054688e-01 4.965414e+01 1.077859e+01
6.103516e-01 4.905462e+01 1.047876e+01
6.152344e-01 4.844541e+01 1.018501e+01
6.201172e-01 4.782778e+01 9.897438e+00
6.250000e-01 4.720294e+01 9.616103e+00
6.298828e-01 4.657208e+01 9.341061e+00
6.347656e-01 4.593633e+01 9.072347e+00
6.359863e-01 4.577676e+01 9.006160e+00
6.372070e-01 4.561697e+01 8.940370e+00
6.384277e-01 4.545698e+01 8.874977e+00
6.396484e-01 4.529680e+01 8.809980e+00
6.408691e-01 4.513644e+01 8.745381e+00
6.420898e-01 4.497593e+01 8.681179e+00
6.433105e-01 4.481528e+01 8.617374e+00
6.445312e-01 4.465451e+01 8.553966e+00
6.457520e-01 4.449363e+01 8.490954e+00
6.469727e-01 4.433265e+01 8.428338e+00
6.481934e-01 4.417159e+01 8.366119e+00
6.494141e-01 4.401047e+01 8.304295e+00
6.506348e-01 4.384930e+01 8.242866e+00
6.518555e-01 4.368809e+01 8.181832e+00
6.530762e-01 4.352686e+01 8.121193e+00
6.542969e-01 4.336563e+01 8.060947e+00
6.555176e-01 4.320440e+01 8.001094e+00
6.567383e-01 4.304318e+01 7.941634e+00
6.579590e-01 4.288201e+01 7.882566e+00
6.591797e-01 4.272088e+01 7.823888e+00
6.616211e-01 4.239881e+01 7.707705e+00
6.640625e-01 4.207708e+01 7.593076e+00
6.665039e-01 4.175579e+01 7.479997e+00
6.689453e-01 4.143503e+01 7.368458e+00
6.713867e-01 4.111491e+01 7.258452e+00
6.738281e-01 4.079551e+01 7.149970e+00
6.762695e-01 4.047692e+01 7.043004e+00
6.787109e-01 4.015922e+01 6.937543e+00
6.811523e-01 3.984250e+01 6.833579e+00
6.835938e-01 3.952684e+01 6.731100e+00
6.884766e-01 3.889899e+01 6.530556e+00
6.933594e-01 3.827627e+01 6.335821e+00
6.982422e-01 3.765921e+01 6.146801e+00
7.031250e-01 3.704832e+01 5.963394e+00
7.080078e-01 3.644406e+01 5.785499e+00
7.128906e-01 3.584687e+01 5.613006e+00
7.177734e-01 3.525713e+01 5.445808e+00
7.226562e-01 3.467520e+01 5.283790e+00
7.275391e-01 3.410140e+01 5.126839e+00
7.324219e-01 3.353602e+01 4.974839e+00
7.373047e-01 3.297932e+01 4.827673e+00
7.421875e-01 3.243153e+01 4.685224e+00
7.470703e-01 3.189286e+01 4.547373e+00
7.519531e-01 3.136346e+01 4.414003e+00
7.568359e-01 3.084350e+01 4.284994e+00
7.617188e-01 3.033309e+01 4.160231e+00
7.666016e-01 2.983234e+01 4.039596e+00
7.714844e-01 2.934132e+01 3.922974e+00
7.763672e-01 2.886009e+01 3.810250e+00
7.812500e-01 2.838869e+01 3.701310e+00
7.861328e-01 2.792713e+01 3.596041e+00
7.910156e-01 2.747543e+01 3.494335e+00
7.958984e-01 2.703356e+01 3.396081e+00
8.007812e-01 2.660149e+01 3.301174e+00
8.056641e-01 2.617919e+01 3.209507e+00
8.105469e-01 2.576659e+01 3.120978e+00
8.154297e-01 2.536362e+01 3.035487e+00
8.203125e-01 2.497020e+01 2.952933e+00
8.251953e-01 2.458625e+01 2.873220e+00
8.300781e-01 2.421165e+01 2.796254e+00
8.349609e-01 2.384631e+01 2.721943e+00
8.398438e-01 2.349010e+01 2.650196e+00
8.447266e-01 2.314289e+01 2.580925e+00
8.496094e-01 2.280456e+01 2.514046e+00
8.544922e-01 2.247496e+01 2.449475e+00
8.593750e-01 2.215396e+01 2.387130e+00
8.642578e-01 2.184140e+01 2.326934e+00
8.691406e-01 2.153713e+01 2.268809e+00
8.740234e-01 2.124100e+01 2.212682e+00
8.789062e-01 2.095284e+01 2.158480e+00
8.837891e-01 2.067249e+01 2.106133e+00
8.886719e-01 2.039980e+01 2.055574e+00
8.935547e-01 2.013458e+01 2.006737e+00
8.984375e-01 1.987668e+01 1.959559e+00
9.033203e-01 1.962592e+01 1.913977e+00
9.082031e-01 1.938214e+01 1.869933e+00
9.130859e-01 1.914517e+01 1.827368e+00
9.179688e-01 1.891483e+01 1.786228e+00
9.228516e-01 1.869096e+01 1.746457e+00
9.277344e-01 1.847338e+01 1.708005e+00
9.326172e-01 1.826194e+01 1.670822e+00
9.375000e-01 1.805645e+01 1.634858e+00
9.423828e-01 1.785676e+01 1.600067e+00
9.472656e-01 1.766271e+01 1.566404e+00
9.521484e-01 1.747412e+01 1.533826e+00
9.570312e-01 1.729084e+01 1.502291e+00
9.619141e-01 1.711271e+01 1.471758e+00
9.667969e-01 1.693957e+01 1.442188e+00
9.716797e-01 1.677126e+01 1.413545e+00
9.765625e-01 1.660764e+01 1.385792e+00
9.814453e-01 1.644856e+01 1.358894e+00
9.863281e-01 1.629386e+01 1.332819e+00
9.912109e-01 1.614340e+01 1.307534e+00
9.960938e-01 1.599704e+01 1.283008e+00
1.000977e+00 1.585464e+01 1.259212e+00
1.005859e+00 1.571606e+01 1.236116e+00
1.010742e+00 1.558118e+01 1.213695e+00
1.015625e+00 1.544985e+01 1.191921e+00
1.020508e+00 1.532195e+01 1.170770e+00
1.025391e+00 1.519735e+01 1.150216e+00
1.026611e+00 1.516670e+01 1.145168e+00
1.027832e+00 1.513625e+01 1.140156e+00
1.029053e+00 1.510600e+01 1.135179e+00
1.030273e+00 1.507594e+01 1.130237e+00
1.031494e+00 1.504607e+01 1.125329e+00
1.032715e+00 1.501638e+01 1.120456e+00
1.033936e+00 1.498689e+01 1.115616e+00
1.035156e+00 1.495758e+01 1.110810e+00
1.036377e+00 1.492846e+01 1.106037e+00
1.037598e+00 1.489952e+01 1.101297e+00
1.038208e+00 1.488512e+01 1.098939e+00
1.038818e+00 1.487076e+01 1.096589e+00
1.039429e+00 1.485645e+01 1.094248e+00
1.040039e+00 1.484218e+01 1.091914e+00
1.040649e+00 1.482795e+01 1.089588e+00
1.041260e+00 1.481377e+01 1.087271e+00
1.041870e+00 1.479964e+01 1.084961e+00
1.042480e+00 1.478554e+01 1.082659e+00
1.043091e+00 1.477149e+01 1.080364e+00
1.043701e+00 1.475749e+01 1.078078e+00
1.044312e+00 1.474352e+01 1.075799e+00
1.044922e+00 1.472960e+01 1.073528e+00
1.045532e+00 1.471572e+01 1.071265e+00
1.046143e+00 1.470189e+01 1.069009e+00
1.046753e+00 1.468809e+01 1.066761e+00
1.047363e+00 1.467434e+01 1.064521e+00
1.047974e+00 1.466063e+01 1.062288e+00
1.048584e+00 1.464696e+01 1.060062e+00
1.049194e+00 1.463334e+01 1.057844e+00
1.049805e+00 1.461975e+01 1.055633e+00
1.052246e+00 1.456581e+01 1.046864e+00
1.054688e+00 1.451251e+01 1.038210e+00
1.057129e+00 1.445984e+01 1.029669e+00
1.059570e+00 1.440779e+01 1.021240e+00
1.062012e+00 1.435633e+01 1.012920e+00
1.064453e+00 1.430547e+01 1.004706e+00
1.066895e+00 1.425518e+01 9.965976e-01
1.069336e+00 1.420546e+01 9.885918e-01
1.071777e+00 1.415629e+01 9.806869e-01
1.074219e+00 1.410766e+01 9.728809e-01
1.083984e+00 1.391834e+01 9.426086e-01
1.093750e+00 1.373678e+01 9.137742e-01
1.103516e+00 1.356232e+01 8.862723e-01
1.113281e+00 1.339433e+01 8.600060e-01
1.123047e+00 1.323223e+01 8.348866e-01
1.132812e+00 1.307547e+01 8.108328e-01
1.142578e+00 1.292353e+01 7.877704e-01
1.152344e+00 1.277596e+01 7.656311e-01
1.162109e+00 1.263230e+01 7.443526e-01
1.171875e+00 1.249216e+01 7.238778e-01
1.181641e+00 1.235517e+01 7.041546e-01
1.191406e+00 1.222098e+01 6.851353e-01
1.201172e+00 1.208927e+01 6.667762e-01
1.210938e+00 1.195977e+01 6.490373e-01
1.220703e+00 1.183221e+01 6.318821e-01
1.230469e+00 1.170636e+01 6.152772e-01
1.240234e+00 1.158200e+01 5.991920e-01
1.250000e+00 1.145893e+01 5.835985e-01
1.259766e+00 1.133699e+01 5.684710e-01
1.269531e+00 1.121601e+01 5.537859e-01
1.274414e+00 1.115585e+01 5.466025e-01
1.279297e+00 1.109588e+01 5.395218e-01
1.284180e+00 1.103608e+01 5.325414e-01
1.289062e+00 1.097645e+01 5.256589e-01
1.293945e+00 1.091697e+01 5.188721e-01
1.298828e+00 1.085763e+01 5.121788e-01
1.303711e+00 1.079841e+01 5.055772e-01
1.308594e+00 1.073932e+01 4.990650e-01
1.313477e+00 1.068033e+01 4.926406e-01
1.318359e+00 1.062145e+01 4.863021e-01
1.323242e+00 1.056265e+01 4.800477e-01
1.328125e+00 1.050394e+01 4.738757e-01
1.333008e+00 1.044531e+01 4.677847e-01
1.337891e+00 1.038675e+01 4.617729e-01
1.342773e+00 1.032825e+01 4.558390e-01
1.347656e+00 1.026982e+01 4.499816e-01
1.352539e+00 1.021144e+01 4.441991e-01
1.357422e+00 1.015312e+01 4.384904e-01
1.362305e+00 1.009485e+01 4.328540e-01
1.367188e+00 1.003662e+01 4.272889e-01
1.386719e+00 9.804155e+00 4.057173e-01
1.406250e+00 9.572329e+00 3.851968e-01
1.425781e+00 9.341153e+00 3.656662e-01
1.445312e+00 9.110707e+00 3.470713e-01
1.464844e+00 8.881131e+00 3.293637e-01
1.484375e+00 8.652607e+00 3.124999e-01
1.503906e+00 8.425350e+00 2.964398e-01
1.523438e+00 8.199597e+00 2.811470e-01
1.542969e+00 7.975598e+00 2.665871e-01
1.562500e+00 7.753610e+00 2.527284e-01
1.582031e+00 7.533894e+00 2.395408e-01
1.601562e+00 7.316705e+00 2.269958e-01
1.621094e+00 7.102288e+00 2.150662e-01
1.640625e+00 6.890882e+00 2.037259e-01
1.660156e+00 6.682707e+00 1.929499e-01
1.679688e+00 6.477972e+00 1.827142e-01
1.699219e+00 6.276867e+00 1.729954e-01
1.718750e+00 6.079564e+00 1.637711e-01
1.738281e+00 5.886221e+00 1.550196e-01
1.757812e+00 5.696974e+00 1.467200e-01
1.777344e+00 5.511942e+00 1.388519e-01
1.796875e+00 5.331227e+00 1.313958e-01
1.816406e+00 5.154915e+00 1.243328e-01
1.835938e+00 4.983071e+00 1.176444e-01
1.855469e+00 4.815749e+00 1.113132e-01
1.875000e+00 4.652985e+00 1.053220e-01
1.894531e+00 4.494802e+00 9.965456e-02
1.914062e+00 4.341208e+00 9.429496e-02
1.933594e+00 4.192199e+00 8.922809e-02
1.953125e+00 4.047761e+00 8.443936e-02
1.962891e+00 3.977248e+00 8.214489e-02
1.972656e+00 3.907866e+00 7.991476e-02
1.982422e+00 3.839612e+00 7.774730e-02
1.992188e+00 3.772479e+00 7.564088e-02
2.001953e+00 3.706462e+00 7.359392e-02
2.011719e+00 3.641555e+00 7.160485e-02
2.021484e+00 3.577749e+00 6.967216e-02
2.031250e+00 3.515039e+00 6.779436e-02
2.041016e+00 3.453416e+00 6.596998e-02
2.050781e+00 3.392872e+00 6.419762e-02
2.060547e+00 3.333398e+00 6.247587e-02
2.070312e+00 3.274985e+00 6.080337e-02
2.080078e+00 3.217625e+00 5.917881e-02
2.089844e+00 3.161306e+00 5.760088e-02
2.099609e+00 3.106020e+00 5.606830e-02
2.109375e+00 3.051756e+00 5.457986e-02
2.119141e+00 2.998504e+00 5.313433e-02
2.128906e+00 2.946252e+00 5.173054e-02
2.138672e+00 2.894990e+00 5.036733e-02
2.148438e+00 2.844707e+00 4.904359e-02
2.167969e+00 2.747030e+00 4.651013e-02
2.187500e+00 2.653130e+00 4.412173e-02
2.207031e+00 2.562910e+00 4.187034e-02
2.226562e+00 2.476274e+00 3.974834e-02
2.246094e+00 2.393123e+00 3.774848e-02
2.265625e+00 2.313360e+00 3.586388e-02
2.285156e+00 2.236883e+00 3.408800e-02
2.304688e+00 2.163593e+00 3.241467e-02
2.324219e+00 2.093391e+00 3.083802e-02
2.343750e+00 2.026176e+00 2.935248e-02
2.363281e+00 1.961852e+00 2.795281e-02
2.382812e+00 1.900318e+00 2.663402e-02
2.402344e+00 1.841480e+00 2.539141e-02
2.421875e+00 1.785242e+00 2.422054e-02
2.441406e+00 1.731509e+00 2.311718e-02
2.460938e+00 1.680190e+00 2.207737e-02
2.480469e+00 1.631194e+00 2.109736e-02
2.500000e+00 1.584431e+00 2.017361e-02
2.519531e+00 1.539816e+00 1.930276e-02
2.539062e+00 1.497263e+00 1.848168e-02
2.558594e+00 1.456690e+00 1.770739e-02
2.578125e+00 1.418015e+00 1.697708e-02
2.597656e+00 1.381160e+00 1.628811e-02
2.617188e+00 1.346048e+00 1.563800e-02
2.636719e+00 1.312606e+00 1.502439e-02
2.656250e+00 1.280760e+00 1.444508e-02
2.675781e+00 1.250442e+00 1.389800e-02
2.695312e+00 1.221583e+00 1.338119e-02
2.714844e+00 1.194117e+00 1.289280e-02
2.734375e+00 1.167982e+00 1.243112e-02
2.773438e+00 1.119460e+00 1.158142e-02
2.812500e+00 1.075550e+00 1.082021e-02
2.851562e+00 1.035821e+00 1.013699e-02
2.890625e+00 9.998718e-01 9.522499e-03
2.929688e+00 9.673315e-01 8.968563e-03
2.968750e+00 9.378583e-01 8.467985e-03
3.007812e+00 9.111375e-01 8.014428e-03
3.046875e+00 8.868804e-01 7.602316e-03
3.085938e+00 8.648225e-01 7.226747e-03
3.125000e+00 8.447220e-01 6.883414e-03
3.203125e+00 8.095303e-01 6.278783e-03
3.281250e+00 7.797709e-01 5.763396e-03
3.359375e+00 7.541826e-01 5.318017e-03
3.437500e+00 7.317400e-01 4.927896e-03
3.515625e+00 7.116166e-01 4.581747e-03
3.593750e+00 6.931539e-01 4.270946e-03
3.671875e+00 6.758340e-01 3.988911e-03
3.750000e+00 6.592559e-01 3.730625e-03
3.828125e+00 6.431154e-01 3.492262e-03
3.906250e+00 6.271872e-01 3.270900e-03
3.925781e+00 6.232183e-01 3.217942e-03
3.945312e+00 6.192505e-01 3.165874e-03
3.964844e+00 6.152818e-01 3.114670e-03
3.984375e+00 6.113108e-01 3.064304e-03
4.003906e+00 6.073361e-01 3.014751e-03
4.023438e+00 6.033563e-01 2.965989e-03
4.042969e+00 5.993704e-01 2.917996e-03
4.062500e+00 5.953774e-01 2.870752e-03
4.082031e+00 5.913764e-01 2.824239e-03
4.101562e+00 5.873668e-01 2.778439e-03
4.121094e+00 5.833479e-01 2.733334e-03
4.140625e+00 5.793193e-01 2.688910e-03
4.160156e+00 5.752806e-01 2.645152e-03
4.179688e+00 5.712315e-01 2.602044e-03
4.199219e+00 5.671720e-01 2.559575e-03
4.218750e+00 5.631017e-01 2.517731e-03
4.238281e+00 5.590208e-01 2.476501e-03
4.257812e+00 5.549293e-01 2.435873e-03
4.277344e+00 5.508272e-01 2.395837e-03
4.296875e+00 5.467149e-01 2.356382e-03
4.335938e+00 5.384604e-01 2.279176e-03
4.375000e+00 5.301685e-01 2.204184e-03
4.414062e+00 5.218425e-01 2.131339e-03
4.453125e+00 5.134864e-01 2.060579e-03
4.492188e+00 5.051047e-01 1.991846e-03
4.531250e+00 4.967025e-01 1.925087e-03
4.570312e+00 4.882849e-01 1.860252e-03
4.609375e+00 4.798576e-01 1.797291e-03
4.648438e+00 4.714262e-01 1.736161e-03
4.687500e+00 4.629967e-01 1.676816e-03
4.765625e+00 4.461666e-01 1.563319e-03
4.843750e+00 4.294149e-01 1.456478e-03
4.921875e+00 4.127880e-01 1.355989e-03
5.000000e+00 3.963305e-01 1.261559e-03
5.078125e+00 3.800845e-01 1.172907e-03
5.156250e+00 3.640891e-01 1.089757e-03
5.234375e+00 3.483796e-01 1.011843e-03
5.312500e+00 3.329881e-01 9.389036e-04
5.390625e+00 3.179428e-01 8.706847e-04
5.468750e+00 3.032681e-01 8.069391e-04
5.546875e+00 2.889850e-01 7.474268e-04
5.625000e+00 2.751107e-01 6.919147e-04
5.703125e+00 2.616593e-01 6.401776e-04
5.781250e+00 2.486415e-01 5.919980e-04
5.859375e+00 2.360653e-01 5.471667e-04
5.937500e+00 2.239357e-01 5.054826e-04
6.015625e+00 2.122554e-01 4.667533e-04
6.093750e+00 2.010248e-01 4.307948e-04
6.171875e+00 1.902420e-01 3.974316e-04
6.250000e+00 1.799036e-01 3.664966e-04
6.406250e+00 1.605372e-01 3.112848e-04
6.562500e+00 1.428674e-01 2.639883e-04
6.718750e+00 1.268188e-01 2.235614e-04
6.875000e+00 1.123035e-01 1.890767e-04
7.031250e+00 9.922566e-02 1.597162e-04
7.187500e+00 8.748495e-02 1.347621e-04
7.343750e+00 7.697953e-02 1.135873e-04
7.500000e+00 6.760828e-02 9.564616e-05
7.656250e+00 5.927264e-02 8.046596e-05
7.812500e+00 5.187791e-02 6.763827e-05
7.890625e+00 4.850508e-02 6.199469e-05
7.968750e+00 4.533417e-02 5.681139e-05
8.046875e+00 4.235481e-02 5.205211e-05
8.125000e+00 3.955696e-02 4.768330e-05
8.203125e+00 3.693096e-02 4.367392e-05
8.281250e+00 3.446753e-02 3.999526e-05
8.359375e+00 3.215777e-02 3.662085e-05
8.437500e+00 2.999313e-02 3.352620e-05
8.515625e+00 2.796546e-02 3.068873e-05
8.593750e+00 2.606693e-02 2.808759e-05
8.671875e+00 2.429011e-02 2.570358e-05
8.750000e+00 2.262790e-02 2.351897e-05
8.828125e+00 2.107356e-02 2.151746e-05
8.906250e+00 1.962066e-02 1.968403e-05
8.984375e+00 1.826311e-02 1.800484e-05
9.062500e+00 1.699514e-02 1.646716e-05
9.140625e+00 1.581126e-02 1.505930e-05
9.218750e+00 1.470629e-02 1.377048e-05
9.296875e+00 1.367532e-02 1.259081e-05
9.375000e+00 1.271372e-02 1.151119e-05
9.687500e+00 9.477057e-03 8.036005e-06
1.000000e+01 7.041943e-03 5.603800e-06
1.031250e+01 5.217681e-03 3.904269e-06
1.062500e+01 3.856206e-03 2.718270e-06
1.093750e+01 2.843530e-03 1.891524e-06
1.125000e+01 2.092550e-03 1.315712e-06
1.156250e+01 1.537123e-03 9.149455e-07
1.187500e+01 1.127300e-03 6.361542e-07
1.218750e+01 8.255508e-04 4.422875e-07
1.250000e+01 6.037957e-04 3.075106e-07
1.281250e+01 4.411003e-04 2.138256e-07
1.312500e+01 3.219135e-04 1.487068e-07
1.343750e+01 2.347173e-04 1.034423e-07
1.375000e+01 1.710006e-04 7.197512e-08
1.406250e+01 1.244902e-04 5.009567e-08
1.437500e+01 9.057131e-05 3.487909e-08
1.468750e+01 6.585582e-05 2.429341e-08
1.500000e+01 4.786019e-05 1.692708e-08
1.531250e+01 3.476618e-05 1.179926e-08
1.562500e+01 2.524427e-05 8.228351e-09
1.593750e+01 1.832359e-05 5.740639e-09
1.625000e+01 1.329581e-05 4.006804e-09
1.656250e+01 9.644821e-06 2.797902e-09
1.687500e+01 6.994614e-06 1.954638e-09
1.718750e+01 5.071477e-06 1.366152e-09
1.750000e+01 3.676336e-06 9.552767e-10
1.781250e+01 2.664513e-06 6.682796e-10
1.812500e+01 1.930888e-06 4.677257e-10
1.843750e+01 1.399040e-06 3.275037e-10
1.875000e+01 1.013537e-06 2.294179e-10
1.937500e+01 5.317510e-07 1.127237e-10
2.000000e+01 2.789264e-07 5.549065e-11
2.062500e+01 1.462611e-07 2.736094e-11
2.125000e+01 7.665350e-08 1.350841e-11
2.187500e+01 4.019510e-08 6.684472e-12
2.250000e+01 2.108593e-08 3.314499e-12
2.312500e+01 1.103435e-08 1.642000e-12
2.375000e+01 5.791164e-09 8.170127e-13
2.437500e+01 3.058292e-09 4.096188e-13
2.500000e+01 1.601048e-09 2.038518e-13
2.750000e+01 1.082591e-10 1.139171e-14
3.000000e+01 3.851706e-11 3.405656e-15
3.250000e+01 2.193884e-11 1.652864e-15
3.500000e+01 4.560171e-12 2.962342e-16
3.750000e+01 2.288093e-11 1.294796e-15
4.000000e+01 2.825562e-11 1.405319e-15
4.250000e+01 8.436662e-12 3.716918e-16
4.500000e+01 9.198685e-12 3.614855e-16
4.750000e+01 1.459270e-11 5.146816e-16
5.000000e+01 0.000000e+00 0.000000e+00
