# 
# Output from RAtom program.
# 
# Total radial electron density.
# The first column contains radius $r$ in bohr units.
# The second column holds $\rho(r)$.
# The third column holds $\tilde{\rho}(r) = \rho(r) / (\pi * r * r)$
# 
# Use this file with gnuplot to create the plot.
# 
# R     Rho     RhoTilde
#
0.000000e+00 0.000000e+00 5.430101e+05
5.340576e-05 1.927404e-02 5.377577e+05
1.068115e-04 7.635044e-02 5.325562e+05
1.602173e-04 1.701269e-01 5.274050e+05
2.136230e-04 2.995224e-01 5.223038e+05
2.670288e-04 4.634771e-01 5.172520e+05
3.204346e-04 6.609518e-01 5.122491e+05
3.738403e-04 8.909278e-01 5.072947e+05
4.272461e-04 1.152406e+00 5.023884e+05
4.806519e-04 1.444408e+00 4.975296e+05
5.340576e-04 1.765974e+00 4.927179e+05
5.874634e-04 2.116164e+00 4.879528e+05
6.408691e-04 2.494055e+00 4.832340e+05
6.942749e-04 2.898746e+00 4.785610e+05
7.476807e-04 3.329350e+00 4.739333e+05
8.010864e-04 3.785000e+00 4.693505e+05
8.544922e-04 4.264848e+00 4.648122e+05
9.078979e-04 4.768062e+00 4.603180e+05
9.613037e-04 5.293825e+00 4.558674e+05
1.014709e-03 5.841341e+00 4.514600e+05
1.068115e-03 6.409826e+00 4.470954e+05
1.174927e-03 7.606661e+00 4.384929e+05
1.281738e-03 8.878396e+00 4.300569e+05
1.388550e-03 1.021934e+01 4.217841e+05
1.495361e-03 1.162405e+01 4.136713e+05
1.602173e-03 1.308731e+01 4.057156e+05
1.708984e-03 1.460411e+01 3.979139e+05
1.815796e-03 1.616969e+01 3.902634e+05
1.922607e-03 1.777948e+01 3.827612e+05
2.029419e-03 1.942909e+01 3.754043e+05
2.136230e-03 2.111437e+01 3.681901e+05
2.349854e-03 2.457616e+01 3.541789e+05
2.563477e-03 2.813512e+01 3.407063e+05
2.777100e-03 3.176422e+01 3.277520e+05
2.990723e-03 3.543898e+01 3.152965e+05
3.204346e-03 3.913729e+01 3.033207e+05
3.417969e-03 4.283920e+01 2.918067e+05
3.631592e-03 4.652682e+01 2.807369e+05
3.845215e-03 5.018417e+01 2.700944e+05
4.058838e-03 5.379699e+01 2.598632e+05
4.272461e-03 5.735270e+01 2.500275e+05
4.379272e-03 5.910560e+01 2.452533e+05
4.486084e-03 6.084017e+01 2.405724e+05
4.592896e-03 6.255525e+01 2.359830e+05
4.699707e-03 6.424973e+01 2.314834e+05
4.806519e-03 6.592261e+01 2.270719e+05
4.913330e-03 6.757296e+01 2.227466e+05
5.020142e-03 6.919990e+01 2.185061e+05
5.126953e-03 7.080264e+01 2.143487e+05
5.233765e-03 7.238045e+01 2.102728e+05
5.340576e-03 7.393266e+01 2.062767e+05
5.447388e-03 7.545866e+01 2.023591e+05
5.554199e-03 7.695791e+01 1.985183e+05
5.661011e-03 7.842991e+01 1.947529e+05
5.767822e-03 7.987422e+01 1.910614e+05
5.874634e-03 8.129045e+01 1.874425e+05
5.981445e-03 8.267826e+01 1.838947e+05
6.088257e-03 8.403736e+01 1.804167e+05
6.195068e-03 8.536750e+01 1.770070e+05
6.301880e-03 8.666846e+01 1.736645e+05
6.408691e-03 8.794009e+01 1.703877e+05
6.515503e-03 8.918226e+01 1.671755e+05
6.622314e-03 9.039487e+01 1.640266e+05
6.729126e-03 9.157787e+01 1.609398e+05
6.835938e-03 9.273124e+01 1.579138e+05
6.942749e-03 9.385500e+01 1.549475e+05
7.049561e-03 9.494917e+01 1.520398e+05
7.156372e-03 9.601383e+01 1.491894e+05
7.263184e-03 9.704908e+01 1.463954e+05
7.369995e-03 9.805503e+01 1.436566e+05
7.476807e-03 9.903185e+01 1.409720e+05
7.583618e-03 9.997969e+01 1.383404e+05
7.690430e-03 1.008987e+02 1.357609e+05
7.797241e-03 1.017892e+02 1.332325e+05
7.904053e-03 1.026514e+02 1.307541e+05
8.010864e-03 1.034855e+02 1.283249e+05
8.117676e-03 1.042918e+02 1.259438e+05
8.224487e-03 1.050705e+02 1.236099e+05
8.331299e-03 1.058220e+02 1.213223e+05
8.438110e-03 1.065466e+02 1.190802e+05
8.544922e-03 1.072446e+02 1.168825e+05
8.758545e-03 1.085623e+02 1.126174e+05
8.972168e-03 1.097779e+02 1.085201e+05
9.185791e-03 1.108944e+02 1.045844e+05
9.399414e-03 1.119150e+02 1.008038e+05
9.613037e-03 1.128430e+02 9.717251e+04
9.826660e-03 1.136816e+02 9.368469e+04
1.004028e-02 1.144345e+02 9.033480e+04
1.025391e-02 1.151049e+02 8.711750e+04
1.046753e-02 1.156966e+02 8.402765e+04
1.068115e-02 1.162129e+02 8.106031e+04
1.078796e-02 1.164440e+02 7.962109e+04
1.089478e-02 1.166575e+02 7.821073e+04
1.100159e-02 1.168541e+02 7.682866e+04
1.110840e-02 1.170340e+02 7.547433e+04
1.121521e-02 1.171978e+02 7.414719e+04
1.132202e-02 1.173458e+02 7.284671e+04
1.142883e-02 1.174786e+02 7.157235e+04
1.153564e-02 1.175966e+02 7.032362e+04
1.164246e-02 1.177002e+02 6.910000e+04
1.174927e-02 1.177898e+02 6.790100e+04
1.185608e-02 1.178658e+02 6.672613e+04
1.196289e-02 1.179288e+02 6.557491e+04
1.206970e-02 1.179791e+02 6.444689e+04
1.217651e-02 1.180171e+02 6.334160e+04
1.228333e-02 1.180432e+02 6.225859e+04
1.239014e-02 1.180579e+02 6.119742e+04
1.249695e-02 1.180616e+02 6.015767e+04
1.260376e-02 1.180547e+02 5.913889e+04
1.271057e-02 1.180375e+02 5.814069e+04
1.281738e-02 1.180106e+02 5.716265e+04
1.303101e-02 1.179287e+02 5.526545e+04
1.324463e-02 1.178121e+02 5.344420e+04
1.345825e-02 1.176639e+02 5.169591e+04
1.367188e-02 1.174869e+02 5.001769e+04
1.388550e-02 1.172840e+02 4.840677e+04
1.409912e-02 1.170579e+02 4.686050e+04
1.431274e-02 1.168113e+02 4.537632e+04
1.452637e-02 1.165467e+02 4.395176e+04
1.473999e-02 1.162667e+02 4.258444e+04
1.495361e-02 1.159735e+02 4.127211e+04
1.516724e-02 1.156696e+02 4.001255e+04
1.538086e-02 1.153570e+02 3.880368e+04
1.559448e-02 1.150380e+02 3.764345e+04
1.580811e-02 1.147145e+02 3.652992e+04
1.602173e-02 1.143885e+02 3.546122e+04
1.623535e-02 1.140618e+02 3.443554e+04
1.644897e-02 1.137362e+02 3.345116e+04
1.666260e-02 1.134134e+02 3.250640e+04
1.687622e-02 1.130948e+02 3.159967e+04
1.708984e-02 1.127822e+02 3.072942e+04
1.730347e-02 1.124768e+02 2.989418e+04
1.751709e-02 1.121799e+02 2.909252e+04
1.773071e-02 1.118929e+02 2.832308e+04
1.794434e-02 1.116170e+02 2.758453e+04
1.815796e-02 1.113531e+02 2.687562e+04
1.837158e-02 1.111025e+02 2.619514e+04
1.858521e-02 1.108659e+02 2.554190e+04
1.879883e-02 1.106443e+02 2.491480e+04
1.901245e-02 1.104385e+02 2.431276e+04
1.922607e-02 1.102492e+02 2.373473e+04
1.943970e-02 1.100772e+02 2.317973e+04
1.965332e-02 1.099230e+02 2.264680e+04
1.986694e-02 1.097872e+02 2.213501e+04
2.008057e-02 1.096703e+02 2.164349e+04
2.029419e-02 1.095728e+02 2.117139e+04
2.050781e-02 1.094950e+02 2.071789e+04
2.072144e-02 1.094372e+02 2.028222e+04
2.093506e-02 1.093998e+02 1.986362e+04
2.114868e-02 1.093830e+02 1.946137e+04
2.136230e-02 1.093869e+02 1.907477e+04
2.157593e-02 1.094118e+02 1.870317e+04
2.178955e-02 1.094576e+02 1.834592e+04
2.200317e-02 1.095245e+02 1.800242e+04
2.221680e-02 1.096125e+02 1.767207e+04
2.243042e-02 1.097215e+02 1.735430e+04
2.264404e-02 1.098516e+02 1.704859e+04
2.285767e-02 1.100025e+02 1.675440e+04
2.307129e-02 1.101742e+02 1.647124e+04
2.328491e-02 1.103665e+02 1.619863e+04
2.349854e-02 1.105792e+02 1.593610e+04
2.371216e-02 1.108122e+02 1.568323e+04
2.392578e-02 1.110651e+02 1.543958e+04
2.413940e-02 1.113377e+02 1.520475e+04
2.435303e-02 1.116298e+02 1.497836e+04
2.456665e-02 1.119409e+02 1.476002e+04
2.478027e-02 1.122708e+02 1.454939e+04
2.499390e-02 1.126191e+02 1.434611e+04
2.520752e-02 1.129855e+02 1.414987e+04
2.542114e-02 1.133695e+02 1.396035e+04
2.563477e-02 1.137708e+02 1.377724e+04
2.606201e-02 1.146234e+02 1.342912e+04
2.648926e-02 1.155398e+02 1.310334e+04
2.691650e-02 1.165164e+02 1.279793e+04
2.734375e-02 1.175493e+02 1.251106e+04
2.777100e-02 1.186347e+02 1.224105e+04
2.819824e-02 1.197684e+02 1.198639e+04
2.862549e-02 1.209464e+02 1.174566e+04
2.905273e-02 1.221647e+02 1.151760e+04
2.947998e-02 1.234190e+02 1.130103e+04
2.990723e-02 1.247054e+02 1.109489e+04
3.033447e-02 1.260196e+02 1.089821e+04
3.076172e-02 1.273576e+02 1.071011e+04
3.118896e-02 1.287155e+02 1.052977e+04
3.161621e-02 1.300893e+02 1.035648e+04
3.204346e-02 1.314752e+02 1.018956e+04
3.247070e-02 1.328695e+02 1.002841e+04
3.289795e-02 1.342686e+02 9.872493e+03
3.332520e-02 1.356688e+02 9.721311e+03
3.375244e-02 1.370669e+02 9.574420e+03
3.417969e-02 1.384596e+02 9.431419e+03
3.460693e-02 1.398437e+02 9.291949e+03
3.503418e-02 1.412162e+02 9.155685e+03
3.546143e-02 1.425743e+02 9.022337e+03
3.588867e-02 1.439153e+02 8.891647e+03
3.631592e-02 1.452365e+02 8.763383e+03
3.674316e-02 1.465355e+02 8.637339e+03
3.717041e-02 1.478102e+02 8.513335e+03
3.759766e-02 1.490582e+02 8.391208e+03
3.802490e-02 1.502777e+02 8.270817e+03
3.845215e-02 1.514668e+02 8.152039e+03
3.887939e-02 1.526237e+02 8.034765e+03
3.930664e-02 1.537470e+02 7.918901e+03
3.973389e-02 1.548352e+02 7.804366e+03
4.016113e-02 1.558869e+02 7.691091e+03
4.058838e-02 1.569012e+02 7.579018e+03
4.101562e-02 1.578768e+02 7.468095e+03
4.144287e-02 1.588130e+02 7.358284e+03
4.187012e-02 1.597089e+02 7.249550e+03
4.229736e-02 1.605640e+02 7.141866e+03
4.272461e-02 1.613776e+02 7.035211e+03
4.293823e-02 1.617687e+02 6.982265e+03
4.315186e-02 1.621493e+02 6.929571e+03
4.336548e-02 1.625194e+02 6.877127e+03
4.357910e-02 1.628789e+02 6.824933e+03
4.379272e-02 1.632278e+02 6.772988e+03
4.400635e-02 1.635661e+02 6.721290e+03
4.421997e-02 1.638937e+02 6.669841e+03
4.443359e-02 1.642107e+02 6.618640e+03
4.464722e-02 1.645171e+02 6.567686e+03
4.486084e-02 1.648129e+02 6.516980e+03
4.507446e-02 1.650980e+02 6.466523e+03
4.528809e-02 1.653725e+02 6.416314e+03
4.550171e-02 1.656365e+02 6.366354e+03
4.571533e-02 1.658899e+02 6.316644e+03
4.592896e-02 1.661329e+02 6.267185e+03
4.614258e-02 1.663653e+02 6.217978e+03
4.635620e-02 1.665873e+02 6.169023e+03
4.656982e-02 1.667990e+02 6.120322e+03
4.678345e-02 1.670003e+02 6.071875e+03
4.699707e-02 1.671913e+02 6.023684e+03
4.742432e-02 1.675428e+02 5.928075e+03
4.785156e-02 1.678540e+02 5.833504e+03
4.827881e-02 1.681254e+02 5.739982e+03
4.870605e-02 1.683579e+02 5.647519e+03
4.913330e-02 1.685520e+02 5.556127e+03
4.956055e-02 1.687085e+02 5.465816e+03
4.998779e-02 1.688283e+02 5.376597e+03
5.041504e-02 1.689122e+02 5.288481e+03
5.084229e-02 1.689611e+02 5.201478e+03
5.126953e-02 1.689759e+02 5.115597e+03
5.169678e-02 1.689577e+02 5.030847e+03
5.212402e-02 1.689073e+02 4.947237e+03
5.255127e-02 1.688259e+02 4.864775e+03
5.297852e-02 1.687144e+02 4.783467e+03
5.340576e-02 1.685740e+02 4.703320e+03
5.383301e-02 1.684057e+02 4.624339e+03
5.426025e-02 1.682106e+02 4.546529e+03
5.468750e-02 1.679899e+02 4.469894e+03
5.511475e-02 1.677447e+02 4.394437e+03
5.554199e-02 1.674760e+02 4.320160e+03
5.596924e-02 1.671851e+02 4.247065e+03
5.639648e-02 1.668731e+02 4.175152e+03
5.682373e-02 1.665410e+02 4.104421e+03
5.725098e-02 1.661902e+02 4.034871e+03
5.767822e-02 1.658216e+02 3.966500e+03
5.810547e-02 1.654364e+02 3.899305e+03
5.853271e-02 1.650358e+02 3.833284e+03
5.895996e-02 1.646208e+02 3.768431e+03
5.938721e-02 1.641926e+02 3.704742e+03
5.981445e-02 1.637523e+02 3.642212e+03
6.066895e-02 1.628394e+02 3.520600e+03
6.152344e-02 1.618907e+02 3.403539e+03
6.237793e-02 1.609143e+02 3.290961e+03
6.323242e-02 1.599181e+02 3.182790e+03
6.408691e-02 1.589096e+02 3.078942e+03
6.494141e-02 1.578960e+02 2.979325e+03
6.579590e-02 1.568842e+02 2.883843e+03
6.665039e-02 1.558804e+02 2.792392e+03
6.750488e-02 1.548909e+02 2.704865e+03
6.835938e-02 1.539210e+02 2.621151e+03
6.878662e-02 1.534452e+02 2.580687e+03
6.921387e-02 1.529761e+02 2.541134e+03
6.964111e-02 1.525145e+02 2.502476e+03
7.006836e-02 1.520609e+02 2.464699e+03
7.049561e-02 1.516158e+02 2.427787e+03
7.092285e-02 1.511797e+02 2.391726e+03
7.135010e-02 1.507532e+02 2.356500e+03
7.177734e-02 1.503365e+02 2.322094e+03
7.220459e-02 1.499303e+02 2.288494e+03
7.263184e-02 1.495348e+02 2.255684e+03
7.305908e-02 1.491505e+02 2.223649e+03
7.348633e-02 1.487776e+02 2.192374e+03
7.391357e-02 1.484166e+02 2.161844e+03
7.434082e-02 1.480678e+02 2.132043e+03
7.476807e-02 1.477313e+02 2.102957e+03
7.519531e-02 1.474075e+02 2.074571e+03
7.562256e-02 1.470967e+02 2.046870e+03
7.604980e-02 1.467989e+02 2.019839e+03
7.647705e-02 1.465144e+02 1.993463e+03
7.690430e-02 1.462434e+02 1.967729e+03
7.733154e-02 1.459860e+02 1.942621e+03
7.775879e-02 1.457423e+02 1.918125e+03
7.818604e-02 1.455125e+02 1.894227e+03
7.861328e-02 1.452966e+02 1.870913e+03
7.904053e-02 1.450946e+02 1.848170e+03
7.946777e-02 1.449067e+02 1.825982e+03
7.989502e-02 1.447329e+02 1.804338e+03
8.032227e-02 1.445731e+02 1.783223e+03
8.074951e-02 1.444273e+02 1.762624e+03
8.117676e-02 1.442956e+02 1.742528e+03
8.160400e-02 1.441778e+02 1.722922e+03
8.203125e-02 1.440739e+02 1.703793e+03
8.245850e-02 1.439839e+02 1.685130e+03
8.288574e-02 1.439077e+02 1.666919e+03
8.331299e-02 1.438451e+02 1.649148e+03
8.374023e-02 1.437960e+02 1.631806e+03
8.416748e-02 1.437603e+02 1.614881e+03
8.459473e-02 1.437379e+02 1.598361e+03
8.502197e-02 1.437286e+02 1.582235e+03
8.544922e-02 1.437322e+02 1.566491e+03
8.587646e-02 1.437485e+02 1.551119e+03
8.630371e-02 1.437774e+02 1.536109e+03
8.673096e-02 1.438187e+02 1.521448e+03
8.715820e-02 1.438721e+02 1.507128e+03
8.758545e-02 1.439374e+02 1.493138e+03
8.801270e-02 1.440144e+02 1.479468e+03
8.843994e-02 1.441029e+02 1.466108e+03
8.886719e-02 1.442025e+02 1.453049e+03
8.929443e-02 1.443132e+02 1.440281e+03
8.972168e-02 1.444345e+02 1.427796e+03
9.014893e-02 1.445662e+02 1.415584e+03
9.057617e-02 1.447081e+02 1.403637e+03
9.100342e-02 1.448598e+02 1.391947e+03
9.143066e-02 1.450211e+02 1.380504e+03
9.185791e-02 1.451918e+02 1.369301e+03
9.228516e-02 1.453714e+02 1.358330e+03
9.271240e-02 1.455597e+02 1.347583e+03
9.313965e-02 1.457564e+02 1.337053e+03
9.356689e-02 1.459612e+02 1.326732e+03
9.399414e-02 1.461738e+02 1.316613e+03
9.484863e-02 1.466211e+02 1.296953e+03
9.570312e-02 1.470957e+02 1.278021e+03
9.655762e-02 1.475952e+02 1.259764e+03
9.741211e-02 1.481169e+02 1.242135e+03
9.826660e-02 1.486584e+02 1.225089e+03
9.912109e-02 1.492170e+02 1.208582e+03
9.997559e-02 1.497902e+02 1.192574e+03
1.008301e-01 1.503755e+02 1.177028e+03
1.016846e-01 1.509704e+02 1.161908e+03
1.025391e-01 1.515724e+02 1.147180e+03
1.033936e-01 1.521792e+02 1.132814e+03
1.042480e-01 1.527884e+02 1.118780e+03
1.051025e-01 1.533976e+02 1.105051e+03
1.059570e-01 1.540047e+02 1.091603e+03
1.068115e-01 1.546074e+02 1.078411e+03
1.076660e-01 1.552037e+02 1.065454e+03
1.085205e-01 1.557914e+02 1.052713e+03
1.093750e-01 1.563687e+02 1.040169e+03
1.102295e-01 1.569337e+02 1.027805e+03
1.110840e-01 1.574844e+02 1.015605e+03
1.119385e-01 1.580193e+02 1.003556e+03
1.127930e-01 1.585367e+02 9.916444e+02
1.136475e-01 1.590351e+02 9.798589e+02
1.145020e-01 1.595129e+02 9.681889e+02
1.153564e-01 1.599688e+02 9.566249e+02
1.162109e-01 1.604015e+02 9.451586e+02
1.170654e-01 1.608099e+02 9.337823e+02
1.179199e-01 1.611928e+02 9.224896e+02
1.187744e-01 1.615492e+02 9.112744e+02
1.196289e-01 1.618782e+02 9.001320e+02
1.204834e-01 1.621789e+02 8.890578e+02
1.213379e-01 1.624505e+02 8.780482e+02
1.221924e-01 1.626925e+02 8.671002e+02
1.230469e-01 1.629041e+02 8.562113e+02
1.239014e-01 1.630849e+02 8.453796e+02
1.247559e-01 1.632345e+02 8.346035e+02
1.256104e-01 1.633525e+02 8.238820e+02
1.264648e-01 1.634386e+02 8.132146e+02
1.273193e-01 1.634926e+02 8.026008e+02
1.281738e-01 1.635145e+02 7.920409e+02
1.290283e-01 1.635040e+02 7.815352e+02
1.298828e-01 1.634613e+02 7.710843e+02
1.307373e-01 1.633865e+02 7.606891e+02
1.315918e-01 1.632796e+02 7.503508e+02
1.324463e-01 1.631408e+02 7.400706e+02
1.333008e-01 1.629704e+02 7.298499e+02
1.341553e-01 1.627688e+02 7.196905e+02
1.350098e-01 1.625362e+02 7.095940e+02
1.358643e-01 1.622732e+02 6.995623e+02
1.367188e-01 1.619801e+02 6.895973e+02
1.375732e-01 1.616574e+02 6.797009e+02
1.384277e-01 1.613058e+02 6.698752e+02
1.392822e-01 1.609258e+02 6.601223e+02
1.401367e-01 1.605180e+02 6.504442e+02
1.409912e-01 1.600831e+02 6.408430e+02
1.418457e-01 1.596219e+02 6.313209e+02
1.427002e-01 1.591349e+02 6.218798e+02
1.435547e-01 1.586231e+02 6.125220e+02
1.444092e-01 1.580871e+02 6.032494e+02
1.452637e-01 1.575278e+02 5.940641e+02
1.461182e-01 1.569460e+02 5.849679e+02
1.469727e-01 1.563426e+02 5.759627e+02
1.478271e-01 1.557184e+02 5.670504e+02
1.486816e-01 1.550743e+02 5.582327e+02
1.495361e-01 1.544112e+02 5.495114e+02
1.503906e-01 1.537301e+02 5.408881e+02
1.512451e-01 1.530317e+02 5.323642e+02
1.520996e-01 1.523171e+02 5.239413e+02
1.529541e-01 1.515872e+02 5.156208e+02
1.538086e-01 1.508429e+02 5.074039e+02
1.555176e-01 1.493149e+02 4.912858e+02
1.572266e-01 1.477405e+02 4.755957e+02
1.589355e-01 1.461273e+02 4.603406e+02
1.606445e-01 1.444825e+02 4.455265e+02
1.623535e-01 1.428135e+02 4.311576e+02
1.640625e-01 1.411273e+02 4.172368e+02
1.657715e-01 1.394309e+02 4.037657e+02
1.674805e-01 1.377308e+02 3.907446e+02
1.691895e-01 1.360336e+02 3.781724e+02
1.708984e-01 1.343454e+02 3.660469e+02
1.717529e-01 1.335065e+02 3.601506e+02
1.726074e-01 1.326720e+02 3.543648e+02
1.734619e-01 1.318427e+02 3.486887e+02
1.743164e-01 1.310191e+02 3.431217e+02
1.751709e-01 1.302019e+02 3.376631e+02
1.760254e-01 1.293918e+02 3.323122e+02
1.768799e-01 1.285894e+02 3.270682e+02
1.777344e-01 1.277952e+02 3.219302e+02
1.785889e-01 1.270098e+02 3.168972e+02
1.794434e-01 1.262337e+02 3.119684e+02
1.796570e-01 1.260412e+02 3.107524e+02
1.798706e-01 1.258493e+02 3.095428e+02
1.800842e-01 1.256581e+02 3.083395e+02
1.802979e-01 1.254675e+02 3.071427e+02
1.805115e-01 1.252775e+02 3.059523e+02
1.807251e-01 1.250882e+02 3.047682e+02
1.809387e-01 1.248996e+02 3.035905e+02
1.811523e-01 1.247117e+02 3.024191e+02
1.813660e-01 1.245244e+02 3.012541e+02
1.815796e-01 1.243378e+02 3.000953e+02
1.816864e-01 1.242447e+02 2.995182e+02
1.817932e-01 1.241519e+02 2.989428e+02
1.819000e-01 1.240592e+02 2.983689e+02
1.820068e-01 1.239667e+02 2.977965e+02
1.821136e-01 1.238743e+02 2.972258e+02
1.822205e-01 1.237822e+02 2.966565e+02
1.823273e-01 1.236902e+02 2.960889e+02
1.824341e-01 1.235984e+02 2.955228e+02
1.825409e-01 1.235068e+02 2.949582e+02
1.826477e-01 1.234153e+02 2.943952e+02
1.827545e-01 1.233240e+02 2.938337e+02
1.828613e-01 1.232330e+02 2.932738e+02
1.829681e-01 1.231421e+02 2.927155e+02
1.830750e-01 1.230514e+02 2.921586e+02
1.831818e-01 1.229608e+02 2.916033e+02
1.832886e-01 1.228705e+02 2.910496e+02
1.833954e-01 1.227804e+02 2.904974e+02
1.835022e-01 1.226904e+02 2.899467e+02
1.836090e-01 1.226006e+02 2.893975e+02
1.837158e-01 1.225110e+02 2.888499e+02
1.841431e-01 1.221546e+02 2.866746e+02
1.845703e-01 1.218012e+02 2.845235e+02
1.849976e-01 1.214510e+02 2.823965e+02
1.854248e-01 1.211040e+02 2.802934e+02
1.858521e-01 1.207602e+02 2.782141e+02
1.862793e-01 1.204196e+02 2.761584e+02
1.867065e-01 1.200824e+02 2.741261e+02
1.871338e-01 1.197485e+02 2.721171e+02
1.875610e-01 1.194181e+02 2.701313e+02
1.879883e-01 1.190910e+02 2.681684e+02
1.888428e-01 1.184474e+02 2.643109e+02
1.896973e-01 1.178180e+02 2.605431e+02
1.905518e-01 1.172030e+02 2.568639e+02
1.914062e-01 1.166028e+02 2.532717e+02
1.922607e-01 1.160174e+02 2.497653e+02
1.931152e-01 1.154472e+02 2.463431e+02
1.939697e-01 1.148923e+02 2.430038e+02
1.948242e-01 1.143529e+02 2.397460e+02
1.956787e-01 1.138291e+02 2.365681e+02
1.965332e-01 1.133211e+02 2.334689e+02
1.973877e-01 1.128289e+02 2.304467e+02
1.982422e-01 1.123528e+02 2.275002e+02
1.990967e-01 1.118927e+02 2.246279e+02
1.999512e-01 1.114487e+02 2.218284e+02
2.008057e-01 1.110208e+02 2.191002e+02
2.016602e-01 1.106092e+02 2.164418e+02
2.025146e-01 1.102137e+02 2.138518e+02
2.033691e-01 1.098345e+02 2.113288e+02
2.042236e-01 1.094714e+02 2.088713e+02
2.050781e-01 1.091244e+02 2.064778e+02
2.059326e-01 1.087936e+02 2.041470e+02
2.067871e-01 1.084787e+02 2.018775e+02
2.076416e-01 1.081799e+02 1.996677e+02
2.084961e-01 1.078969e+02 1.975164e+02
2.093506e-01 1.076297e+02 1.954221e+02
2.102051e-01 1.073781e+02 1.933835e+02
2.110596e-01 1.071420e+02 1.913991e+02
2.119141e-01 1.069214e+02 1.894677e+02
2.127686e-01 1.067160e+02 1.875879e+02
2.136230e-01 1.065257e+02 1.857583e+02
2.144775e-01 1.063503e+02 1.839777e+02
2.153320e-01 1.061897e+02 1.822448e+02
2.161865e-01 1.060436e+02 1.805582e+02
2.170410e-01 1.059118e+02 1.789168e+02
2.178955e-01 1.057943e+02 1.773192e+02
2.187500e-01 1.056907e+02 1.757643e+02
2.196045e-01 1.056008e+02 1.742508e+02
2.204590e-01 1.055244e+02 1.727775e+02
2.213135e-01 1.054612e+02 1.713433e+02
2.221680e-01 1.054111e+02 1.699470e+02
2.230225e-01 1.053737e+02 1.685875e+02
2.238770e-01 1.053489e+02 1.672636e+02
2.247314e-01 1.053364e+02 1.659743e+02
2.255859e-01 1.053358e+02 1.647184e+02
2.264404e-01 1.053469e+02 1.634949e+02
2.272949e-01 1.053696e+02 1.623027e+02
2.281494e-01 1.054034e+02 1.611409e+02
2.290039e-01 1.054481e+02 1.600085e+02
2.298584e-01 1.055034e+02 1.589043e+02
2.307129e-01 1.055690e+02 1.578276e+02
2.315674e-01 1.056447e+02 1.567773e+02
2.324219e-01 1.057301e+02 1.557524e+02
2.332764e-01 1.058250e+02 1.547522e+02
2.341309e-01 1.059290e+02 1.537757e+02
2.349854e-01 1.060419e+02 1.528221e+02
2.358398e-01 1.061633e+02 1.518904e+02
2.366943e-01 1.062930e+02 1.509799e+02
2.375488e-01 1.064307e+02 1.500898e+02
2.384033e-01 1.065760e+02 1.492192e+02
2.392578e-01 1.067286e+02 1.483675e+02
2.426758e-01 1.074067e+02 1.451338e+02
2.460938e-01 1.081783e+02 1.421441e+02
2.495117e-01 1.090244e+02 1.393580e+02
2.529297e-01 1.099266e+02 1.367393e+02
2.563477e-01 1.108670e+02 1.342560e+02
2.597656e-01 1.118284e+02 1.318800e+02
2.631836e-01 1.127948e+02 1.295871e+02
2.666016e-01 1.137509e+02 1.273560e+02
2.700195e-01 1.146825e+02 1.251691e+02
2.734375e-01 1.155768e+02 1.230112e+02
2.751465e-01 1.160061e+02 1.219391e+02
2.768555e-01 1.164217e+02 1.208698e+02
2.785645e-01 1.168222e+02 1.198020e+02
2.802734e-01 1.172065e+02 1.187348e+02
2.819824e-01 1.175734e+02 1.176672e+02
2.836914e-01 1.179219e+02 1.165983e+02
2.854004e-01 1.182508e+02 1.155274e+02
2.871094e-01 1.185593e+02 1.144540e+02
2.888184e-01 1.188465e+02 1.133775e+02
2.905273e-01 1.191116e+02 1.122975e+02
2.922363e-01 1.193538e+02 1.112137e+02
2.939453e-01 1.195726e+02 1.101257e+02
2.956543e-01 1.197673e+02 1.090336e+02
2.973633e-01 1.199374e+02 1.079370e+02
2.990723e-01 1.200825e+02 1.068360e+02
3.007812e-01 1.202020e+02 1.057305e+02
3.024902e-01 1.202957e+02 1.046207e+02
3.041992e-01 1.203633e+02 1.035066e+02
3.059082e-01 1.204045e+02 1.023884e+02
3.076172e-01 1.204192e+02 1.012663e+02
3.093262e-01 1.204073e+02 1.001405e+02
3.110352e-01 1.203686e+02 9.901125e+01
3.127441e-01 1.203032e+02 9.787890e+01
3.144531e-01 1.202111e+02 9.674375e+01
3.161621e-01 1.200923e+02 9.560615e+01
3.178711e-01 1.199470e+02 9.446644e+01
3.195801e-01 1.197753e+02 9.332502e+01
3.212891e-01 1.195774e+02 9.218229e+01
3.229980e-01 1.193536e+02 9.103865e+01
3.247070e-01 1.191040e+02 8.989453e+01
3.264160e-01 1.188291e+02 8.875035e+01
3.281250e-01 1.185291e+02 8.760655e+01
3.298340e-01 1.182044e+02 8.646356e+01
3.315430e-01 1.178554e+02 8.532183e+01
3.332520e-01 1.174826e+02 8.418180e+01
3.349609e-01 1.170863e+02 8.304390e+01
3.366699e-01 1.166670e+02 8.190859e+01
3.383789e-01 1.162252e+02 8.077629e+01
3.400879e-01 1.157615e+02 7.964743e+01
3.417969e-01 1.152763e+02 7.852244e+01
3.435059e-01 1.147701e+02 7.740175e+01
3.452148e-01 1.142437e+02 7.628575e+01
3.469238e-01 1.136975e+02 7.517486e+01
3.486328e-01 1.131320e+02 7.406947e+01
3.503418e-01 1.125480e+02 7.296996e+01
3.520508e-01 1.119460e+02 7.187672e+01
3.537598e-01 1.113267e+02 7.079009e+01
3.554688e-01 1.106905e+02 6.971044e+01
3.571777e-01 1.100383e+02 6.863810e+01
3.588867e-01 1.093706e+02 6.757342e+01
3.593140e-01 1.092013e+02 6.730848e+01
3.597412e-01 1.090311e+02 6.704404e+01
3.601685e-01 1.088600e+02 6.678011e+01
3.605957e-01 1.086880e+02 6.651670e+01
3.610229e-01 1.085151e+02 6.625380e+01
3.614502e-01 1.083414e+02 6.599142e+01
3.618774e-01 1.081667e+02 6.572956e+01
3.623047e-01 1.079912e+02 6.546824e+01
3.627319e-01 1.078149e+02 6.520746e+01
3.631592e-01 1.076377e+02 6.494721e+01
3.633728e-01 1.075488e+02 6.481729e+01
3.635864e-01 1.074597e+02 6.468751e+01
3.638000e-01 1.073704e+02 6.455786e+01
3.640137e-01 1.072809e+02 6.442836e+01
3.642273e-01 1.071912e+02 6.429899e+01
3.644409e-01 1.071012e+02 6.416976e+01
3.646545e-01 1.070111e+02 6.404066e+01
3.648682e-01 1.069208e+02 6.391171e+01
3.650818e-01 1.068303e+02 6.378290e+01
3.652954e-01 1.067396e+02 6.365423e+01
3.655090e-01 1.066487e+02 6.352570e+01
3.657227e-01 1.065576e+02 6.339731e+01
3.659363e-01 1.064663e+02 6.326907e+01
3.661499e-01 1.063748e+02 6.314096e+01
3.663635e-01 1.062832e+02 6.301300e+01
3.665771e-01 1.061913e+02 6.288519e+01
3.667908e-01 1.060993e+02 6.275752e+01
3.670044e-01 1.060070e+02 6.262999e+01
3.672180e-01 1.059146e+02 6.250261e+01
3.674316e-01 1.058220e+02 6.237537e+01
3.682861e-01 1.054499e+02 6.186790e+01
3.691406e-01 1.050748e+02 6.136280e+01
3.699951e-01 1.046971e+02 6.086009e+01
3.708496e-01 1.043166e+02 6.035982e+01
3.717041e-01 1.039336e+02 5.986201e+01
3.725586e-01 1.035480e+02 5.936668e+01
3.734131e-01 1.031600e+02 5.887386e+01
3.742676e-01 1.027697e+02 5.838358e+01
3.751221e-01 1.023771e+02 5.789587e+01
3.759766e-01 1.019822e+02 5.741074e+01
3.793945e-01 1.003825e+02 5.549655e+01
3.828125e-01 9.875371e+01 5.362550e+01
3.862305e-01 9.710066e+01 5.179875e+01
3.896484e-01 9.542803e+01 5.001730e+01
3.930664e-01 9.374034e+01 4.828195e+01
3.964844e-01 9.204196e+01 4.659334e+01
3.999023e-01 9.033711e+01 4.495194e+01
4.033203e-01 8.862982e+01 4.335806e+01
4.067383e-01 8.692394e+01 4.181186e+01
4.101562e-01 8.522313e+01 4.031336e+01
4.118652e-01 8.437572e+01 3.958197e+01
4.135742e-01 8.353086e+01 3.886245e+01
4.152832e-01 8.268897e+01 3.815478e+01
4.169922e-01 8.185042e+01 3.745892e+01
4.187012e-01 8.101560e+01 3.677481e+01
4.204102e-01 8.018487e+01 3.610241e+01
4.221191e-01 7.935859e+01 3.544165e+01
4.238281e-01 7.853710e+01 3.479249e+01
4.255371e-01 7.772073e+01 3.415483e+01
4.272461e-01 7.690979e+01 3.352861e+01
4.289551e-01 7.610460e+01 3.291375e+01
4.306641e-01 7.530544e+01 3.231017e+01
4.323730e-01 7.451260e+01 3.171777e+01
4.340820e-01 7.372633e+01 3.113645e+01
4.357910e-01 7.294691e+01 3.056613e+01
4.375000e-01 7.217458e+01 3.000670e+01
4.392090e-01 7.140956e+01 2.945805e+01
4.409180e-01 7.065208e+01 2.892008e+01
4.426270e-01 6.990236e+01 2.839267e+01
4.443359e-01 6.916059e+01 2.787571e+01
4.451904e-01 6.879275e+01 2.762111e+01
4.460449e-01 6.842697e+01 2.736908e+01
4.468994e-01 6.806326e+01 2.711960e+01
4.477539e-01 6.770166e+01 2.687266e+01
4.486084e-01 6.734218e+01 2.662824e+01
4.494629e-01 6.698484e+01 2.638633e+01
4.503174e-01 6.662966e+01 2.614691e+01
4.511719e-01 6.627666e+01 2.590996e+01
4.520264e-01 6.592586e+01 2.567547e+01
4.528809e-01 6.557728e+01 2.544343e+01
4.537354e-01 6.523092e+01 2.521381e+01
4.545898e-01 6.488682e+01 2.498660e+01
4.554443e-01 6.454498e+01 2.476179e+01
4.562988e-01 6.420542e+01 2.453935e+01
4.571533e-01 6.386815e+01 2.431928e+01
4.580078e-01 6.353319e+01 2.410155e+01
4.588623e-01 6.320055e+01 2.388615e+01
4.597168e-01 6.287024e+01 2.367306e+01
4.605713e-01 6.254227e+01 2.346227e+01
4.614258e-01 6.221666e+01 2.325376e+01
4.631348e-01 6.157255e+01 2.284349e+01
4.648438e-01 6.093799e+01 2.244214e+01
4.665527e-01 6.031304e+01 2.204956e+01
4.682617e-01 5.969777e+01 2.166561e+01
4.699707e-01 5.909224e+01 2.129016e+01
4.716797e-01 5.849648e+01 2.092308e+01
4.733887e-01 5.791055e+01 2.056421e+01
4.750977e-01 5.733446e+01 2.021343e+01
4.768066e-01 5.676825e+01 1.987060e+01
4.785156e-01 5.621193e+01 1.953558e+01
4.802246e-01 5.566550e+01 1.920823e+01
4.819336e-01 5.512897e+01 1.888842e+01
4.836426e-01 5.460234e+01 1.857601e+01
4.853516e-01 5.408559e+01 1.827085e+01
4.870605e-01 5.357871e+01 1.797283e+01
4.887695e-01 5.308167e+01 1.768180e+01
4.904785e-01 5.259445e+01 1.739763e+01
4.921875e-01 5.211700e+01 1.712018e+01
4.938965e-01 5.164930e+01 1.684933e+01
4.956055e-01 5.119128e+01 1.658494e+01
4.973145e-01 5.074292e+01 1.632689e+01
4.990234e-01 5.030414e+01 1.607504e+01
5.007324e-01 4.987488e+01 1.582926e+01
5.024414e-01 4.945509e+01 1.558943e+01
5.041504e-01 4.904470e+01 1.535543e+01
5.058594e-01 4.864363e+01 1.512713e+01
5.075684e-01 4.825180e+01 1.490440e+01
5.092773e-01 4.786914e+01 1.468713e+01
5.109863e-01 4.749555e+01 1.447520e+01
5.126953e-01 4.713097e+01 1.426848e+01
5.144043e-01 4.677528e+01 1.406687e+01
5.161133e-01 4.642840e+01 1.387023e+01
5.178223e-01 4.609023e+01 1.367847e+01
5.195312e-01 4.576068e+01 1.349147e+01
5.212402e-01 4.543963e+01 1.330911e+01
5.229492e-01 4.512700e+01 1.313129e+01
5.246582e-01 4.482265e+01 1.295790e+01
5.263672e-01 4.452650e+01 1.278884e+01
5.280762e-01 4.423843e+01 1.262399e+01
5.297852e-01 4.395833e+01 1.246326e+01
5.314941e-01 4.368607e+01 1.230655e+01
5.332031e-01 4.342155e+01 1.215374e+01
5.349121e-01 4.316465e+01 1.200476e+01
5.366211e-01 4.291524e+01 1.185950e+01
5.383301e-01 4.267322e+01 1.171786e+01
5.400391e-01 4.243845e+01 1.157975e+01
5.417480e-01 4.221081e+01 1.144509e+01
5.434570e-01 4.199019e+01 1.131377e+01
5.451660e-01 4.177645e+01 1.118572e+01
5.468750e-01 4.156948e+01 1.106085e+01
5.485840e-01 4.136913e+01 1.093907e+01
5.502930e-01 4.117530e+01 1.082029e+01
5.520020e-01 4.098786e+01 1.070445e+01
5.537109e-01 4.080668e+01 1.059144e+01
5.554199e-01 4.063162e+01 1.048121e+01
5.571289e-01 4.046257e+01 1.037367e+01
5.588379e-01 4.029941e+01 1.026874e+01
5.605469e-01 4.014199e+01 1.016635e+01
5.622559e-01 3.999020e+01 1.006644e+01
5.639648e-01 3.984391e+01 9.968917e+00
5.656738e-01 3.970299e+01 9.873728e+00
5.673828e-01 3.956732e+01 9.780801e+00
5.690918e-01 3.943677e+01 9.690069e+00
5.708008e-01 3.931122e+01 9.601467e+00
5.725098e-01 3.919055e+01 9.514933e+00
5.742188e-01 3.907463e+01 9.430404e+00
5.759277e-01 3.896334e+01 9.347820e+00
5.776367e-01 3.885656e+01 9.267122e+00
5.793457e-01 3.875416e+01 9.188252e+00
5.810547e-01 3.865603e+01 9.111153e+00
5.844727e-01 3.847209e+01 8.962054e+00
5.878906e-01 3.830380e+01 8.819398e+00
5.913086e-01 3.815024e+01 8.682784e+00
5.947266e-01 3.801049e+01 8.551828e+00
5.981445e-01 3.788368e+01 8.426166e+00
6.015625e-01 3.776893e+01 8.305452e+00
6.049805e-01 3.766540e+01 8.189360e+00
6.083984e-01 3.757226e+01 8.077580e+00
6.118164e-01 3.748871e+01 7.969818e+00
6.152344e-01 3.741398e+01 7.865800e+00
6.220703e-01 3.728797e+01 7.667962e+00
6.289062e-01 3.718848e+01 7.482155e+00
6.357422e-01 3.711014e+01 7.306690e+00
6.425781e-01 3.704801e+01 7.140081e+00
6.494141e-01 3.699752e+01 6.981027e+00
6.562500e-01 3.695448e+01 6.828394e+00
6.630859e-01 3.691511e+01 6.681203e+00
6.699219e-01 3.687600e+01 6.538612e+00
6.767578e-01 3.683407e+01 6.399902e+00
6.835938e-01 3.678663e+01 6.264466e+00
6.870117e-01 3.676009e+01 6.197812e+00
6.904297e-01 3.673130e+01 6.131794e+00
6.938477e-01 3.670002e+01 6.066360e+00
6.972656e-01 3.666601e+01 6.001465e+00
7.006836e-01 3.662907e+01 5.937069e+00
7.041016e-01 3.658900e+01 5.873135e+00
7.075195e-01 3.654562e+01 5.809631e+00
7.109375e-01 3.649877e+01 5.746529e+00
7.143555e-01 3.644832e+01 5.683802e+00
7.177734e-01 3.639413e+01 5.621428e+00
7.186279e-01 3.637998e+01 5.605888e+00
7.194824e-01 3.636559e+01 5.590368e+00
7.203369e-01 3.635096e+01 5.574869e+00
7.211914e-01 3.633608e+01 5.559390e+00
7.220459e-01 3.632095e+01 5.543930e+00
7.229004e-01 3.630558e+01 5.528491e+00
7.237549e-01 3.628995e+01 5.513070e+00
7.246094e-01 3.627408e+01 5.497669e+00
7.254639e-01 3.625795e+01 5.482287e+00
7.263184e-01 3.624156e+01 5.466924e+00
7.271729e-01 3.622493e+01 5.451579e+00
7.280273e-01 3.620803e+01 5.436253e+00
7.288818e-01 3.619088e+01 5.420945e+00
7.297363e-01 3.617347e+01 5.405656e+00
7.305908e-01 3.615580e+01 5.390384e+00
7.314453e-01 3.613787e+01 5.375130e+00
7.322998e-01 3.611968e+01 5.359894e+00
7.331543e-01 3.610123e+01 5.344676e+00
7.340088e-01 3.608252e+01 5.329475e+00
7.348633e-01 3.606354e+01 5.314292e+00
7.365723e-01 3.602479e+01 5.283976e+00
7.382812e-01 3.598498e+01 5.253729e+00
7.399902e-01 3.594410e+01 5.223550e+00
7.416992e-01 3.590215e+01 5.193438e+00
7.434082e-01 3.585913e+01 5.163393e+00
7.451172e-01 3.581504e+01 5.133415e+00
7.468262e-01 3.576986e+01 5.103503e+00
7.485352e-01 3.572361e+01 5.073657e+00
7.502441e-01 3.567628e+01 5.043877e+00
7.519531e-01 3.562788e+01 5.014164e+00
7.553711e-01 3.552783e+01 4.954937e+00
7.587891e-01 3.542349e+01 4.895976e+00
7.622070e-01 3.531486e+01 4.837286e+00
7.656250e-01 3.520199e+01 4.778869e+00
7.690430e-01 3.508490e+01 4.720730e+00
7.724609e-01 3.496364e+01 4.662874e+00
7.758789e-01 3.483825e+01 4.605307e+00
7.792969e-01 3.470880e+01 4.548036e+00
7.827148e-01 3.457535e+01 4.491067e+00
7.861328e-01 3.443795e+01 4.434407e+00
7.895508e-01 3.429668e+01 4.378064e+00
7.929688e-01 3.415163e+01 4.322046e+00
7.963867e-01 3.400286e+01 4.266361e+00
7.998047e-01 3.385047e+01 4.211017e+00
8.032227e-01 3.369454e+01 4.156022e+00
8.066406e-01 3.353517e+01 4.101384e+00
8.100586e-01 3.337244e+01 4.047112e+00
8.134766e-01 3.320646e+01 3.993215e+00
8.168945e-01 3.303733e+01 3.939699e+00
8.203125e-01 3.286514e+01 3.886575e+00
8.271484e-01 3.251203e+01 3.781528e+00
8.339844e-01 3.214798e+01 3.678137e+00
8.408203e-01 3.177384e+01 3.576461e+00
8.476562e-01 3.139050e+01 3.476553e+00
8.544922e-01 3.099885e+01 3.378465e+00
8.613281e-01 3.059975e+01 3.282243e+00
8.681641e-01 3.019408e+01 3.187927e+00
8.750000e-01 2.978272e+01 3.095554e+00
8.818359e-01 2.936650e+01 3.005154e+00
8.886719e-01 2.894626e+01 2.916754e+00
8.903809e-01 2.884067e+01 2.894969e+00
8.920898e-01 2.873489e+01 2.873310e+00
8.937988e-01 2.862893e+01 2.851778e+00
8.955078e-01 2.852282e+01 2.830374e+00
8.972168e-01 2.841655e+01 2.809096e+00
8.989258e-01 2.831014e+01 2.787946e+00
9.006348e-01 2.820360e+01 2.766924e+00
9.023438e-01 2.809695e+01 2.746030e+00
9.040527e-01 2.799019e+01 2.725264e+00
9.057617e-01 2.788335e+01 2.704625e+00
9.074707e-01 2.777642e+01 2.684115e+00
9.091797e-01 2.766942e+01 2.663734e+00
9.108887e-01 2.756237e+01 2.643480e+00
9.125977e-01 2.745527e+01 2.623356e+00
9.143066e-01 2.734813e+01 2.603359e+00
9.160156e-01 2.724097e+01 2.583491e+00
9.177246e-01 2.713380e+01 2.563752e+00
9.194336e-01 2.702662e+01 2.544141e+00
9.211426e-01 2.691945e+01 2.524658e+00
9.228516e-01 2.681230e+01 2.505304e+00
9.262695e-01 2.659809e+01 2.466981e+00
9.296875e-01 2.638408e+01 2.429171e+00
9.331055e-01 2.617034e+01 2.391872e+00
9.365234e-01 2.595695e+01 2.355084e+00
9.399414e-01 2.574399e+01 2.318806e+00
9.433594e-01 2.553152e+01 2.283035e+00
9.467773e-01 2.531963e+01 2.247769e+00
9.501953e-01 2.510837e+01 2.213008e+00
9.536133e-01 2.489783e+01 2.178748e+00
9.570312e-01 2.468805e+01 2.144987e+00
9.638672e-01 2.427106e+01 2.078952e+00
9.707031e-01 2.385788e+01 2.014879e+00
9.775391e-01 2.344895e+01 1.952744e+00
9.843750e-01 2.304469e+01 1.892517e+00
9.912109e-01 2.264548e+01 1.834169e+00
9.980469e-01 2.225167e+01 1.777668e+00
1.004883e+00 2.186357e+01 1.722980e+00
1.011719e+00 2.148148e+01 1.670070e+00
1.018555e+00 2.110566e+01 1.618901e+00
1.025391e+00 2.073634e+01 1.569436e+00
1.032227e+00 2.037373e+01 1.521635e+00
1.039062e+00 2.001800e+01 1.475460e+00
1.045898e+00 1.966932e+01 1.430871e+00
1.052734e+00 1.932782e+01 1.387827e+00
1.059570e+00 1.899360e+01 1.346287e+00
1.066406e+00 1.866675e+01 1.306211e+00
1.073242e+00 1.834734e+01 1.267558e+00
1.080078e+00 1.803543e+01 1.230287e+00
1.086914e+00 1.773103e+01 1.194356e+00
1.093750e+00 1.743417e+01 1.159725e+00
1.100586e+00 1.714483e+01 1.126355e+00
1.107422e+00 1.686300e+01 1.094205e+00
1.114258e+00 1.658864e+01 1.063236e+00
1.121094e+00 1.632172e+01 1.033409e+00
1.127930e+00 1.606217e+01 1.004686e+00
1.134766e+00 1.580991e+01 9.770285e-01
1.141602e+00 1.556488e+01 9.504006e-01
1.148438e+00 1.532697e+01 9.247657e-01
1.155273e+00 1.509609e+01 9.000883e-01
1.162109e+00 1.487214e+01 8.763338e-01
1.168945e+00 1.465499e+01 8.534682e-01
1.175781e+00 1.444453e+01 8.314585e-01
1.182617e+00 1.424063e+01 8.102724e-01
1.189453e+00 1.404316e+01 7.898785e-01
1.196289e+00 1.385198e+01 7.702463e-01
1.203125e+00 1.366694e+01 7.513461e-01
1.209961e+00 1.348792e+01 7.331490e-01
1.216797e+00 1.331475e+01 7.156272e-01
1.223633e+00 1.314729e+01 6.987535e-01
1.230469e+00 1.298538e+01 6.825017e-01
1.237305e+00 1.282889e+01 6.668464e-01
1.244141e+00 1.267764e+01 6.517629e-01
1.250977e+00 1.253149e+01 6.372276e-01
1.257812e+00 1.239029e+01 6.232175e-01
1.264648e+00 1.225387e+01 6.097105e-01
1.271484e+00 1.212208e+01 5.966853e-01
1.278320e+00 1.199478e+01 5.841214e-01
1.285156e+00 1.187181e+01 5.719988e-01
1.291992e+00 1.175301e+01 5.602987e-01
1.298828e+00 1.163825e+01 5.490025e-01
1.305664e+00 1.152736e+01 5.380928e-01
1.312500e+00 1.142021e+01 5.275526e-01
1.319336e+00 1.131666e+01 5.173655e-01
1.326172e+00 1.121655e+01 5.075161e-01
1.333008e+00 1.111976e+01 4.979893e-01
1.339844e+00 1.102614e+01 4.887707e-01
1.346680e+00 1.093556e+01 4.798467e-01
1.353516e+00 1.084789e+01 4.712041e-01
1.360352e+00 1.076301e+01 4.628302e-01
1.367188e+00 1.068079e+01 4.547129e-01
1.374023e+00 1.060110e+01 4.468408e-01
1.380859e+00 1.052383e+01 4.392027e-01
1.387695e+00 1.044886e+01 4.317882e-01
1.394531e+00 1.037608e+01 4.245871e-01
1.401367e+00 1.030537e+01 4.175899e-01
1.408203e+00 1.023664e+01 4.107873e-01
1.415039e+00 1.016978e+01 4.041707e-01
1.421875e+00 1.010469e+01 3.977316e-01
1.428711e+00 1.004126e+01 3.914622e-01
1.435547e+00 9.979421e+00 3.853547e-01
1.438965e+00 9.949062e+00 3.823595e-01
1.442383e+00 9.919064e+00 3.794021e-01
1.445801e+00 9.889416e+00 3.764817e-01
1.449219e+00 9.860108e+00 3.735975e-01
1.452637e+00 9.831128e+00 3.707485e-01
1.456055e+00 9.802466e+00 3.679342e-01
1.459473e+00 9.774113e+00 3.651536e-01
1.462891e+00 9.746059e+00 3.624061e-01
1.466309e+00 9.718294e+00 3.596909e-01
1.469727e+00 9.690808e+00 3.570072e-01
1.473145e+00 9.663592e+00 3.543545e-01
1.476562e+00 9.636637e+00 3.517321e-01
1.479980e+00 9.609934e+00 3.491392e-01
1.483398e+00 9.583474e+00 3.465752e-01
1.486816e+00 9.557249e+00 3.440395e-01
1.490234e+00 9.531250e+00 3.415315e-01
1.493652e+00 9.505469e+00 3.390507e-01
1.497070e+00 9.479897e+00 3.365963e-01
1.500488e+00 9.454528e+00 3.341679e-01
1.503906e+00 9.429353e+00 3.317649e-01
1.517578e+00 9.330447e+00 3.223966e-01
1.531250e+00 9.234074e+00 3.133944e-01
1.544922e+00 9.139820e+00 3.047297e-01
1.558594e+00 9.047307e+00 2.963764e-01
1.572266e+00 8.956197e+00 2.883115e-01
1.585938e+00 8.866185e+00 2.805142e-01
1.599609e+00 8.777001e+00 2.729659e-01
1.613281e+00 8.688405e+00 2.656501e-01
1.626953e+00 8.600188e+00 2.585521e-01
1.640625e+00 8.512167e+00 2.516585e-01
1.654297e+00 8.424184e+00 2.449577e-01
1.667969e+00 8.336106e+00 2.384391e-01
1.681641e+00 8.247821e+00 2.320935e-01
1.695312e+00 8.159237e+00 2.259125e-01
1.708984e+00 8.070283e+00 2.198886e-01
1.722656e+00 7.980900e+00 2.140153e-01
1.736328e+00 7.891049e+00 2.082866e-01
1.750000e+00 7.800702e+00 2.026972e-01
1.763672e+00 7.709846e+00 1.972424e-01
1.777344e+00 7.618477e+00 1.919179e-01
1.780762e+00 7.595556e+00 1.906067e-01
1.784180e+00 7.572603e+00 1.893033e-01
1.787598e+00 7.549619e+00 1.880077e-01
1.791016e+00 7.526603e+00 1.867198e-01
1.794434e+00 7.503558e+00 1.854396e-01
1.797852e+00 7.480482e+00 1.841671e-01
1.801270e+00 7.457376e+00 1.829021e-01
1.804688e+00 7.434241e+00 1.816447e-01
1.808105e+00 7.411076e+00 1.803948e-01
1.811523e+00 7.387883e+00 1.791522e-01
1.814941e+00 7.364662e+00 1.779171e-01
1.818359e+00 7.341414e+00 1.766894e-01
1.821777e+00 7.318138e+00 1.754689e-01
1.825195e+00 7.294836e+00 1.742557e-01
1.828613e+00 7.271508e+00 1.730497e-01
1.832031e+00 7.248154e+00 1.718509e-01
1.835449e+00 7.224775e+00 1.706592e-01
1.838867e+00 7.201373e+00 1.694746e-01
1.842285e+00 7.177947e+00 1.682971e-01
1.845703e+00 7.154498e+00 1.671266e-01
1.852539e+00 7.107535e+00 1.648065e-01
1.859375e+00 7.060489e+00 1.625141e-01
1.866211e+00 7.013366e+00 1.602490e-01
1.873047e+00 6.966174e+00 1.580109e-01
1.879883e+00 6.918917e+00 1.557997e-01
1.886719e+00 6.871603e+00 1.536151e-01
1.893555e+00 6.824239e+00 1.514568e-01
1.900391e+00 6.776831e+00 1.493245e-01
1.907227e+00 6.729386e+00 1.472180e-01
1.914062e+00 6.681913e+00 1.451372e-01
1.941406e+00 6.491874e+00 1.370652e-01
1.968750e+00 6.301962e+00 1.293852e-01
1.996094e+00 6.112661e+00 1.220840e-01
2.023438e+00 5.924451e+00 1.151486e-01
2.050781e+00 5.737797e+00 1.085667e-01
2.078125e+00 5.553144e+00 1.023259e-01
2.105469e+00 5.370908e+00 9.641403e-02
2.132812e+00 5.191477e+00 9.081878e-02
2.160156e+00 5.015203e+00 8.552800e-02
2.187500e+00 4.842405e+00 8.052952e-02
2.214844e+00 4.673365e+00 7.581125e-02
2.242188e+00 4.508329e+00 7.136116e-02
2.269531e+00 4.347508e+00 6.716735e-02
2.296875e+00 4.191078e+00 6.321806e-02
2.324219e+00 4.039182e+00 5.950173e-02
2.351562e+00 3.891933e+00 5.600701e-02
2.378906e+00 3.749412e+00 5.272282e-02
2.406250e+00 3.611676e+00 4.963835e-02
2.433594e+00 3.478752e+00 4.674310e-02
2.460938e+00 3.350649e+00 4.402687e-02
2.488281e+00 3.227350e+00 4.147985e-02
2.515625e+00 3.108821e+00 3.909256e-02
2.542969e+00 2.995012e+00 3.685587e-02
2.570312e+00 2.885855e+00 3.476104e-02
2.597656e+00 2.781271e+00 3.279971e-02
2.625000e+00 2.681167e+00 3.096388e-02
2.652344e+00 2.585443e+00 2.924593e-02
2.679688e+00 2.493988e+00 2.763861e-02
2.707031e+00 2.406685e+00 2.613502e-02
2.734375e+00 2.323411e+00 2.472862e-02
2.748047e+00 2.283245e+00 2.405993e-02
2.761719e+00 2.244038e+00 2.341324e-02
2.775391e+00 2.205774e+00 2.278783e-02
2.789062e+00 2.168436e+00 2.218300e-02
2.802734e+00 2.132008e+00 2.159808e-02
2.816406e+00 2.096473e+00 2.103239e-02
2.830078e+00 2.061813e+00 2.048531e-02
2.843750e+00 2.028012e+00 1.995619e-02
2.857422e+00 1.995052e+00 1.944445e-02
2.871094e+00 1.962918e+00 1.894949e-02
2.877930e+00 1.947155e+00 1.870813e-02
2.884766e+00 1.931592e+00 1.847075e-02
2.891602e+00 1.916227e+00 1.823728e-02
2.898438e+00 1.901057e+00 1.800767e-02
2.905273e+00 1.886081e+00 1.778183e-02
2.912109e+00 1.871296e+00 1.755971e-02
2.918945e+00 1.856701e+00 1.734124e-02
2.925781e+00 1.842293e+00 1.712637e-02
2.932617e+00 1.828071e+00 1.691501e-02
2.939453e+00 1.814031e+00 1.670713e-02
2.946289e+00 1.800173e+00 1.650265e-02
2.953125e+00 1.786494e+00 1.630152e-02
2.959961e+00 1.772992e+00 1.610367e-02
2.966797e+00 1.759665e+00 1.590906e-02
2.973633e+00 1.746510e+00 1.571761e-02
2.980469e+00 1.733527e+00 1.552929e-02
2.987305e+00 1.720713e+00 1.534403e-02
2.994141e+00 1.708065e+00 1.516178e-02
3.000977e+00 1.695583e+00 1.498249e-02
3.007812e+00 1.683263e+00 1.480610e-02
3.035156e+00 1.635575e+00 1.412858e-02
3.062500e+00 1.590340e+00 1.349360e-02
3.089844e+00 1.547435e+00 1.289821e-02
3.117188e+00 1.506744e+00 1.233968e-02
3.144531e+00 1.468153e+00 1.181543e-02
3.171875e+00 1.431551e+00 1.132309e-02
3.199219e+00 1.396832e+00 1.086041e-02
3.226562e+00 1.363892e+00 1.042533e-02
3.253906e+00 1.332633e+00 1.001591e-02
3.281250e+00 1.302960e+00 9.630358e-03
3.308594e+00 1.274781e+00 9.266991e-03
3.335938e+00 1.248009e+00 8.924257e-03
3.363281e+00 1.222561e+00 8.600709e-03
3.390625e+00 1.198356e+00 8.295004e-03
3.417969e+00 1.175320e+00 8.005897e-03
3.445312e+00 1.153378e+00 7.732228e-03
3.472656e+00 1.132463e+00 7.472924e-03
3.500000e+00 1.112509e+00 7.226990e-03
3.527344e+00 1.093453e+00 6.993502e-03
3.554688e+00 1.075237e+00 6.771605e-03
3.582031e+00 1.057805e+00 6.560504e-03
3.609375e+00 1.041105e+00 6.359466e-03
3.636719e+00 1.025086e+00 6.167811e-03
3.664062e+00 1.009702e+00 5.984908e-03
3.691406e+00 9.949077e-01 5.810175e-03
3.718750e+00 9.806623e-01 5.643072e-03
3.746094e+00 9.669262e-01 5.483100e-03
3.773438e+00 9.536628e-01 5.329797e-03
3.800781e+00 9.408375e-01 5.182735e-03
3.828125e+00 9.284180e-01 5.041519e-03
3.882812e+00 9.046768e-01 4.775191e-03
3.937500e+00 8.822201e-01 4.528204e-03
3.992188e+00 8.608573e-01 4.298327e-03
4.046875e+00 8.404231e-01 4.083650e-03
4.101562e+00 8.207757e-01 3.882540e-03
4.156250e+00 8.017935e-01 3.693596e-03
4.210938e+00 7.833734e-01 3.515615e-03
4.265625e+00 7.654283e-01 3.347567e-03
4.320312e+00 7.478855e-01 3.188563e-03
4.375000e+00 7.306849e-01 3.037835e-03
4.484375e+00 6.971232e-01 2.758645e-03
4.593750e+00 6.644570e-01 2.505661e-03
4.703125e+00 6.325154e-01 2.275560e-03
4.812500e+00 6.012120e-01 2.065743e-03
4.921875e+00 5.705197e-01 1.874129e-03
5.031250e+00 5.404518e-01 1.699008e-03
5.140625e+00 5.110474e-01 1.538932e-03
5.250000e+00 4.823602e-01 1.392653e-03
5.359375e+00 4.544498e-01 1.259064e-03
5.468750e+00 4.273767e-01 1.137168e-03
5.523438e+00 4.141719e-01 1.080319e-03
5.578125e+00 4.011970e-01 1.026057e-03
5.632812e+00 3.884581e-01 9.742799e-04
5.687500e+00 3.759607e-01 9.248892e-04
5.742188e+00 3.637095e-01 8.777889e-04
5.796875e+00 3.517091e-01 8.328866e-04
5.851562e+00 3.399631e-01 7.900930e-04
5.906250e+00 3.284747e-01 7.493219e-04
5.960938e+00 3.172465e-01 7.104898e-04
6.015625e+00 3.062805e-01 6.735160e-04
6.070312e+00 2.955780e-01 6.383225e-04
6.125000e+00 2.851400e-01 6.048339e-04
6.179688e+00 2.749669e-01 5.729774e-04
6.234375e+00 2.650584e-01 5.426826e-04
6.289062e+00 2.554140e-01 5.138815e-04
6.343750e+00 2.460324e-01 4.865085e-04
6.398438e+00 2.369123e-01 4.605003e-04
6.453125e+00 2.280516e-01 4.357959e-04
6.507812e+00 2.194481e-01 4.123366e-04
6.562500e+00 2.110990e-01 3.900656e-04
6.671875e+00 1.951521e-01 3.488731e-04
6.781250e+00 1.801836e-01 3.118071e-04
6.890625e+00 1.661625e-01 2.784877e-04
7.000000e+00 1.530546e-01 2.485653e-04
7.109375e+00 1.408232e-01 2.217183e-04
7.218750e+00 1.294302e-01 1.976522e-04
7.328125e+00 1.188359e-01 1.760970e-04
7.437500e+00 1.090003e-01 1.568064e-04
7.546875e+00 9.988318e-02 1.395559e-04
7.656250e+00 9.144446e-02 1.241410e-04
7.765625e+00 8.364463e-02 1.103762e-04
7.875000e+00 7.644497e-02 9.809298e-05
7.984375e+00 6.980781e-02 8.713895e-05
8.093750e+00 6.369670e-02 7.737622e-05
8.203125e+00 5.807653e-02 6.868029e-05
8.312500e+00 5.291363e-02 6.093886e-05
8.421875e+00 4.817588e-02 5.405081e-05
8.531250e+00 4.383274e-02 4.792514e-05
8.640625e+00 3.985523e-02 4.248006e-05
8.750000e+00 3.621599e-02 3.764215e-05
8.968750e+00 2.985083e-02 2.953131e-05
9.187500e+00 2.454962e-02 2.314409e-05
9.406250e+00 2.014817e-02 1.812144e-05
9.625000e+00 1.650423e-02 1.417699e-05
9.843750e+00 1.349541e-02 1.108294e-05
1.006250e+01 1.101704e-02 8.658515e-06
1.028125e+01 8.980175e-03 6.760567e-06
1.050000e+01 7.309599e-03 5.276003e-06
1.071875e+01 5.942044e-03 4.115643e-06
1.093750e+01 4.824517e-03 3.209282e-06
1.115625e+01 3.912797e-03 2.501733e-06
1.137500e+01 3.170107e-03 1.949671e-06
1.159375e+01 2.565932e-03 1.519104e-06
1.181250e+01 2.075064e-03 1.183417e-06
1.203125e+01 1.676729e-03 9.217888e-07
1.225000e+01 1.353838e-03 7.179340e-07
1.246875e+01 1.092362e-03 5.591275e-07
1.268750e+01 8.808130e-04 4.354334e-07
1.290625e+01 7.098085e-04 3.391026e-07
1.312500e+01 5.716885e-04 2.640894e-07
1.356250e+01 3.702955e-04 1.601987e-07
1.400000e+01 2.394330e-04 9.721161e-08
1.443750e+01 1.545871e-04 5.901732e-08
1.487500e+01 9.967949e-05 3.584941e-08
1.531250e+01 6.420533e-05 2.179059e-08
1.575000e+01 4.131820e-05 1.325472e-08
1.618750e+01 2.656851e-05 8.068594e-09
1.662500e+01 1.707343e-05 4.915725e-09
1.706250e+01 1.096564e-05 2.997359e-09
1.750000e+01 7.038959e-06 1.829037e-09
1.837500e+01 2.896188e-06 6.825937e-10
1.925000e+01 1.191666e-06 2.559077e-10
2.012500e+01 4.897892e-07 9.623378e-11
2.100000e+01 2.000650e-07 3.610128e-11
2.187500e+01 8.258650e-08 1.373419e-11
2.275000e+01 3.451749e-08 5.307213e-12
2.362500e+01 1.332617e-08 1.899992e-12
2.450000e+01 5.554519e-09 7.363842e-13
2.537500e+01 2.965889e-09 3.665498e-13
2.625000e+01 9.684979e-10 1.118485e-13
2.712500e+01 4.079409e-10 4.412126e-14
2.800000e+01 1.765143e-10 1.791654e-14
2.887500e+01 8.047624e-11 7.680930e-15
2.975000e+01 4.114871e-11 3.699750e-15
3.062500e+01 2.605928e-11 2.211059e-15
3.150000e+01 2.058388e-11 1.650807e-15
3.237500e+01 1.848696e-11 1.403577e-15
3.325000e+01 1.796830e-11 1.293343e-15
3.412500e+01 1.804143e-11 1.232866e-15
3.500000e+01 1.828328e-11 1.187704e-15
3.850000e+01 1.991143e-11 1.068984e-15
4.200000e+01 2.120948e-11 9.568010e-16
4.550000e+01 2.208704e-11 8.489943e-16
4.900000e+01 2.269956e-11 7.523422e-16
5.250000e+01 2.322335e-11 6.704962e-16
5.600000e+01 2.376372e-11 6.030155e-16
5.950000e+01 2.434498e-11 5.472247e-16
6.300000e+01 2.494552e-11 5.001516e-16
6.650000e+01 2.555604e-11 4.598757e-16
7.000000e+01 2.625395e-11 4.263721e-16
7.700000e+01 2.818745e-11 3.783245e-16
8.400000e+01 3.180805e-11 3.587308e-16
9.100000e+01 3.354550e-11 3.223604e-16
9.800000e+01 3.179254e-11 2.634288e-16
1.050000e+02 3.106674e-11 2.242369e-16
1.120000e+02 3.351927e-11 2.126418e-16
1.190000e+02 3.400946e-11 1.911155e-16
1.260000e+02 2.511477e-11 1.258863e-16
1.330000e+02 8.597466e-12 3.867740e-17
1.400000e+02 0.000000e+00 0.000000e+00
