# 
# Output from RAtom program.
# 
# Total radial electron density.
# The first column contains radius $r$ in bohr units.
# The second column holds $\rho(r)$.
# The third column holds $\tilde{\rho}(r) = \rho(r) / (\pi * r * r)$
# 
# Use this file with gnuplot to create the plot.
# 
# R     Rho     RhoTilde
#
0.000000e+00 0.000000e+00 5.075699e+05
1.068115e-04 7.139783e-02 4.980110e+05
2.136230e-04 2.802130e-01 4.886323e+05
3.204346e-04 6.186063e-01 4.794306e+05
4.272461e-04 1.079035e+00 4.704025e+05
5.340576e-04 1.654246e+00 4.615448e+05
6.408691e-04 2.337261e+00 4.528544e+05
7.476807e-04 3.121375e+00 4.443280e+05
8.544922e-04 4.000143e+00 4.359628e+05
9.613037e-04 4.967374e+00 4.277557e+05
1.068115e-03 6.017122e+00 4.197037e+05
1.174927e-03 7.143679e+00 4.118039e+05
1.281738e-03 8.341566e+00 4.040536e+05
1.388550e-03 9.605527e+00 3.964500e+05
1.495361e-03 1.093052e+01 3.889903e+05
1.602173e-03 1.231172e+01 3.816718e+05
1.708984e-03 1.374449e+01 3.744920e+05
1.815796e-03 1.522440e+01 3.674482e+05
1.922607e-03 1.674719e+01 3.605379e+05
2.029419e-03 1.830882e+01 3.537586e+05
2.136230e-03 1.990538e+01 3.471079e+05
2.349854e-03 2.318864e+01 3.341827e+05
2.563477e-03 2.656919e+01 3.217435e+05
2.777100e-03 3.002173e+01 3.097725e+05
2.990723e-03 3.352324e+01 2.982524e+05
3.204346e-03 3.705289e+01 2.871663e+05
3.417969e-03 4.059182e+01 2.764983e+05
3.631592e-03 4.412306e+01 2.662329e+05
3.845215e-03 4.763138e+01 2.563552e+05
4.058838e-03 5.110314e+01 2.468507e+05
4.272461e-03 5.452624e+01 2.377056e+05
4.379272e-03 5.621613e+01 2.332637e+05
4.486084e-03 5.788994e+01 2.289067e+05
4.592896e-03 5.954653e+01 2.246329e+05
4.699707e-03 6.118482e+01 2.204410e+05
4.806519e-03 6.280384e+01 2.163292e+05
4.913330e-03 6.440265e+01 2.122961e+05
5.020142e-03 6.598039e+01 2.083402e+05
5.126953e-03 6.753629e+01 2.044601e+05
5.233765e-03 6.906959e+01 2.006544e+05
5.340576e-03 7.057964e+01 1.969216e+05
5.447388e-03 7.206581e+01 1.932604e+05
5.554199e-03 7.352755e+01 1.896694e+05
5.661011e-03 7.496434e+01 1.861474e+05
5.767822e-03 7.637573e+01 1.826929e+05
5.874634e-03 7.776130e+01 1.793049e+05
5.981445e-03 7.912070e+01 1.759819e+05
6.088257e-03 8.045359e+01 1.727228e+05
6.195068e-03 8.175969e+01 1.695263e+05
6.301880e-03 8.303878e+01 1.663914e+05
6.408691e-03 8.429065e+01 1.633168e+05
6.515503e-03 8.551513e+01 1.603014e+05
6.622314e-03 8.671210e+01 1.573440e+05
6.729126e-03 8.788146e+01 1.544437e+05
6.835938e-03 8.902316e+01 1.515992e+05
6.942749e-03 9.013715e+01 1.488096e+05
7.049561e-03 9.122343e+01 1.460738e+05
7.156372e-03 9.228204e+01 1.433909e+05
7.263184e-03 9.331302e+01 1.407597e+05
7.369995e-03 9.431644e+01 1.381793e+05
7.476807e-03 9.529241e+01 1.356489e+05
7.583618e-03 9.624105e+01 1.331673e+05
7.690430e-03 9.716251e+01 1.307337e+05
7.797241e-03 9.805694e+01 1.283472e+05
7.904053e-03 9.892454e+01 1.260070e+05
8.010864e-03 9.976550e+01 1.237120e+05
8.117676e-03 1.005800e+02 1.214615e+05
8.224487e-03 1.013684e+02 1.192546e+05
8.331299e-03 1.021308e+02 1.170905e+05
8.438110e-03 1.028676e+02 1.149684e+05
8.544922e-03 1.035790e+02 1.128874e+05
8.758545e-03 1.049268e+02 1.088460e+05
8.972168e-03 1.061766e+02 1.049601e+05
9.185791e-03 1.073312e+02 1.012239e+05
9.399414e-03 1.083933e+02 9.763171e+04
9.613037e-03 1.093657e+02 9.417814e+04
9.826660e-03 1.102515e+02 9.085793e+04
1.004028e-02 1.110538e+02 8.766605e+04
1.025391e-02 1.117756e+02 8.459765e+04
1.046753e-02 1.124201e+02 8.164805e+04
1.068115e-02 1.129907e+02 7.881274e+04
1.089478e-02 1.134904e+02 7.608739e+04
1.110840e-02 1.139226e+02 7.346783e+04
1.132202e-02 1.142906e+02 7.095004e+04
1.153564e-02 1.145975e+02 6.853013e+04
1.174927e-02 1.148466e+02 6.620439e+04
1.196289e-02 1.150411e+02 6.396921e+04
1.217651e-02 1.151842e+02 6.182115e+04
1.239014e-02 1.152789e+02 5.975688e+04
1.260376e-02 1.153284e+02 5.777317e+04
1.281738e-02 1.153357e+02 5.586696e+04
1.324463e-02 1.152353e+02 5.227522e+04
1.367188e-02 1.150006e+02 4.895918e+04
1.409912e-02 1.146536e+02 4.589800e+04
1.452637e-02 1.142149e+02 4.307236e+04
1.495361e-02 1.137038e+02 4.046437e+04
1.538086e-02 1.131385e+02 3.805743e+04
1.580811e-02 1.125359e+02 3.583617e+04
1.623535e-02 1.119115e+02 3.378637e+04
1.666260e-02 1.112796e+02 3.189482e+04
1.708984e-02 1.106530e+02 3.014931e+04
1.751709e-02 1.100437e+02 2.853853e+04
1.794434e-02 1.094622e+02 2.705200e+04
1.837158e-02 1.089177e+02 2.568004e+04
1.879883e-02 1.084187e+02 2.441366e+04
1.922607e-02 1.079723e+02 2.324456e+04
1.965332e-02 1.075847e+02 2.216506e+04
2.008057e-02 1.072612e+02 2.116806e+04
2.050781e-02 1.070061e+02 2.024698e+04
2.093506e-02 1.068230e+02 1.939574e+04
2.136230e-02 1.067144e+02 1.860874e+04
2.157593e-02 1.066888e+02 1.823769e+04
2.178955e-02 1.066825e+02 1.788079e+04
2.200317e-02 1.066956e+02 1.753744e+04
2.221680e-02 1.067284e+02 1.720708e+04
2.243042e-02 1.067808e+02 1.688918e+04
2.264404e-02 1.068529e+02 1.658321e+04
2.285767e-02 1.069447e+02 1.628866e+04
2.307129e-02 1.070560e+02 1.600507e+04
2.328491e-02 1.071870e+02 1.573197e+04
2.349854e-02 1.073374e+02 1.546890e+04
2.371216e-02 1.075071e+02 1.521546e+04
2.392578e-02 1.076960e+02 1.497123e+04
2.413940e-02 1.079039e+02 1.473581e+04
2.435303e-02 1.081305e+02 1.450883e+04
2.456665e-02 1.083757e+02 1.428994e+04
2.478027e-02 1.086392e+02 1.407877e+04
2.499390e-02 1.089208e+02 1.387500e+04
2.520752e-02 1.092200e+02 1.367830e+04
2.542114e-02 1.095367e+02 1.348837e+04
2.563477e-02 1.098705e+02 1.330492e+04
2.584839e-02 1.102210e+02 1.312767e+04
2.606201e-02 1.105879e+02 1.295633e+04
2.627563e-02 1.109709e+02 1.279065e+04
2.648926e-02 1.113695e+02 1.263039e+04
2.670288e-02 1.117833e+02 1.247530e+04
2.691650e-02 1.122120e+02 1.232515e+04
2.713013e-02 1.126551e+02 1.217972e+04
2.734375e-02 1.131122e+02 1.203881e+04
2.755737e-02 1.135829e+02 1.190220e+04
2.777100e-02 1.140667e+02 1.176972e+04
2.798462e-02 1.145632e+02 1.164116e+04
2.819824e-02 1.150719e+02 1.151636e+04
2.841187e-02 1.155924e+02 1.139515e+04
2.862549e-02 1.161242e+02 1.127735e+04
2.883911e-02 1.166669e+02 1.116282e+04
2.905273e-02 1.172200e+02 1.105141e+04
2.926636e-02 1.177830e+02 1.094297e+04
2.947998e-02 1.183554e+02 1.083737e+04
2.969360e-02 1.189369e+02 1.073447e+04
2.990723e-02 1.195268e+02 1.063416e+04
3.033447e-02 1.207304e+02 1.044080e+04
3.076172e-02 1.219623e+02 1.025639e+04
3.118896e-02 1.232191e+02 1.008013e+04
3.161621e-02 1.244968e+02 9.911259e+03
3.204346e-02 1.257921e+02 9.749103e+03
3.247070e-02 1.271012e+02 9.593042e+03
3.289795e-02 1.284207e+02 9.442515e+03
3.332520e-02 1.297474e+02 9.297009e+03
3.375244e-02 1.310777e+02 9.156062e+03
3.417969e-02 1.324087e+02 9.019253e+03
3.460693e-02 1.337372e+02 8.886202e+03
3.503418e-02 1.350603e+02 8.756566e+03
3.546143e-02 1.363750e+02 8.630037e+03
3.588867e-02 1.376788e+02 8.506335e+03
3.631592e-02 1.389690e+02 8.385210e+03
3.674316e-02 1.402431e+02 8.266440e+03
3.717041e-02 1.414988e+02 8.149823e+03
3.759766e-02 1.427339e+02 8.035182e+03
3.802490e-02 1.439463e+02 7.922357e+03
3.845215e-02 1.451340e+02 7.811208e+03
3.887939e-02 1.462953e+02 7.701611e+03
3.930664e-02 1.474284e+02 7.593457e+03
3.973389e-02 1.485318e+02 7.486650e+03
4.016113e-02 1.496040e+02 7.381108e+03
4.058838e-02 1.506438e+02 7.276758e+03
4.101562e-02 1.516498e+02 7.173538e+03
4.144287e-02 1.526211e+02 7.071395e+03
4.187012e-02 1.535567e+02 6.970285e+03
4.229736e-02 1.544557e+02 6.870170e+03
4.272461e-02 1.553174e+02 6.771020e+03
4.293823e-02 1.557341e+02 6.721798e+03
4.315186e-02 1.561412e+02 6.672808e+03
4.336548e-02 1.565387e+02 6.624049e+03
4.357910e-02 1.569265e+02 6.575517e+03
4.379272e-02 1.573046e+02 6.527211e+03
4.400635e-02 1.576729e+02 6.479130e+03
4.421997e-02 1.580315e+02 6.431272e+03
4.443359e-02 1.583802e+02 6.383636e+03
4.464722e-02 1.587190e+02 6.336221e+03
4.486084e-02 1.590480e+02 6.289028e+03
4.491425e-02 1.591287e+02 6.277264e+03
4.496765e-02 1.592088e+02 6.265513e+03
4.502106e-02 1.592882e+02 6.253777e+03
4.507446e-02 1.593670e+02 6.242054e+03
4.512787e-02 1.594453e+02 6.230345e+03
4.518127e-02 1.595229e+02 6.218650e+03
4.523468e-02 1.595998e+02 6.206969e+03
4.528809e-02 1.596762e+02 6.195301e+03
4.534149e-02 1.597519e+02 6.183647e+03
4.539490e-02 1.598271e+02 6.172007e+03
4.544830e-02 1.599016e+02 6.160380e+03
4.550171e-02 1.599755e+02 6.148767e+03
4.555511e-02 1.600487e+02 6.137168e+03
4.560852e-02 1.601214e+02 6.125583e+03
4.566193e-02 1.601934e+02 6.114012e+03
4.571533e-02 1.602648e+02 6.102454e+03
4.576874e-02 1.603356e+02 6.090910e+03
4.582214e-02 1.604057e+02 6.079379e+03
4.587555e-02 1.604753e+02 6.067863e+03
4.592896e-02 1.605442e+02 6.056360e+03
4.603577e-02 1.606802e+02 6.033396e+03
4.614258e-02 1.608138e+02 6.010486e+03
4.624939e-02 1.609448e+02 5.987633e+03
4.635620e-02 1.610734e+02 5.964834e+03
4.646301e-02 1.611996e+02 5.942090e+03
4.656982e-02 1.613232e+02 5.919403e+03
4.667664e-02 1.614445e+02 5.896770e+03
4.678345e-02 1.615632e+02 5.874193e+03
4.689026e-02 1.616795e+02 5.851672e+03
4.699707e-02 1.617934e+02 5.829206e+03
4.742432e-02 1.622245e+02 5.739902e+03
4.785156e-02 1.626169e+02 5.651499e+03
4.827881e-02 1.629710e+02 5.564003e+03
4.870605e-02 1.632872e+02 5.477423e+03
4.913330e-02 1.635659e+02 5.391767e+03
4.956055e-02 1.638079e+02 5.307046e+03
4.998779e-02 1.640137e+02 5.223268e+03
5.041504e-02 1.641839e+02 5.140443e+03
5.084229e-02 1.643193e+02 5.058580e+03
5.126953e-02 1.644206e+02 4.977689e+03
5.169678e-02 1.644886e+02 4.897778e+03
5.212402e-02 1.645242e+02 4.818857e+03
5.255127e-02 1.645281e+02 4.740933e+03
5.297852e-02 1.645013e+02 4.664014e+03
5.340576e-02 1.644446e+02 4.588107e+03
5.383301e-02 1.643591e+02 4.513220e+03
5.426025e-02 1.642456e+02 4.439358e+03
5.468750e-02 1.641051e+02 4.366526e+03
5.511475e-02 1.639386e+02 4.294730e+03
5.554199e-02 1.637472e+02 4.223973e+03
5.596924e-02 1.635318e+02 4.154258e+03
5.639648e-02 1.632934e+02 4.085589e+03
5.682373e-02 1.630331e+02 4.017968e+03
5.725098e-02 1.627519e+02 3.951395e+03
5.767822e-02 1.624509e+02 3.885872e+03
5.810547e-02 1.621310e+02 3.821398e+03
5.853271e-02 1.617934e+02 3.757972e+03
5.895996e-02 1.614390e+02 3.695593e+03
5.938721e-02 1.610688e+02 3.634259e+03
5.981445e-02 1.606840e+02 3.573967e+03
6.066895e-02 1.598743e+02 3.456494e+03
6.152344e-02 1.590178e+02 3.343140e+03
6.237793e-02 1.581223e+02 3.233861e+03
6.323242e-02 1.571955e+02 3.128605e+03
6.408691e-02 1.562448e+02 3.027310e+03
6.494141e-02 1.552771e+02 2.929909e+03
6.579590e-02 1.542993e+02 2.836328e+03
6.665039e-02 1.533178e+02 2.746486e+03
6.750488e-02 1.523388e+02 2.660298e+03
6.835938e-02 1.513681e+02 2.577675e+03
6.878662e-02 1.508875e+02 2.537671e+03
6.921387e-02 1.504110e+02 2.498523e+03
6.964111e-02 1.499391e+02 2.460218e+03
7.006836e-02 1.494726e+02 2.422745e+03
7.049561e-02 1.490119e+02 2.386090e+03
7.092285e-02 1.485576e+02 2.350242e+03
7.135010e-02 1.481102e+02 2.315186e+03
7.177734e-02 1.476703e+02 2.280912e+03
7.220459e-02 1.472383e+02 2.247404e+03
7.263184e-02 1.468146e+02 2.214652e+03
7.305908e-02 1.463998e+02 2.182641e+03
7.348633e-02 1.459942e+02 2.151358e+03
7.391357e-02 1.455983e+02 2.120791e+03
7.434082e-02 1.452123e+02 2.090926e+03
7.476807e-02 1.448366e+02 2.061751e+03
7.519531e-02 1.444716e+02 2.033251e+03
7.562256e-02 1.441175e+02 2.005415e+03
7.604980e-02 1.437747e+02 1.978228e+03
7.647705e-02 1.434434e+02 1.951679e+03
7.690430e-02 1.431238e+02 1.925754e+03
7.733154e-02 1.428161e+02 1.900440e+03
7.775879e-02 1.425206e+02 1.875724e+03
7.818604e-02 1.422375e+02 1.851594e+03
7.861328e-02 1.419668e+02 1.828037e+03
7.904053e-02 1.417087e+02 1.805041e+03
7.946777e-02 1.414634e+02 1.782593e+03
7.989502e-02 1.412309e+02 1.760680e+03
8.032227e-02 1.410114e+02 1.739292e+03
8.074951e-02 1.408049e+02 1.718415e+03
8.117676e-02 1.406114e+02 1.698037e+03
8.160400e-02 1.404310e+02 1.678147e+03
8.203125e-02 1.402637e+02 1.658734e+03
8.245850e-02 1.401095e+02 1.639785e+03
8.288574e-02 1.399684e+02 1.621289e+03
8.331299e-02 1.398403e+02 1.603235e+03
8.374023e-02 1.397253e+02 1.585612e+03
8.416748e-02 1.396233e+02 1.568409e+03
8.459473e-02 1.395341e+02 1.551615e+03
8.502197e-02 1.394577e+02 1.535219e+03
8.544922e-02 1.393941e+02 1.519212e+03
8.587646e-02 1.393431e+02 1.503582e+03
8.630371e-02 1.393045e+02 1.488320e+03
8.673096e-02 1.392783e+02 1.473416e+03
8.715820e-02 1.392643e+02 1.458859e+03
8.758545e-02 1.392623e+02 1.444641e+03
8.801270e-02 1.392723e+02 1.430751e+03
8.843994e-02 1.392939e+02 1.417181e+03
8.886719e-02 1.393271e+02 1.403922e+03
8.929443e-02 1.393716e+02 1.390963e+03
8.972168e-02 1.394273e+02 1.378298e+03
8.982849e-02 1.394429e+02 1.375176e+03
8.993530e-02 1.394592e+02 1.372072e+03
9.004211e-02 1.394762e+02 1.368986e+03
9.014893e-02 1.394939e+02 1.365917e+03
9.025574e-02 1.395122e+02 1.362865e+03
9.036255e-02 1.395312e+02 1.359830e+03
9.046936e-02 1.395509e+02 1.356812e+03
9.057617e-02 1.395712e+02 1.353811e+03
9.068298e-02 1.395922e+02 1.350827e+03
9.078979e-02 1.396138e+02 1.347859e+03
9.081650e-02 1.396193e+02 1.347119e+03
9.084320e-02 1.396249e+02 1.346381e+03
9.086990e-02 1.396304e+02 1.345644e+03
9.089661e-02 1.396361e+02 1.344907e+03
9.092331e-02 1.396417e+02 1.344172e+03
9.095001e-02 1.396474e+02 1.343438e+03
9.097672e-02 1.396532e+02 1.342705e+03
9.100342e-02 1.396590e+02 1.341973e+03
9.103012e-02 1.396648e+02 1.341241e+03
9.105682e-02 1.396707e+02 1.340511e+03
9.108353e-02 1.396766e+02 1.339782e+03
9.111023e-02 1.396826e+02 1.339054e+03
9.113693e-02 1.396885e+02 1.338327e+03
9.116364e-02 1.396946e+02 1.337600e+03
9.119034e-02 1.397006e+02 1.336875e+03
9.121704e-02 1.397068e+02 1.336151e+03
9.124374e-02 1.397129e+02 1.335428e+03
9.127045e-02 1.397191e+02 1.334706e+03
9.129715e-02 1.397253e+02 1.333985e+03
9.132385e-02 1.397316e+02 1.333265e+03
9.137726e-02 1.397443e+02 1.331827e+03
9.143066e-02 1.397571e+02 1.330394e+03
9.148407e-02 1.397701e+02 1.328964e+03
9.153748e-02 1.397832e+02 1.327539e+03
9.159088e-02 1.397965e+02 1.326117e+03
9.164429e-02 1.398099e+02 1.324699e+03
9.169769e-02 1.398235e+02 1.323285e+03
9.175110e-02 1.398373e+02 1.321875e+03
9.180450e-02 1.398512e+02 1.320469e+03
9.185791e-02 1.398652e+02 1.319067e+03
9.207153e-02 1.399230e+02 1.313495e+03
9.228516e-02 1.399831e+02 1.307983e+03
9.249878e-02 1.400457e+02 1.302531e+03
9.271240e-02 1.401106e+02 1.297136e+03
9.292603e-02 1.401779e+02 1.291799e+03
9.313965e-02 1.402474e+02 1.286518e+03
9.335327e-02 1.403192e+02 1.281292e+03
9.356689e-02 1.403932e+02 1.276121e+03
9.378052e-02 1.404695e+02 1.271004e+03
9.399414e-02 1.405479e+02 1.265939e+03
9.484863e-02 1.408824e+02 1.246191e+03
9.570312e-02 1.412488e+02 1.227221e+03
9.655762e-02 1.416449e+02 1.208977e+03
9.741211e-02 1.420685e+02 1.191412e+03
9.826660e-02 1.425172e+02 1.174480e+03
9.912109e-02 1.429888e+02 1.158137e+03
9.997559e-02 1.434809e+02 1.142343e+03
1.008301e-01 1.439913e+02 1.127058e+03
1.016846e-01 1.445176e+02 1.112246e+03
1.025391e-01 1.450575e+02 1.097872e+03
1.033936e-01 1.456088e+02 1.083904e+03
1.042480e-01 1.461692e+02 1.070311e+03
1.051025e-01 1.467364e+02 1.057065e+03
1.059570e-01 1.473084e+02 1.044139e+03
1.068115e-01 1.478829e+02 1.031507e+03
1.076660e-01 1.484579e+02 1.019146e+03
1.085205e-01 1.490314e+02 1.007034e+03
1.093750e-01 1.496013e+02 9.951519e+02
1.102295e-01 1.501657e+02 9.834796e+02
1.110840e-01 1.507229e+02 9.720002e+02
1.119385e-01 1.512709e+02 9.606975e+02
1.127930e-01 1.518080e+02 9.495566e+02
1.136475e-01 1.523327e+02 9.385640e+02
1.145020e-01 1.528433e+02 9.277071e+02
1.153564e-01 1.533384e+02 9.169747e+02
1.162109e-01 1.538165e+02 9.063562e+02
1.170654e-01 1.542762e+02 8.958424e+02
1.179199e-01 1.547162e+02 8.854247e+02
1.187744e-01 1.551355e+02 8.750954e+02
1.196289e-01 1.555327e+02 8.648479e+02
1.204834e-01 1.559070e+02 8.546759e+02
1.213379e-01 1.562574e+02 8.445741e+02
1.221924e-01 1.565829e+02 8.345379e+02
1.230469e-01 1.568827e+02 8.245632e+02
1.239014e-01 1.571561e+02 8.146465e+02
1.247559e-01 1.574025e+02 8.047848e+02
1.256104e-01 1.576212e+02 7.949757e+02
1.264648e-01 1.578117e+02 7.852171e+02
1.273193e-01 1.579737e+02 7.755076e+02
1.281738e-01 1.581066e+02 7.658459e+02
1.290283e-01 1.582102e+02 7.562313e+02
1.298828e-01 1.582844e+02 7.466632e+02
1.307373e-01 1.583288e+02 7.371416e+02
1.315918e-01 1.583433e+02 7.276664e+02
1.324463e-01 1.583280e+02 7.182380e+02
1.333008e-01 1.582829e+02 7.088570e+02
1.341553e-01 1.582079e+02 6.995243e+02
1.350098e-01 1.581032e+02 6.902406e+02
1.358643e-01 1.579691e+02 6.810072e+02
1.367188e-01 1.578056e+02 6.718253e+02
1.384277e-01 1.573919e+02 6.536215e+02
1.401367e-01 1.568649e+02 6.356413e+02
1.418457e-01 1.562280e+02 6.178978e+02
1.435547e-01 1.554852e+02 6.004052e+02
1.452637e-01 1.546410e+02 5.831776e+02
1.469727e-01 1.537006e+02 5.662295e+02
1.486816e-01 1.526692e+02 5.495749e+02
1.503906e-01 1.515527e+02 5.332273e+02
1.520996e-01 1.503573e+02 5.171998e+02
1.538086e-01 1.490891e+02 5.015044e+02
1.546631e-01 1.484297e+02 4.937847e+02
1.555176e-01 1.477546e+02 4.861522e+02
1.563721e-01 1.470646e+02 4.786081e+02
1.572266e-01 1.463606e+02 4.711535e+02
1.580811e-01 1.456433e+02 4.637895e+02
1.589355e-01 1.449136e+02 4.565172e+02
1.597900e-01 1.441723e+02 4.493374e+02
1.606445e-01 1.434203e+02 4.422512e+02
1.614990e-01 1.426585e+02 4.352592e+02
1.623535e-01 1.418876e+02 4.283622e+02
1.632080e-01 1.411084e+02 4.215608e+02
1.640625e-01 1.403219e+02 4.148556e+02
1.649170e-01 1.395288e+02 4.082472e+02
1.657715e-01 1.387299e+02 4.017359e+02
1.666260e-01 1.379261e+02 3.953221e+02
1.674805e-01 1.371181e+02 3.890061e+02
1.683350e-01 1.363066e+02 3.827881e+02
1.691895e-01 1.354926e+02 3.766683e+02
1.700439e-01 1.346766e+02 3.706466e+02
1.708984e-01 1.338596e+02 3.647232e+02
1.717529e-01 1.330421e+02 3.588979e+02
1.726074e-01 1.322250e+02 3.531708e+02
1.734619e-01 1.314089e+02 3.475414e+02
1.743164e-01 1.305945e+02 3.420097e+02
1.751709e-01 1.297825e+02 3.365754e+02
1.760254e-01 1.289735e+02 3.312379e+02
1.768799e-01 1.281683e+02 3.259971e+02
1.777344e-01 1.273673e+02 3.208523e+02
1.785889e-01 1.265713e+02 3.158032e+02
1.794434e-01 1.257807e+02 3.108490e+02
1.796570e-01 1.255840e+02 3.096252e+02
1.798706e-01 1.253877e+02 3.084073e+02
1.800842e-01 1.251918e+02 3.071953e+02
1.802979e-01 1.249963e+02 3.059892e+02
1.805115e-01 1.248012e+02 3.047889e+02
1.807251e-01 1.246065e+02 3.035945e+02
1.809387e-01 1.244123e+02 3.024059e+02
1.811523e-01 1.242185e+02 3.012231e+02
1.813660e-01 1.240251e+02 3.000462e+02
1.815796e-01 1.238322e+02 2.988751e+02
1.816864e-01 1.237359e+02 2.982917e+02
1.817932e-01 1.236398e+02 2.977097e+02
1.819000e-01 1.235437e+02 2.971292e+02
1.820068e-01 1.234478e+02 2.965501e+02
1.821136e-01 1.233520e+02 2.959725e+02
1.822205e-01 1.232563e+02 2.953963e+02
1.823273e-01 1.231608e+02 2.948216e+02
1.824341e-01 1.230653e+02 2.942483e+02
1.825409e-01 1.229700e+02 2.936764e+02
1.826477e-01 1.228749e+02 2.931060e+02
1.827545e-01 1.227798e+02 2.925370e+02
1.828613e-01 1.226849e+02 2.919694e+02
1.829681e-01 1.225901e+02 2.914033e+02
1.830750e-01 1.224954e+02 2.908386e+02
1.831818e-01 1.224009e+02 2.902753e+02
1.832886e-01 1.223064e+02 2.897135e+02
1.833954e-01 1.222122e+02 2.891530e+02
1.835022e-01 1.221180e+02 2.885940e+02
1.836090e-01 1.220240e+02 2.880364e+02
1.837158e-01 1.219301e+02 2.874803e+02
1.841431e-01 1.215560e+02 2.852697e+02
1.845703e-01 1.211841e+02 2.830818e+02
1.849976e-01 1.208144e+02 2.809163e+02
1.854248e-01 1.204471e+02 2.787731e+02
1.858521e-01 1.200822e+02 2.766522e+02
1.862793e-01 1.197198e+02 2.745534e+02
1.867065e-01 1.193598e+02 2.724766e+02
1.871338e-01 1.190024e+02 2.704217e+02
1.875610e-01 1.186476e+02 2.683886e+02
1.879883e-01 1.182955e+02 2.663771e+02
1.888428e-01 1.175994e+02 2.624185e+02
1.896973e-01 1.169144e+02 2.585450e+02
1.905518e-01 1.162410e+02 2.547556e+02
1.914062e-01 1.155795e+02 2.510491e+02
1.922607e-01 1.149301e+02 2.474245e+02
1.931152e-01 1.142932e+02 2.438807e+02
1.939697e-01 1.136691e+02 2.404166e+02
1.948242e-01 1.130579e+02 2.370311e+02
1.956787e-01 1.124601e+02 2.337229e+02
1.965332e-01 1.118757e+02 2.304910e+02
1.973877e-01 1.113050e+02 2.273341e+02
1.982422e-01 1.107482e+02 2.242511e+02
1.990967e-01 1.102054e+02 2.212407e+02
1.999512e-01 1.096769e+02 2.183018e+02
2.008057e-01 1.091627e+02 2.154331e+02
2.016602e-01 1.086630e+02 2.126335e+02
2.025146e-01 1.081779e+02 2.099016e+02
2.033691e-01 1.077075e+02 2.072364e+02
2.042236e-01 1.072519e+02 2.046364e+02
2.050781e-01 1.068111e+02 2.021006e+02
2.059326e-01 1.063851e+02 1.996277e+02
2.067871e-01 1.059741e+02 1.972164e+02
2.076416e-01 1.055781e+02 1.948655e+02
2.084961e-01 1.051969e+02 1.925739e+02
2.093506e-01 1.048308e+02 1.903402e+02
2.102051e-01 1.044795e+02 1.881633e+02
2.110596e-01 1.041432e+02 1.860419e+02
2.119141e-01 1.038217e+02 1.839749e+02
2.127686e-01 1.035150e+02 1.819611e+02
2.136230e-01 1.032230e+02 1.799991e+02
2.144775e-01 1.029457e+02 1.780880e+02
2.153320e-01 1.026829e+02 1.762265e+02
2.161865e-01 1.024347e+02 1.744134e+02
2.170410e-01 1.022007e+02 1.726476e+02
2.178955e-01 1.019811e+02 1.709280e+02
2.187500e-01 1.017755e+02 1.692533e+02
2.196045e-01 1.015839e+02 1.676226e+02
2.204590e-01 1.014061e+02 1.660346e+02
2.213135e-01 1.012420e+02 1.644884e+02
2.221680e-01 1.010914e+02 1.629827e+02
2.230225e-01 1.009542e+02 1.615166e+02
2.238770e-01 1.008301e+02 1.600890e+02
2.247314e-01 1.007190e+02 1.586989e+02
2.255859e-01 1.006207e+02 1.573451e+02
2.264404e-01 1.005349e+02 1.560268e+02
2.272949e-01 1.004616e+02 1.547429e+02
2.281494e-01 1.004004e+02 1.534924e+02
2.290039e-01 1.003512e+02 1.522744e+02
2.298584e-01 1.003137e+02 1.510879e+02
2.307129e-01 1.002877e+02 1.499320e+02
2.315674e-01 1.002731e+02 1.488057e+02
2.324219e-01 1.002694e+02 1.477082e+02
2.332764e-01 1.002766e+02 1.466386e+02
2.341309e-01 1.002943e+02 1.455959e+02
2.349854e-01 1.003224e+02 1.445794e+02
2.358398e-01 1.003605e+02 1.435882e+02
2.366943e-01 1.004085e+02 1.426214e+02
2.375488e-01 1.004660e+02 1.416783e+02
2.384033e-01 1.005328e+02 1.407581e+02
2.392578e-01 1.006087e+02 1.398600e+02
2.409668e-01 1.007866e+02 1.381270e+02
2.426758e-01 1.009976e+02 1.364735e+02
2.443848e-01 1.012395e+02 1.348938e+02
2.460938e-01 1.015103e+02 1.333825e+02
2.478027e-01 1.018077e+02 1.319346e+02
2.495117e-01 1.021297e+02 1.305451e+02
2.512207e-01 1.024742e+02 1.292093e+02
2.529297e-01 1.028390e+02 1.279229e+02
2.546387e-01 1.032220e+02 1.266817e+02
2.563477e-01 1.036213e+02 1.254817e+02
2.580566e-01 1.040346e+02 1.243191e+02
2.597656e-01 1.044601e+02 1.231905e+02
2.614746e-01 1.048958e+02 1.220926e+02
2.631836e-01 1.053398e+02 1.210221e+02
2.648926e-01 1.057901e+02 1.199763e+02
2.666016e-01 1.062449e+02 1.189523e+02
2.683105e-01 1.067025e+02 1.179476e+02
2.700195e-01 1.071611e+02 1.169598e+02
2.717285e-01 1.076190e+02 1.159868e+02
2.734375e-01 1.080746e+02 1.150264e+02
2.751465e-01 1.085263e+02 1.140768e+02
2.768555e-01 1.089727e+02 1.131362e+02
2.785645e-01 1.094122e+02 1.122031e+02
2.802734e-01 1.098436e+02 1.112758e+02
2.819824e-01 1.102654e+02 1.103533e+02
2.836914e-01 1.106763e+02 1.094341e+02
2.854004e-01 1.110753e+02 1.085172e+02
2.871094e-01 1.114611e+02 1.076016e+02
2.888184e-01 1.118327e+02 1.066864e+02
2.905273e-01 1.121890e+02 1.057709e+02
2.922363e-01 1.125291e+02 1.048544e+02
2.939453e-01 1.128521e+02 1.039361e+02
2.956543e-01 1.131571e+02 1.030158e+02
2.973633e-01 1.134435e+02 1.020928e+02
2.990723e-01 1.137104e+02 1.011668e+02
3.007812e-01 1.139572e+02 1.002375e+02
3.024902e-01 1.141833e+02 9.930474e+01
3.041992e-01 1.143882e+02 9.836828e+01
3.059082e-01 1.145713e+02 9.742802e+01
3.076172e-01 1.147323e+02 9.648388e+01
3.093262e-01 1.148708e+02 9.553586e+01
3.110352e-01 1.149864e+02 9.458396e+01
3.127441e-01 1.150788e+02 9.362827e+01
3.144531e-01 1.151478e+02 9.266888e+01
3.161621e-01 1.151932e+02 9.170594e+01
3.178711e-01 1.152149e+02 9.073960e+01
3.195801e-01 1.152128e+02 8.977007e+01
3.212891e-01 1.151868e+02 8.879756e+01
3.229980e-01 1.151369e+02 8.782233e+01
3.247070e-01 1.150632e+02 8.684464e+01
3.264160e-01 1.149656e+02 8.586477e+01
3.281250e-01 1.148443e+02 8.488301e+01
3.298340e-01 1.146994e+02 8.389969e+01
3.315430e-01 1.145311e+02 8.291512e+01
3.332520e-01 1.143395e+02 8.192964e+01
3.349609e-01 1.141250e+02 8.094359e+01
3.366699e-01 1.138877e+02 7.995731e+01
3.383789e-01 1.136279e+02 7.897116e+01
3.400879e-01 1.133460e+02 7.798550e+01
3.417969e-01 1.130422e+02 7.700068e+01
3.435059e-01 1.127169e+02 7.601706e+01
3.452148e-01 1.123706e+02 7.503499e+01
3.469238e-01 1.120035e+02 7.405485e+01
3.486328e-01 1.116161e+02 7.307697e+01
3.503418e-01 1.112088e+02 7.210171e+01
3.520508e-01 1.107821e+02 7.112941e+01
3.537598e-01 1.103364e+02 7.016043e+01
3.554688e-01 1.098722e+02 6.919509e+01
3.571777e-01 1.093900e+02 6.823373e+01
3.588867e-01 1.088903e+02 6.727667e+01
3.593140e-01 1.087627e+02 6.703811e+01
3.597412e-01 1.086340e+02 6.679984e+01
3.601685e-01 1.085043e+02 6.656188e+01
3.605957e-01 1.083735e+02 6.632422e+01
3.610229e-01 1.082417e+02 6.608686e+01
3.614502e-01 1.081089e+02 6.584982e+01
3.618774e-01 1.079751e+02 6.561310e+01
3.623047e-01 1.078402e+02 6.537669e+01
3.627319e-01 1.077044e+02 6.514062e+01
3.631592e-01 1.075675e+02 6.490487e+01
3.633728e-01 1.074988e+02 6.478713e+01
3.635864e-01 1.074297e+02 6.466947e+01
3.638000e-01 1.073604e+02 6.455189e+01
3.640137e-01 1.072909e+02 6.443440e+01
3.642273e-01 1.072212e+02 6.431699e+01
3.644409e-01 1.071512e+02 6.419967e+01
3.646545e-01 1.070809e+02 6.408244e+01
3.648682e-01 1.070105e+02 6.396530e+01
3.650818e-01 1.069397e+02 6.384824e+01
3.652954e-01 1.068688e+02 6.373128e+01
3.655090e-01 1.067976e+02 6.361440e+01
3.657227e-01 1.067262e+02 6.349762e+01
3.659363e-01 1.066545e+02 6.338092e+01
3.661499e-01 1.065827e+02 6.326432e+01
3.663635e-01 1.065105e+02 6.314780e+01
3.665771e-01 1.064382e+02 6.303138e+01
3.667908e-01 1.063656e+02 6.291505e+01
3.670044e-01 1.062928e+02 6.279882e+01
3.672180e-01 1.062198e+02 6.268268e+01
3.674316e-01 1.061465e+02 6.256663e+01
3.682861e-01 1.058512e+02 6.210340e+01
3.691406e-01 1.055524e+02 6.164172e+01
3.699951e-01 1.052502e+02 6.118162e+01
3.708496e-01 1.049445e+02 6.072313e+01
3.717041e-01 1.046355e+02 6.026630e+01
3.725586e-01 1.043233e+02 5.981114e+01
3.734131e-01 1.040078e+02 5.935769e+01
3.742676e-01 1.036892e+02 5.890598e+01
3.751221e-01 1.033676e+02 5.845604e+01
3.759766e-01 1.030430e+02 5.800789e+01
3.776855e-01 1.023851e+02 5.711710e+01
3.793945e-01 1.017161e+02 5.623381e+01
3.811035e-01 1.010365e+02 5.535824e+01
3.828125e-01 1.003468e+02 5.449059e+01
3.845215e-01 9.964767e+01 5.363102e+01
3.862305e-01 9.893958e+01 5.277973e+01
3.879395e-01 9.822308e+01 5.193687e+01
3.896484e-01 9.749868e+01 5.110260e+01
3.913574e-01 9.676693e+01 5.027707e+01
3.930664e-01 9.602835e+01 4.946041e+01
3.947754e-01 9.528344e+01 4.865275e+01
3.964844e-01 9.453272e+01 4.785421e+01
3.981934e-01 9.377670e+01 4.706489e+01
3.999023e-01 9.301586e+01 4.628489e+01
4.016113e-01 9.225071e+01 4.551431e+01
4.033203e-01 9.148171e+01 4.475321e+01
4.050293e-01 9.070936e+01 4.400169e+01
4.067383e-01 8.993410e+01 4.325979e+01
4.084473e-01 8.915641e+01 4.252759e+01
4.101562e-01 8.837673e+01 4.180511e+01
4.135742e-01 8.681315e+01 4.038952e+01
4.169922e-01 8.524678e+01 3.901326e+01
4.204102e-01 8.368088e+01 3.767645e+01
4.238281e-01 8.211857e+01 3.637910e+01
4.272461e-01 8.056280e+01 3.512113e+01
4.306641e-01 7.901636e+01 3.390236e+01
4.340820e-01 7.748189e+01 3.272252e+01
4.375000e-01 7.596186e+01 3.158127e+01
4.409180e-01 7.445857e+01 3.047819e+01
4.443359e-01 7.297418e+01 2.941281e+01
4.451904e-01 7.260628e+01 2.915229e+01
4.460449e-01 7.223971e+01 2.889408e+01
4.468994e-01 7.187450e+01 2.863818e+01
4.477539e-01 7.151069e+01 2.838457e+01
4.486084e-01 7.114830e+01 2.813325e+01
4.494629e-01 7.078736e+01 2.788420e+01
4.503174e-01 7.042789e+01 2.763741e+01
4.511719e-01 7.006993e+01 2.739288e+01
4.520264e-01 6.971349e+01 2.715060e+01
4.528809e-01 6.935860e+01 2.691055e+01
4.537354e-01 6.900529e+01 2.667272e+01
4.545898e-01 6.865358e+01 2.643710e+01
4.554443e-01 6.830349e+01 2.620369e+01
4.562988e-01 6.795505e+01 2.597246e+01
4.571533e-01 6.760827e+01 2.574342e+01
4.580078e-01 6.726318e+01 2.551654e+01
4.588623e-01 6.691981e+01 2.529182e+01
4.597168e-01 6.657816e+01 2.506924e+01
4.605713e-01 6.623826e+01 2.484879e+01
4.614258e-01 6.590013e+01 2.463047e+01
4.631348e-01 6.522925e+01 2.420013e+01
4.648438e-01 6.456565e+01 2.377813e+01
4.665527e-01 6.390949e+01 2.336437e+01
4.682617e-01 6.326088e+01 2.295874e+01
4.699707e-01 6.261993e+01 2.256115e+01
4.716797e-01 6.198677e+01 2.217148e+01
4.733887e-01 6.136148e+01 2.178965e+01
4.750977e-01 6.074417e+01 2.141554e+01
4.768066e-01 6.013493e+01 2.104904e+01
4.785156e-01 5.953382e+01 2.069005e+01
4.802246e-01 5.894093e+01 2.033847e+01
4.819336e-01 5.835631e+01 1.999418e+01
4.836426e-01 5.778002e+01 1.965707e+01
4.853516e-01 5.721213e+01 1.932704e+01
4.870605e-01 5.665266e+01 1.900398e+01
4.887695e-01 5.610166e+01 1.868777e+01
4.904785e-01 5.555916e+01 1.837832e+01
4.921875e-01 5.502519e+01 1.807551e+01
4.938965e-01 5.449975e+01 1.777922e+01
4.956055e-01 5.398288e+01 1.748936e+01
4.973145e-01 5.347458e+01 1.720582e+01
4.990234e-01 5.297484e+01 1.692848e+01
5.007324e-01 5.248367e+01 1.665724e+01
5.024414e-01 5.200106e+01 1.639198e+01
5.041504e-01 5.152699e+01 1.613261e+01
5.058594e-01 5.106146e+01 1.587902e+01
5.075684e-01 5.060442e+01 1.563110e+01
5.092773e-01 5.015587e+01 1.538874e+01
5.109863e-01 4.971576e+01 1.515185e+01
5.126953e-01 4.928407e+01 1.492032e+01
5.161133e-01 4.844576e+01 1.447291e+01
5.195312e-01 4.764056e+01 1.404571e+01
5.229492e-01 4.686808e+01 1.363792e+01
5.263672e-01 4.612782e+01 1.324877e+01
5.297852e-01 4.541926e+01 1.287747e+01
5.332031e-01 4.474185e+01 1.252330e+01
5.366211e-01 4.409496e+01 1.218551e+01
5.400391e-01 4.347796e+01 1.186339e+01
5.434570e-01 4.289017e+01 1.155626e+01
5.468750e-01 4.233088e+01 1.126345e+01
5.485840e-01 4.206168e+01 1.112220e+01
5.502930e-01 4.179934e+01 1.098428e+01
5.520020e-01 4.154375e+01 1.084962e+01
5.537109e-01 4.129482e+01 1.071814e+01
5.554199e-01 4.105244e+01 1.058976e+01
5.571289e-01 4.081653e+01 1.046441e+01
5.588379e-01 4.058697e+01 1.034201e+01
5.605469e-01 4.036368e+01 1.022250e+01
5.622559e-01 4.014655e+01 1.010579e+01
5.639648e-01 3.993547e+01 9.991827e+00
5.656738e-01 3.973035e+01 9.880534e+00
5.673828e-01 3.953109e+01 9.771845e+00
5.690918e-01 3.933757e+01 9.665694e+00
5.708008e-01 3.914970e+01 9.562017e+00
5.725098e-01 3.896738e+01 9.460749e+00
5.742188e-01 3.879049e+01 9.361829e+00
5.759277e-01 3.861894e+01 9.265194e+00
5.776367e-01 3.845262e+01 9.170785e+00
5.793457e-01 3.829143e+01 9.078542e+00
5.810547e-01 3.813526e+01 8.988409e+00
5.844727e-01 3.783758e+01 8.814244e+00
5.878906e-01 3.755874e+01 8.647849e+00
5.913086e-01 3.729794e+01 8.488805e+00
5.947266e-01 3.705434e+01 8.336708e+00
5.981445e-01 3.682715e+01 8.191171e+00
6.015625e-01 3.661556e+01 8.051825e+00
6.049805e-01 3.641879e+01 7.918317e+00
6.083984e-01 3.623605e+01 7.790311e+00
6.118164e-01 3.606658e+01 7.667484e+00
6.152344e-01 3.590964e+01 7.549532e+00
6.186523e-01 3.576449e+01 7.436161e+00
6.220703e-01 3.563040e+01 7.327096e+00
6.254883e-01 3.550668e+01 7.222072e+00
6.289062e-01 3.539263e+01 7.120839e+00
6.323242e-01 3.528759e+01 7.023159e+00
6.357422e-01 3.519091e+01 6.928808e+00
6.391602e-01 3.510195e+01 6.837573e+00
6.425781e-01 3.502010e+01 6.749251e+00
6.459961e-01 3.494476e+01 6.663653e+00
6.494141e-01 3.487536e+01 6.580599e+00
6.528320e-01 3.481133e+01 6.499918e+00
6.562500e-01 3.475215e+01 6.421451e+00
6.596680e-01 3.469729e+01 6.345048e+00
6.630859e-01 3.464625e+01 6.270566e+00
6.665039e-01 3.459856e+01 6.197874e+00
6.699219e-01 3.455374e+01 6.126845e+00
6.733398e-01 3.451137e+01 6.057364e+00
6.767578e-01 3.447101e+01 5.989321e+00
6.801758e-01 3.443227e+01 5.922614e+00
6.835938e-01 3.439475e+01 5.857148e+00
6.870117e-01 3.435810e+01 5.792833e+00
6.904297e-01 3.432196e+01 5.729586e+00
6.938477e-01 3.428600e+01 5.667332e+00
6.972656e-01 3.424990e+01 5.605998e+00
7.006836e-01 3.421337e+01 5.545518e+00
7.041016e-01 3.417613e+01 5.485831e+00
7.075195e-01 3.413792e+01 5.426881e+00
7.109375e-01 3.409848e+01 5.368616e+00
7.143555e-01 3.405759e+01 5.310988e+00
7.177734e-01 3.401503e+01 5.253954e+00
7.186279e-01 3.400410e+01 5.239783e+00
7.194824e-01 3.399306e+01 5.225646e+00
7.203369e-01 3.398189e+01 5.211543e+00
7.211914e-01 3.397059e+01 5.197472e+00
7.220459e-01 3.395917e+01 5.183434e+00
7.229004e-01 3.394761e+01 5.169428e+00
7.237549e-01 3.393592e+01 5.155453e+00
7.246094e-01 3.392410e+01 5.141508e+00
7.254639e-01 3.391213e+01 5.127594e+00
7.263184e-01 3.390002e+01 5.113709e+00
7.271729e-01 3.388777e+01 5.099854e+00
7.280273e-01 3.387536e+01 5.086028e+00
7.288818e-01 3.386281e+01 5.072230e+00
7.297363e-01 3.385011e+01 5.058460e+00
7.305908e-01 3.383725e+01 5.044717e+00
7.314453e-01 3.382424e+01 5.031001e+00
7.322998e-01 3.381106e+01 5.017312e+00
7.331543e-01 3.379773e+01 5.003650e+00
7.340088e-01 3.378423e+01 4.990013e+00
7.348633e-01 3.377057e+01 4.976401e+00
7.365723e-01 3.374274e+01 4.949254e+00
7.382812e-01 3.371422e+01 4.922204e+00
7.399902e-01 3.368501e+01 4.895249e+00
7.416992e-01 3.365508e+01 4.868387e+00
7.434082e-01 3.362442e+01 4.841615e+00
7.451172e-01 3.359303e+01 4.814931e+00
7.468262e-01 3.356088e+01 4.788334e+00
7.485352e-01 3.352797e+01 4.761820e+00
7.502441e-01 3.349428e+01 4.735389e+00
7.519531e-01 3.345982e+01 4.709038e+00
7.587891e-01 3.331394e+01 4.604410e+00
7.656250e-01 3.315490e+01 4.500966e+00
7.724609e-01 3.298237e+01 4.398645e+00
7.792969e-01 3.279613e+01 4.297410e+00
7.861328e-01 3.259611e+01 4.197242e+00
7.929688e-01 3.238234e+01 4.098135e+00
7.998047e-01 3.215499e+01 4.000097e+00
8.066406e-01 3.191426e+01 3.903146e+00
8.134766e-01 3.166050e+01 3.807306e+00
8.203125e-01 3.139407e+01 3.712608e+00
8.271484e-01 3.111544e+01 3.619088e+00
8.339844e-01 3.082511e+01 3.526785e+00
8.408203e-01 3.052365e+01 3.435739e+00
8.476562e-01 3.021163e+01 3.345991e+00
8.544922e-01 2.988968e+01 3.257581e+00
8.613281e-01 2.955847e+01 3.170551e+00
8.681641e-01 2.921864e+01 3.084939e+00
8.750000e-01 2.887089e+01 3.000781e+00
8.818359e-01 2.851591e+01 2.918111e+00
8.886719e-01 2.815440e+01 2.836962e+00
8.903809e-01 2.806308e+01 2.816916e+00
8.920898e-01 2.797141e+01 2.796967e+00
8.937988e-01 2.787940e+01 2.777116e+00
8.955078e-01 2.778705e+01 2.757362e+00
8.972168e-01 2.769438e+01 2.737707e+00
8.989258e-01 2.760140e+01 2.718151e+00
9.006348e-01 2.750812e+01 2.698694e+00
9.023438e-01 2.741455e+01 2.679337e+00
9.040527e-01 2.732071e+01 2.660079e+00
9.057617e-01 2.722659e+01 2.640921e+00
9.074707e-01 2.713222e+01 2.621864e+00
9.091797e-01 2.703760e+01 2.602908e+00
9.108887e-01 2.694274e+01 2.584052e+00
9.125977e-01 2.684766e+01 2.565298e+00
9.143066e-01 2.675236e+01 2.546646e+00
9.160156e-01 2.665686e+01 2.528095e+00
9.177246e-01 2.656116e+01 2.509646e+00
9.194336e-01 2.646528e+01 2.491299e+00
9.211426e-01 2.636922e+01 2.473054e+00
9.228516e-01 2.627300e+01 2.454913e+00
9.262695e-01 2.608010e+01 2.418937e+00
9.296875e-01 2.588666e+01 2.383374e+00
9.331055e-01 2.569276e+01 2.348224e+00
9.365234e-01 2.549848e+01 2.313487e+00
9.399414e-01 2.530389e+01 2.279166e+00
9.433594e-01 2.510907e+01 2.245259e+00
9.467773e-01 2.491409e+01 2.211767e+00
9.501953e-01 2.471901e+01 2.178690e+00
9.536133e-01 2.452393e+01 2.146029e+00
9.570312e-01 2.432889e+01 2.113782e+00
9.638672e-01 2.393924e+01 2.050530e+00
9.707031e-01 2.355058e+01 1.988927e+00
9.775391e-01 2.316342e+01 1.928966e+00
9.843750e-01 2.277823e+01 1.870635e+00
9.912109e-01 2.239546e+01 1.813919e+00
9.980469e-01 2.201553e+01 1.758804e+00
1.004883e+00 2.163885e+01 1.705271e+00
1.011719e+00 2.126578e+01 1.653301e+00
1.018555e+00 2.089668e+01 1.602871e+00
1.025391e+00 2.053186e+01 1.553960e+00
1.032227e+00 2.017164e+01 1.506542e+00
1.039062e+00 1.981628e+01 1.460592e+00
1.045898e+00 1.946605e+01 1.416084e+00
1.052734e+00 1.912117e+01 1.372989e+00
1.059570e+00 1.878185e+01 1.331278e+00
1.066406e+00 1.844827e+01 1.290923e+00
1.073242e+00 1.812062e+01 1.251894e+00
1.080078e+00 1.779903e+01 1.214160e+00
1.086914e+00 1.748363e+01 1.177691e+00
1.093750e+00 1.717453e+01 1.142454e+00
1.100586e+00 1.687182e+01 1.108420e+00
1.107422e+00 1.657559e+01 1.075556e+00
1.114258e+00 1.628588e+01 1.043831e+00
1.121094e+00 1.600275e+01 1.013213e+00
1.127930e+00 1.572621e+01 9.836718e-01
1.134766e+00 1.545630e+01 9.551756e-01
1.141602e+00 1.519300e+01 9.276936e-01
1.148438e+00 1.493631e+01 9.011951e-01
1.155273e+00 1.468622e+01 8.756499e-01
1.162109e+00 1.444268e+01 8.510280e-01
1.168945e+00 1.420565e+01 8.273000e-01
1.175781e+00 1.397509e+01 8.044366e-01
1.182617e+00 1.375094e+01 7.824095e-01
1.189453e+00 1.353312e+01 7.611904e-01
1.196289e+00 1.332156e+01 7.407520e-01
1.203125e+00 1.311617e+01 7.210671e-01
1.209961e+00 1.291687e+01 7.021095e-01
1.216797e+00 1.272357e+01 6.838533e-01
1.223633e+00 1.253616e+01 6.662733e-01
1.230469e+00 1.235454e+01 6.493448e-01
1.237305e+00 1.217859e+01 6.330440e-01
1.244141e+00 1.200822e+01 6.173475e-01
1.250977e+00 1.184329e+01 6.022325e-01
1.257812e+00 1.168370e+01 5.876769e-01
1.264648e+00 1.152932e+01 5.736594e-01
1.271484e+00 1.138002e+01 5.601589e-01
1.278320e+00 1.123569e+01 5.471553e-01
1.285156e+00 1.109620e+01 5.346291e-01
1.291992e+00 1.096142e+01 5.225611e-01
1.298828e+00 1.083122e+01 5.109330e-01
1.305664e+00 1.070547e+01 4.997271e-01
1.312500e+00 1.058404e+01 4.889261e-01
1.319336e+00 1.046682e+01 4.785133e-01
1.326172e+00 1.035366e+01 4.684728e-01
1.333008e+00 1.024444e+01 4.587891e-01
1.339844e+00 1.013904e+01 4.494472e-01
1.346680e+00 1.003733e+01 4.404327e-01
1.353516e+00 9.939176e+00 4.317317e-01
1.360352e+00 9.844466e+00 4.233309e-01
1.367188e+00 9.753075e+00 4.152174e-01
1.374023e+00 9.664882e+00 4.073788e-01
1.380859e+00 9.579770e+00 3.998032e-01
1.387695e+00 9.497620e+00 3.924792e-01
1.394531e+00 9.418319e+00 3.853959e-01
1.401367e+00 9.341754e+00 3.785425e-01
1.408203e+00 9.267814e+00 3.719091e-01
1.415039e+00 9.196390e+00 3.654859e-01
1.421875e+00 9.127376e+00 3.592636e-01
1.428711e+00 9.060670e+00 3.532333e-01
1.435547e+00 8.996168e+00 3.473865e-01
1.437256e+00 8.980375e+00 3.459525e-01
1.438965e+00 8.964712e+00 3.445293e-01
1.440674e+00 8.949178e+00 3.431168e-01
1.442383e+00 8.933771e+00 3.417149e-01
1.444092e+00 8.918490e+00 3.403234e-01
1.445801e+00 8.903333e+00 3.389423e-01
1.447510e+00 8.888298e+00 3.375715e-01
1.449219e+00 8.873384e+00 3.362107e-01
1.450928e+00 8.858590e+00 3.348599e-01
1.452637e+00 8.843915e+00 3.335190e-01
1.454346e+00 8.829355e+00 3.321879e-01
1.456055e+00 8.814912e+00 3.308665e-01
1.457764e+00 8.800582e+00 3.295545e-01
1.459473e+00 8.786365e+00 3.282520e-01
1.461182e+00 8.772259e+00 3.269589e-01
1.462891e+00 8.758262e+00 3.256750e-01
1.464600e+00 8.744374e+00 3.244001e-01
1.466309e+00 8.730593e+00 3.231343e-01
1.468018e+00 8.716917e+00 3.218774e-01
1.469727e+00 8.703346e+00 3.206294e-01
1.473145e+00 8.676510e+00 3.181592e-01
1.476562e+00 8.650076e+00 3.157231e-01
1.479980e+00 8.624032e+00 3.133203e-01
1.483398e+00 8.598368e+00 3.109500e-01
1.486816e+00 8.573074e+00 3.086115e-01
1.490234e+00 8.548141e+00 3.063040e-01
1.493652e+00 8.523557e+00 3.040269e-01
1.497070e+00 8.499314e+00 3.017794e-01
1.500488e+00 8.475402e+00 2.995610e-01
1.503906e+00 8.451811e+00 2.973708e-01
1.517578e+00 8.360481e+00 2.888812e-01
1.531250e+00 8.273583e+00 2.807964e-01
1.544922e+00 8.190589e+00 2.730815e-01
1.558594e+00 8.111008e+00 2.657046e-01
1.572266e+00 8.034384e+00 2.586371e-01
1.585938e+00 7.960298e+00 2.518531e-01
1.599609e+00 7.888363e+00 2.453292e-01
1.613281e+00 7.818227e+00 2.390442e-01
1.626953e+00 7.749566e+00 2.329793e-01
1.640625e+00 7.682088e+00 2.271176e-01
1.654297e+00 7.615527e+00 2.214436e-01
1.667969e+00 7.549648e+00 2.159439e-01
1.681641e+00 7.484236e+00 2.106062e-01
1.695312e+00 7.419103e+00 2.054197e-01
1.708984e+00 7.354083e+00 2.003745e-01
1.722656e+00 7.289030e+00 1.954621e-01
1.736328e+00 7.223818e+00 1.906748e-01
1.750000e+00 7.158340e+00 1.860058e-01
1.763672e+00 7.092505e+00 1.814489e-01
1.777344e+00 7.026238e+00 1.769987e-01
1.784180e+00 6.992923e+00 1.748122e-01
1.791016e+00 6.959478e+00 1.726506e-01
1.797852e+00 6.925898e+00 1.705134e-01
1.804688e+00 6.892178e+00 1.684002e-01
1.811523e+00 6.858315e+00 1.663105e-01
1.818359e+00 6.824303e+00 1.642438e-01
1.825195e+00 6.790142e+00 1.621998e-01
1.832031e+00 6.755829e+00 1.601781e-01
1.838867e+00 6.721362e+00 1.581782e-01
1.845703e+00 6.686741e+00 1.562000e-01
1.852539e+00 6.651966e+00 1.542430e-01
1.859375e+00 6.617036e+00 1.523069e-01
1.866211e+00 6.581952e+00 1.503915e-01
1.873047e+00 6.546716e+00 1.484966e-01
1.879883e+00 6.511329e+00 1.466217e-01
1.886719e+00 6.475793e+00 1.447667e-01
1.893555e+00 6.440111e+00 1.429314e-01
1.900391e+00 6.404284e+00 1.411156e-01
1.907227e+00 6.368317e+00 1.393190e-01
1.914062e+00 6.332213e+00 1.375414e-01
1.941406e+00 6.186503e+00 1.306178e-01
1.968750e+00 6.038941e+00 1.239852e-01
1.996094e+00 5.889860e+00 1.176341e-01
2.023438e+00 5.739632e+00 1.115564e-01
2.050781e+00 5.588648e+00 1.057446e-01
2.078125e+00 5.437314e+00 1.001916e-01
2.105469e+00 5.286037e+00 9.489049e-02
2.132812e+00 5.135216e+00 8.983458e-02
2.160156e+00 4.985241e+00 8.501704e-02
2.187500e+00 4.836482e+00 8.043103e-02
2.214844e+00 4.689289e+00 7.606957e-02
2.242188e+00 4.543986e+00 7.192556e-02
2.269531e+00 4.400872e+00 6.799180e-02
2.296875e+00 4.260219e+00 6.426098e-02
2.324219e+00 4.122270e+00 6.072571e-02
2.351562e+00 3.987242e+00 5.737857e-02
2.378906e+00 3.855322e+00 5.421209e-02
2.406250e+00 3.726670e+00 5.121882e-02
2.433594e+00 3.601422e+00 4.839138e-02
2.460938e+00 3.479688e+00 4.572243e-02
2.488281e+00 3.361554e+00 4.320473e-02
2.515625e+00 3.247084e+00 4.083117e-02
2.542969e+00 3.136322e+00 3.859480e-02
2.570312e+00 3.029294e+00 3.648881e-02
2.597656e+00 2.926006e+00 3.450659e-02
2.625000e+00 2.826450e+00 3.264170e-02
2.652344e+00 2.730602e+00 3.088794e-02
2.679688e+00 2.638426e+00 2.923929e-02
2.707031e+00 2.549875e+00 2.768997e-02
2.734375e+00 2.464890e+00 2.623442e-02
2.748047e+00 2.423714e+00 2.554014e-02
2.761719e+00 2.383404e+00 2.486731e-02
2.775391e+00 2.343950e+00 2.421532e-02
2.789062e+00 2.305342e+00 2.358355e-02
2.802734e+00 2.267571e+00 2.297138e-02
2.816406e+00 2.230624e+00 2.237824e-02
2.830078e+00 2.194492e+00 2.180355e-02
2.843750e+00 2.159162e+00 2.124675e-02
2.857422e+00 2.124623e+00 2.070729e-02
2.871094e+00 2.090864e+00 2.018465e-02
2.877930e+00 2.074273e+00 1.992946e-02
2.884766e+00 2.057872e+00 1.967829e-02
2.891602e+00 2.041660e+00 1.943107e-02
2.898438e+00 2.025635e+00 1.918773e-02
2.905273e+00 2.009796e+00 1.894821e-02
2.912109e+00 1.994141e+00 1.871245e-02
2.918945e+00 1.978669e+00 1.848040e-02
2.925781e+00 1.963378e+00 1.825199e-02
2.932617e+00 1.948266e+00 1.802717e-02
2.939453e+00 1.933331e+00 1.780588e-02
2.946289e+00 1.918574e+00 1.758806e-02
2.953125e+00 1.903990e+00 1.737366e-02
2.959961e+00 1.889580e+00 1.716262e-02
2.966797e+00 1.875342e+00 1.695489e-02
2.973633e+00 1.861273e+00 1.675041e-02
2.980469e+00 1.847372e+00 1.654914e-02
2.987305e+00 1.833638e+00 1.635102e-02
2.994141e+00 1.820069e+00 1.615599e-02
3.000977e+00 1.806664e+00 1.596402e-02
3.007812e+00 1.793420e+00 1.577505e-02
3.035156e+00 1.742031e+00 1.504818e-02
3.062500e+00 1.693103e+00 1.436552e-02
3.089844e+00 1.646534e+00 1.372422e-02
3.117188e+00 1.602222e+00 1.312160e-02
3.144531e+00 1.560068e+00 1.255515e-02
3.171875e+00 1.519975e+00 1.202249e-02
3.199219e+00 1.481846e+00 1.152141e-02
3.226562e+00 1.445589e+00 1.104981e-02
3.253906e+00 1.411110e+00 1.060574e-02
3.281250e+00 1.378322e+00 1.018738e-02
3.308594e+00 1.347139e+00 9.792997e-03
3.335938e+00 1.317476e+00 9.421003e-03
3.363281e+00 1.289254e+00 9.069893e-03
3.390625e+00 1.262393e+00 8.738268e-03
3.417969e+00 1.236820e+00 8.424819e-03
3.445312e+00 1.212462e+00 8.128326e-03
3.472656e+00 1.189250e+00 7.847651e-03
3.500000e+00 1.167117e+00 7.581733e-03
3.527344e+00 1.146000e+00 7.329583e-03
3.554688e+00 1.125838e+00 7.090280e-03
3.582031e+00 1.106574e+00 6.862965e-03
3.609375e+00 1.088151e+00 6.646842e-03
3.636719e+00 1.070518e+00 6.441166e-03
3.664062e+00 1.053623e+00 6.245248e-03
3.691406e+00 1.037420e+00 6.058446e-03
3.718750e+00 1.021864e+00 5.880163e-03
3.746094e+00 1.006912e+00 5.709845e-03
3.773438e+00 9.925228e-01 5.546976e-03
3.800781e+00 9.786588e-01 5.391079e-03
3.828125e+00 9.652839e-01 5.241710e-03
3.882812e+00 9.398670e-01 4.960937e-03
3.937500e+00 9.160228e-01 4.701704e-03
3.992188e+00 8.935313e-01 4.461470e-03
4.046875e+00 8.721989e-01 4.238050e-03
4.101562e+00 8.518564e-01 4.029562e-03
4.156250e+00 8.323565e-01 3.834389e-03
4.210938e+00 8.135720e-01 3.651140e-03
4.265625e+00 7.953932e-01 3.478618e-03
4.320312e+00 7.777267e-01 3.315789e-03
4.375000e+00 7.604933e-01 3.161764e-03
4.484375e+00 7.270705e-01 2.877152e-03
4.593750e+00 6.947193e-01 2.619780e-03
4.703125e+00 6.631732e-01 2.385855e-03
4.812500e+00 6.322719e-01 2.172464e-03
4.921875e+00 6.019331e-01 1.977321e-03
5.031250e+00 5.721307e-01 1.798596e-03
5.140625e+00 5.428774e-01 1.634783e-03
5.250000e+00 5.142112e-01 1.484612e-03
5.359375e+00 4.861846e-01 1.346986e-03
5.468750e+00 4.588575e-01 1.220933e-03
5.523438e+00 4.454753e-01 1.161970e-03
5.578125e+00 4.322906e-01 1.105578e-03
5.632812e+00 4.193106e-01 1.051660e-03
5.687500e+00 4.065419e-01 1.000121e-03
5.742188e+00 3.939910e-01 9.508711e-04
5.796875e+00 3.816636e-01 9.038221e-04
5.851562e+00 3.695651e-01 8.588896e-04
5.906250e+00 3.577002e-01 8.159917e-04
5.960938e+00 3.460734e-01 7.750490e-04
6.015625e+00 3.346881e-01 7.359849e-04
6.070312e+00 3.235476e-01 6.987250e-04
6.125000e+00 3.126545e-01 6.631970e-04
6.179688e+00 3.020107e-01 6.293314e-04
6.234375e+00 2.916177e-01 5.970602e-04
6.289062e+00 2.814765e-01 5.663181e-04
6.343750e+00 2.715876e-01 5.370416e-04
6.398438e+00 2.619509e-01 5.091693e-04
6.453125e+00 2.525660e-01 4.826417e-04
6.507812e+00 2.434320e-01 4.574016e-04
6.562500e+00 2.345475e-01 4.333934e-04
6.671875e+00 2.175200e-01 3.888602e-04
6.781250e+00 2.014657e-01 3.486356e-04
6.890625e+00 1.863621e-01 3.123421e-04
7.000000e+00 1.721823e-01 2.796292e-04
7.109375e+00 1.588962e-01 2.501732e-04
7.218750e+00 1.464709e-01 2.236750e-04
7.328125e+00 1.348715e-01 1.998593e-04
7.437500e+00 1.240616e-01 1.784735e-04
7.546875e+00 1.140041e-01 1.592855e-04
7.656250e+00 1.046611e-01 1.420834e-04
7.765625e+00 9.599477e-02 1.266732e-04
7.875000e+00 8.796755e-02 1.128786e-04
7.984375e+00 8.054239e-02 1.005386e-04
8.093750e+00 7.368305e-02 8.950724e-05
8.203125e+00 6.735429e-02 7.965201e-05
8.312500e+00 6.152198e-02 7.085282e-05
8.421875e+00 5.615330e-02 6.300105e-05
8.531250e+00 5.121675e-02 5.599855e-05
8.640625e+00 4.668227e-02 4.975673e-05
8.750000e+00 4.252127e-02 4.419572e-05
8.968750e+00 3.521273e-02 3.483582e-05
9.187500e+00 2.909199e-02 2.742640e-05
9.406250e+00 2.398284e-02 2.157037e-05
9.625000e+00 1.973105e-02 1.694880e-05
9.843750e+00 1.620268e-02 1.330626e-05
1.006250e+01 1.328221e-02 1.043876e-05
1.028125e+01 1.087065e-02 8.183776e-06
1.050000e+01 8.883670e-03 6.412154e-06
1.071875e+01 7.249836e-03 5.021460e-06
1.093750e+01 5.908899e-03 3.930616e-06
1.115625e+01 4.810270e-03 3.075552e-06
1.137500e+01 3.911613e-03 2.405710e-06
1.159375e+01 3.177599e-03 1.881228e-06
1.181250e+01 2.578880e-03 1.470746e-06
1.203125e+01 2.091145e-03 1.149616e-06
1.225000e+01 1.694289e-03 8.984736e-07
1.246875e+01 1.371720e-03 7.021174e-07
1.268750e+01 1.109786e-03 5.486269e-07
1.290625e+01 8.972903e-04 4.286699e-07
1.312500e+01 7.250520e-04 3.349351e-07
1.356250e+01 4.726535e-04 2.044813e-07
1.400000e+01 3.075421e-04 1.248644e-07
1.443750e+01 1.997888e-04 7.627412e-08
1.487500e+01 1.296097e-04 4.661371e-08
1.531250e+01 8.398337e-05 2.850304e-08
1.575000e+01 5.436394e-05 1.743974e-08
1.618750e+01 3.516000e-05 1.067774e-08
1.662500e+01 2.272429e-05 6.542703e-09
1.706250e+01 1.467860e-05 4.012264e-09
1.750000e+01 9.475622e-06 2.462191e-09
1.837500e+01 3.942638e-06 9.292282e-10
1.925000e+01 1.640115e-06 3.522111e-10
2.012500e+01 6.814840e-07 1.338980e-10
2.100000e+01 2.815688e-07 5.080847e-11
2.187500e+01 1.174157e-07 1.952630e-11
2.275000e+01 4.948498e-08 7.608529e-12
2.362500e+01 1.946810e-08 2.775684e-12
2.450000e+01 8.188810e-09 1.085622e-12
2.537500e+01 4.269500e-09 5.276611e-13
2.625000e+01 1.453337e-09 1.678409e-13
2.712500e+01 6.133854e-10 6.634131e-14
2.800000e+01 2.662554e-10 2.702542e-14
2.887500e+01 1.226303e-10 1.170426e-14
2.975000e+01 6.332521e-11 5.693677e-15
3.062500e+01 3.956851e-11 3.357281e-15
3.150000e+01 3.022280e-11 2.423839e-15
3.237500e+01 2.649039e-11 2.011217e-15
3.325000e+01 2.558057e-11 1.841269e-15
3.412500e+01 2.574387e-11 1.759214e-15
3.500000e+01 2.600842e-11 1.689538e-15
3.850000e+01 2.819213e-11 1.513549e-15
4.200000e+01 2.988422e-11 1.348135e-15
4.550000e+01 3.091867e-11 1.188470e-15
4.900000e+01 3.152177e-11 1.044741e-15
5.250000e+01 3.196286e-11 9.228204e-16
5.600000e+01 3.242097e-11 8.226973e-16
5.950000e+01 3.297138e-11 7.411281e-16
6.300000e+01 3.362917e-11 6.742565e-16
6.650000e+01 3.441954e-11 6.193724e-16
7.000000e+01 3.547766e-11 5.761679e-16
7.700000e+01 3.877542e-11 5.204334e-16
8.400000e+01 4.478276e-11 5.050594e-16
9.100000e+01 4.786228e-11 4.599395e-16
9.800000e+01 4.528964e-11 3.752640e-16
1.050000e+02 4.359617e-11 3.146733e-16
1.120000e+02 4.637907e-11 2.942227e-16
1.190000e+02 4.688741e-11 2.634829e-16
1.260000e+02 3.471059e-11 1.739847e-16
1.330000e+02 1.191583e-11 5.360572e-17
1.400000e+02 0.000000e+00 0.000000e+00
