# 
# Output from RAtom program.
# 
# Total radial electron density.
# The first column contains radius $r$ in bohr units.
# The second column holds $\rho(r)$.
# The third column holds $\tilde{\rho}(r) = \rho(r) / (\pi * r * r)$
# 
# Use this file with gnuplot to create the plot.
# 
# R     Rho     RhoTilde
#
0.000000e+00 0.000000e+00 1.530593e+05
1.220703e-04 2.824413e-02 1.508336e+05
2.441406e-04 1.113337e-01 1.486403e+05
3.662109e-04 2.468583e-01 1.464790e+05
4.882812e-04 4.324781e-01 1.443491e+05
6.103516e-04 6.659219e-01 1.422503e+05
7.324219e-04 9.449855e-01 1.401821e+05
8.544922e-04 1.267530e+00 1.381441e+05
9.765625e-04 1.631482e+00 1.361358e+05
1.098633e-03 2.034827e+00 1.341567e+05
1.220703e-03 2.475615e+00 1.322066e+05
1.342773e-03 2.951953e+00 1.302849e+05
1.464844e-03 3.462007e+00 1.283913e+05
1.586914e-03 4.004000e+00 1.265253e+05
1.708984e-03 4.576208e+00 1.246866e+05
1.831055e-03 5.176962e+00 1.228747e+05
1.953125e-03 5.804646e+00 1.210893e+05
2.075195e-03 6.457694e+00 1.193300e+05
2.197266e-03 7.134590e+00 1.175964e+05
2.319336e-03 7.833868e+00 1.158882e+05
2.441406e-03 8.554108e+00 1.142049e+05
2.685547e-03 1.005202e+01 1.109119e+05
2.929688e-03 1.161788e+01 1.077145e+05
3.173828e-03 1.324190e+01 1.046101e+05
3.417969e-03 1.491498e+01 1.015960e+05
3.662109e-03 1.662860e+01 9.866955e+04
3.906250e-03 1.837484e+01 9.582827e+04
4.150391e-03 2.014634e+01 9.306972e+04
4.394531e-03 2.193627e+01 9.039153e+04
4.638672e-03 2.373827e+01 8.779140e+04
4.882812e-03 2.554649e+01 8.526707e+04
5.126953e-03 2.735551e+01 8.281639e+04
5.371094e-03 2.916033e+01 8.043722e+04
5.615234e-03 3.095635e+01 7.812752e+04
5.859375e-03 3.273935e+01 7.588529e+04
6.103516e-03 3.450548e+01 7.370859e+04
6.347656e-03 3.625122e+01 7.159553e+04
6.591797e-03 3.797336e+01 6.954429e+04
6.835938e-03 3.966899e+01 6.755308e+04
7.080078e-03 4.133551e+01 6.562017e+04
7.324219e-03 4.297057e+01 6.374389e+04
7.568359e-03 4.457205e+01 6.192261e+04
7.812500e-03 4.613810e+01 6.015473e+04
8.056641e-03 4.766708e+01 5.843872e+04
8.300781e-03 4.915756e+01 5.677308e+04
8.544922e-03 5.060829e+01 5.515636e+04
8.789062e-03 5.201824e+01 5.358715e+04
9.033203e-03 5.338651e+01 5.206407e+04
9.277344e-03 5.471239e+01 5.058579e+04
9.521484e-03 5.599531e+01 4.915102e+04
9.765625e-03 5.723485e+01 4.775849e+04
1.000977e-02 5.843070e+01 4.640699e+04
1.025391e-02 5.958268e+01 4.509532e+04
1.049805e-02 6.069075e+01 4.382234e+04
1.074219e-02 6.175493e+01 4.258693e+04
1.098633e-02 6.277538e+01 4.138799e+04
1.123047e-02 6.375231e+01 4.022447e+04
1.147461e-02 6.468605e+01 3.909534e+04
1.171875e-02 6.557698e+01 3.799960e+04
1.196289e-02 6.642557e+01 3.693628e+04
1.220703e-02 6.723234e+01 3.590445e+04
1.245117e-02 6.799787e+01 3.490318e+04
1.269531e-02 6.872280e+01 3.393159e+04
1.293945e-02 6.940782e+01 3.298881e+04
1.318359e-02 7.005366e+01 3.207402e+04
1.342773e-02 7.066108e+01 3.118638e+04
1.367188e-02 7.123090e+01 3.032511e+04
1.391602e-02 7.176394e+01 2.948944e+04
1.416016e-02 7.226107e+01 2.867863e+04
1.440430e-02 7.272318e+01 2.789195e+04
1.464844e-02 7.315118e+01 2.712869e+04
1.489258e-02 7.354599e+01 2.638818e+04
1.513672e-02 7.390856e+01 2.566973e+04
1.538086e-02 7.423983e+01 2.497272e+04
1.562500e-02 7.454077e+01 2.429651e+04
1.586914e-02 7.481236e+01 2.364050e+04
1.611328e-02 7.505555e+01 2.300409e+04
1.635742e-02 7.527134e+01 2.238670e+04
1.660156e-02 7.546070e+01 2.178778e+04
1.684570e-02 7.562460e+01 2.120679e+04
1.708984e-02 7.576402e+01 2.064320e+04
1.733398e-02 7.587993e+01 2.009649e+04
1.757812e-02 7.597330e+01 1.956618e+04
1.782227e-02 7.604507e+01 1.905177e+04
1.806641e-02 7.609621e+01 1.855281e+04
1.831055e-02 7.612764e+01 1.806882e+04
1.855469e-02 7.614030e+01 1.759938e+04
1.879883e-02 7.613511e+01 1.714406e+04
1.904297e-02 7.611296e+01 1.670242e+04
1.928711e-02 7.607476e+01 1.627408e+04
1.953125e-02 7.602137e+01 1.585863e+04
2.001953e-02 7.587247e+01 1.506491e+04
2.050781e-02 7.567299e+01 1.431833e+04
2.099609e-02 7.542937e+01 1.361613e+04
2.148438e-02 7.514780e+01 1.295570e+04
2.197266e-02 7.483417e+01 1.233460e+04
2.246094e-02 7.449410e+01 1.175050e+04
2.294922e-02 7.413289e+01 1.120122e+04
2.343750e-02 7.375557e+01 1.068470e+04
2.392578e-02 7.336686e+01 1.019900e+04
2.441406e-02 7.297119e+01 9.742299e+03
2.465820e-02 7.277205e+01 9.524274e+03
2.490234e-02 7.257270e+01 9.312858e+03
2.514648e-02 7.237361e+01 9.107849e+03
2.539062e-02 7.217525e+01 8.909055e+03
2.563477e-02 7.197804e+01 8.716285e+03
2.587891e-02 7.178240e+01 8.529357e+03
2.612305e-02 7.158875e+01 8.348093e+03
2.636719e-02 7.139746e+01 8.172319e+03
2.661133e-02 7.120892e+01 8.001869e+03
2.685547e-02 7.102347e+01 7.836579e+03
2.709961e-02 7.084145e+01 7.676292e+03
2.734375e-02 7.066318e+01 7.520854e+03
2.758789e-02 7.048898e+01 7.370117e+03
2.783203e-02 7.031913e+01 7.223935e+03
2.807617e-02 7.015391e+01 7.082169e+03
2.832031e-02 6.999359e+01 6.944682e+03
2.856445e-02 6.983841e+01 6.811342e+03
2.880859e-02 6.968861e+01 6.682021e+03
2.905273e-02 6.954441e+01 6.556595e+03
2.929688e-02 6.940602e+01 6.434942e+03
2.978516e-02 6.914741e+01 6.202493e+03
3.027344e-02 6.891420e+01 5.983777e+03
3.076172e-02 6.870759e+01 5.777948e+03
3.125000e-02 6.852861e+01 5.584213e+03
3.173828e-02 6.837810e+01 5.401823e+03
3.222656e-02 6.825675e+01 5.230073e+03
3.271484e-02 6.816508e+01 5.068300e+03
3.320312e-02 6.810345e+01 4.915881e+03
3.369141e-02 6.807212e+01 4.772228e+03
3.417969e-02 6.807119e+01 4.636789e+03
3.466797e-02 6.810063e+01 4.509044e+03
3.515625e-02 6.816033e+01 4.388506e+03
3.564453e-02 6.825004e+01 4.274716e+03
3.613281e-02 6.836944e+01 4.167241e+03
3.662109e-02 6.851809e+01 4.065676e+03
3.710938e-02 6.869551e+01 3.969641e+03
3.759766e-02 6.890109e+01 3.878776e+03
3.808594e-02 6.913420e+01 3.792746e+03
3.857422e-02 6.939412e+01 3.711236e+03
3.906250e-02 6.968008e+01 3.633948e+03
3.955078e-02 6.999125e+01 3.560605e+03
4.003906e-02 7.032678e+01 3.490945e+03
4.052734e-02 7.068574e+01 3.424725e+03
4.101562e-02 7.106721e+01 3.361714e+03
4.150391e-02 7.147020e+01 3.301697e+03
4.199219e-02 7.189373e+01 3.244473e+03
4.248047e-02 7.233676e+01 3.189853e+03
4.296875e-02 7.279827e+01 3.137659e+03
4.345703e-02 7.327720e+01 3.087727e+03
4.394531e-02 7.377250e+01 3.039902e+03
4.443359e-02 7.428310e+01 2.994038e+03
4.492188e-02 7.480792e+01 2.950000e+03
4.541016e-02 7.534589e+01 2.907661e+03
4.589844e-02 7.589596e+01 2.866903e+03
4.638672e-02 7.645705e+01 2.827616e+03
4.687500e-02 7.702812e+01 2.789696e+03
4.736328e-02 7.760810e+01 2.753047e+03
4.785156e-02 7.819598e+01 2.717580e+03
4.833984e-02 7.879072e+01 2.683210e+03
4.882812e-02 7.939133e+01 2.649861e+03
4.907227e-02 7.969352e+01 2.633546e+03
4.931641e-02 7.999681e+01 2.617459e+03
4.956055e-02 8.030107e+01 2.601593e+03
4.980469e-02 8.060619e+01 2.585938e+03
5.004883e-02 8.091205e+01 2.570488e+03
5.029297e-02 8.121853e+01 2.555234e+03
5.053711e-02 8.152551e+01 2.540171e+03
5.078125e-02 8.183289e+01 2.525290e+03
5.102539e-02 8.214054e+01 2.510586e+03
5.126953e-02 8.244836e+01 2.496051e+03
5.151367e-02 8.275624e+01 2.481680e+03
5.175781e-02 8.306406e+01 2.467468e+03
5.200195e-02 8.337173e+01 2.453407e+03
5.224609e-02 8.367913e+01 2.439493e+03
5.249023e-02 8.398616e+01 2.425721e+03
5.273438e-02 8.429273e+01 2.412085e+03
5.297852e-02 8.459872e+01 2.398581e+03
5.322266e-02 8.490404e+01 2.385203e+03
5.346680e-02 8.520859e+01 2.371948e+03
5.371094e-02 8.551228e+01 2.358811e+03
5.419922e-02 8.611669e+01 2.332875e+03
5.468750e-02 8.671654e+01 2.307363e+03
5.517578e-02 8.731112e+01 2.282247e+03
5.566406e-02 8.789974e+01 2.257501e+03
5.615234e-02 8.848176e+01 2.233100e+03
5.664062e-02 8.905655e+01 2.209021e+03
5.712891e-02 8.962350e+01 2.185246e+03
5.761719e-02 9.018206e+01 2.161754e+03
5.810547e-02 9.073167e+01 2.138528e+03
5.859375e-02 9.127181e+01 2.115555e+03
5.908203e-02 9.180200e+01 2.092818e+03
5.957031e-02 9.232177e+01 2.070306e+03
6.005859e-02 9.283069e+01 2.048007e+03
6.054688e-02 9.332834e+01 2.025910e+03
6.103516e-02 9.381433e+01 2.004007e+03
6.152344e-02 9.428832e+01 1.982288e+03
6.201172e-02 9.474995e+01 1.960747e+03
6.250000e-02 9.519893e+01 1.939377e+03
6.298828e-02 9.563497e+01 1.918171e+03
6.347656e-02 9.605780e+01 1.897125e+03
6.396484e-02 9.646718e+01 1.876234e+03
6.445312e-02 9.686291e+01 1.855494e+03
6.494141e-02 9.724478e+01 1.834903e+03
6.542969e-02 9.761262e+01 1.814456e+03
6.591797e-02 9.796629e+01 1.794152e+03
6.640625e-02 9.830566e+01 1.773988e+03
6.689453e-02 9.863061e+01 1.753964e+03
6.738281e-02 9.894106e+01 1.734077e+03
6.787109e-02 9.923693e+01 1.714327e+03
6.835938e-02 9.951817e+01 1.694714e+03
6.884766e-02 9.978476e+01 1.675236e+03
6.933594e-02 1.000367e+02 1.655894e+03
6.982422e-02 1.002739e+02 1.636688e+03
7.031250e-02 1.004965e+02 1.617618e+03
7.080078e-02 1.007044e+02 1.598684e+03
7.128906e-02 1.008978e+02 1.579887e+03
7.177734e-02 1.010766e+02 1.561227e+03
7.226562e-02 1.012410e+02 1.542706e+03
7.275391e-02 1.013911e+02 1.524324e+03
7.324219e-02 1.015269e+02 1.506082e+03
7.373047e-02 1.016486e+02 1.487981e+03
7.421875e-02 1.017562e+02 1.470022e+03
7.470703e-02 1.018500e+02 1.452206e+03
7.519531e-02 1.019301e+02 1.434535e+03
7.568359e-02 1.019966e+02 1.417008e+03
7.617188e-02 1.020498e+02 1.399629e+03
7.666016e-02 1.020897e+02 1.382396e+03
7.714844e-02 1.021166e+02 1.365313e+03
7.763672e-02 1.021307e+02 1.348379e+03
7.812500e-02 1.021321e+02 1.331596e+03
7.861328e-02 1.021212e+02 1.314965e+03
7.910156e-02 1.020980e+02 1.298486e+03
7.958984e-02 1.020629e+02 1.282162e+03
8.007812e-02 1.020161e+02 1.265992e+03
8.056641e-02 1.019578e+02 1.249978e+03
8.105469e-02 1.018882e+02 1.234121e+03
8.154297e-02 1.018076e+02 1.218420e+03
8.203125e-02 1.017162e+02 1.202878e+03
8.251953e-02 1.016144e+02 1.187495e+03
8.300781e-02 1.015023e+02 1.172271e+03
8.349609e-02 1.013802e+02 1.157207e+03
8.398438e-02 1.012484e+02 1.142303e+03
8.447266e-02 1.011072e+02 1.127560e+03
8.496094e-02 1.009567e+02 1.112979e+03
8.544922e-02 1.007974e+02 1.098559e+03
8.593750e-02 1.006295e+02 1.084301e+03
8.642578e-02 1.004532e+02 1.070206e+03
8.691406e-02 1.002688e+02 1.056272e+03
8.740234e-02 1.000766e+02 1.042501e+03
8.789062e-02 9.987693e+01 1.028893e+03
8.886719e-02 9.945608e+01 1.002164e+03
8.984375e-02 9.900846e+01 9.760829e+02
9.082031e-02 9.853629e+01 9.506493e+02
9.179688e-02 9.804176e+01 9.258603e+02
9.277344e-02 9.752705e+01 9.017122e+02
9.375000e-02 9.699431e+01 8.782008e+02
9.472656e-02 9.644563e+01 8.553210e+02
9.570312e-02 9.588309e+01 8.330669e+02
9.667969e-02 9.530871e+01 8.114322e+02
9.765625e-02 9.472446e+01 7.904096e+02
9.814453e-02 9.442925e+01 7.801255e+02
9.863281e-02 9.413228e+01 7.699914e+02
9.912109e-02 9.383380e+01 7.600064e+02
9.960938e-02 9.353402e+01 7.501694e+02
1.000977e-01 9.323318e+01 7.404792e+02
1.005859e-01 9.293150e+01 7.309346e+02
1.010742e-01 9.262919e+01 7.215347e+02
1.015625e-01 9.232645e+01 7.122780e+02
1.020508e-01 9.202351e+01 7.031634e+02
1.025391e-01 9.172057e+01 6.941898e+02
1.026611e-01 9.164486e+01 6.919682e+02
1.027832e-01 9.156916e+01 6.897553e+02
1.029053e-01 9.149348e+01 6.875512e+02
1.030273e-01 9.141782e+01 6.853557e+02
1.031494e-01 9.134219e+01 6.831688e+02
1.032715e-01 9.126658e+01 6.809906e+02
1.033936e-01 9.119101e+01 6.788209e+02
1.035156e-01 9.111547e+01 6.766599e+02
1.036377e-01 9.103996e+01 6.745074e+02
1.037598e-01 9.096449e+01 6.723634e+02
1.038818e-01 9.088907e+01 6.702280e+02
1.040039e-01 9.081369e+01 6.681011e+02
1.041260e-01 9.073836e+01 6.659826e+02
1.042480e-01 9.066308e+01 6.638726e+02
1.043701e-01 9.058786e+01 6.617711e+02
1.044922e-01 9.051270e+01 6.596780e+02
1.046143e-01 9.043759e+01 6.575933e+02
1.047363e-01 9.036254e+01 6.555169e+02
1.048584e-01 9.028757e+01 6.534489e+02
1.049805e-01 9.021266e+01 6.513892e+02
1.052246e-01 9.006305e+01 6.472948e+02
1.054688e-01 8.991375e+01 6.432335e+02
1.057129e-01 8.976477e+01 6.392050e+02
1.059570e-01 8.961615e+01 6.352093e+02
1.062012e-01 8.946789e+01 6.312461e+02
1.064453e-01 8.932003e+01 6.273153e+02
1.066895e-01 8.917257e+01 6.234167e+02
1.069336e-01 8.902555e+01 6.195502e+02
1.071777e-01 8.887898e+01 6.157154e+02
1.074219e-01 8.873288e+01 6.119124e+02
1.083984e-01 8.815358e+01 5.970134e+02
1.093750e-01 8.758334e+01 5.826067e+02
1.103516e-01 8.702328e+01 5.686809e+02
1.113281e-01 8.647448e+01 5.552241e+02
1.123047e-01 8.593793e+01 5.422246e+02
1.132812e-01 8.541454e+01 5.296706e+02
1.142578e-01 8.490519e+01 5.175503e+02
1.152344e-01 8.441066e+01 5.058518e+02
1.162109e-01 8.393168e+01 4.945635e+02
1.171875e-01 8.346889e+01 4.836734e+02
1.181641e-01 8.302291e+01 4.731701e+02
1.191406e-01 8.259426e+01 4.630418e+02
1.201172e-01 8.218341e+01 4.532773e+02
1.210938e-01 8.179078e+01 4.438651e+02
1.220703e-01 8.141673e+01 4.347941e+02
1.230469e-01 8.106154e+01 4.260532e+02
1.240234e-01 8.072548e+01 4.176315e+02
1.250000e-01 8.040873e+01 4.095183e+02
1.259766e-01 8.011143e+01 4.017030e+02
1.269531e-01 7.983368e+01 3.941754e+02
1.279297e-01 7.957552e+01 3.869251e+02
1.289062e-01 7.933696e+01 3.799424e+02
1.298828e-01 7.911795e+01 3.732173e+02
1.308594e-01 7.891842e+01 3.667405e+02
1.318359e-01 7.873823e+01 3.605024e+02
1.328125e-01 7.857724e+01 3.544941e+02
1.337891e-01 7.843523e+01 3.487065e+02
1.347656e-01 7.831199e+01 3.431312e+02
1.357422e-01 7.820726e+01 3.377595e+02
1.367188e-01 7.812073e+01 3.325832e+02
1.376953e-01 7.805210e+01 3.275944e+02
1.386719e-01 7.800102e+01 3.227852e+02
1.396484e-01 7.796710e+01 3.181481e+02
1.406250e-01 7.794997e+01 3.136758e+02
1.416016e-01 7.794920e+01 3.093611e+02
1.425781e-01 7.796435e+01 3.051971e+02
1.435547e-01 7.799498e+01 3.011772e+02
1.445312e-01 7.804062e+01 2.972948e+02
1.455078e-01 7.810076e+01 2.935437e+02
1.464844e-01 7.817493e+01 2.899179e+02
1.474609e-01 7.826260e+01 2.864115e+02
1.484375e-01 7.836325e+01 2.830188e+02
1.494141e-01 7.847635e+01 2.797345e+02
1.503906e-01 7.860136e+01 2.765532e+02
1.513672e-01 7.873773e+01 2.734699e+02
1.523438e-01 7.888491e+01 2.704798e+02
1.533203e-01 7.904233e+01 2.675780e+02
1.542969e-01 7.920944e+01 2.647603e+02
1.552734e-01 7.938567e+01 2.620221e+02
1.562500e-01 7.957046e+01 2.593594e+02
1.582031e-01 7.996345e+01 2.542445e+02
1.601562e-01 8.038388e+01 2.493856e+02
1.621094e-01 8.082729e+01 2.447552e+02
1.640625e-01 8.128924e+01 2.403281e+02
1.660156e-01 8.176541e+01 2.360814e+02
1.679688e-01 8.225157e+01 2.319943e+02
1.699219e-01 8.274361e+01 2.280479e+02
1.718750e-01 8.323759e+01 2.242251e+02
1.738281e-01 8.372967e+01 2.205106e+02
1.757812e-01 8.421623e+01 2.168907e+02
1.777344e-01 8.469380e+01 2.133531e+02
1.796875e-01 8.515908e+01 2.098869e+02
1.816406e-01 8.560897e+01 2.064826e+02
1.835938e-01 8.604058e+01 2.031317e+02
1.855469e-01 8.645120e+01 1.998269e+02
1.875000e-01 8.683832e+01 1.965617e+02
1.894531e-01 8.719962e+01 1.933309e+02
1.914062e-01 8.753301e+01 1.901296e+02
1.933594e-01 8.783657e+01 1.869541e+02
1.953125e-01 8.810858e+01 1.838012e+02
1.962891e-01 8.823227e+01 1.822323e+02
1.972656e-01 8.834752e+01 1.806682e+02
1.982422e-01 8.845417e+01 1.791085e+02
1.992188e-01 8.855206e+01 1.775532e+02
2.001953e-01 8.864106e+01 1.760019e+02
2.011719e-01 8.872104e+01 1.744545e+02
2.021484e-01 8.879188e+01 1.729110e+02
2.031250e-01 8.885348e+01 1.713712e+02
2.041016e-01 8.890575e+01 1.698351e+02
2.050781e-01 8.894860e+01 1.683025e+02
2.053223e-01 8.895783e+01 1.679199e+02
2.055664e-01 8.896647e+01 1.675376e+02
2.058105e-01 8.897451e+01 1.671554e+02
2.060547e-01 8.898195e+01 1.667735e+02
2.062988e-01 8.898880e+01 1.663918e+02
2.065430e-01 8.899505e+01 1.660103e+02
2.067871e-01 8.900070e+01 1.656291e+02
2.070312e-01 8.900575e+01 1.652481e+02
2.072754e-01 8.901020e+01 1.648673e+02
2.075195e-01 8.901405e+01 1.644867e+02
2.076416e-01 8.901575e+01 1.642965e+02
2.077637e-01 8.901729e+01 1.641063e+02
2.078857e-01 8.901869e+01 1.639162e+02
2.080078e-01 8.901994e+01 1.637262e+02
2.081299e-01 8.902103e+01 1.635362e+02
2.082520e-01 8.902198e+01 1.633463e+02
2.083740e-01 8.902277e+01 1.631564e+02
2.084961e-01 8.902341e+01 1.629666e+02
2.086182e-01 8.902391e+01 1.627768e+02
2.087402e-01 8.902425e+01 1.625871e+02
2.088623e-01 8.902444e+01 1.623975e+02
2.089844e-01 8.902447e+01 1.622079e+02
2.091064e-01 8.902436e+01 1.620183e+02
2.092285e-01 8.902409e+01 1.618289e+02
2.093506e-01 8.902368e+01 1.616394e+02
2.094727e-01 8.902311e+01 1.614501e+02
2.095947e-01 8.902239e+01 1.612608e+02
2.097168e-01 8.902152e+01 1.610715e+02
2.098389e-01 8.902049e+01 1.608823e+02
2.099609e-01 8.901932e+01 1.606932e+02
2.104492e-01 8.901310e+01 1.599372e+02
2.109375e-01 8.900444e+01 1.591821e+02
2.114258e-01 8.899336e+01 1.584280e+02
2.119141e-01 8.897983e+01 1.576748e+02
2.124023e-01 8.896388e+01 1.569225e+02
2.128906e-01 8.894548e+01 1.561712e+02
2.133789e-01 8.892465e+01 1.554209e+02
2.138672e-01 8.890139e+01 1.546715e+02
2.143555e-01 8.887569e+01 1.539232e+02
2.148438e-01 8.884756e+01 1.531758e+02
2.158203e-01 8.878402e+01 1.516842e+02
2.167969e-01 8.871079e+01 1.501968e+02
2.177734e-01 8.862790e+01 1.487136e+02
2.187500e-01 8.853540e+01 1.472350e+02
2.197266e-01 8.843332e+01 1.457609e+02
2.207031e-01 8.832173e+01 1.442915e+02
2.216797e-01 8.820069e+01 1.428270e+02
2.226562e-01 8.807026e+01 1.413675e+02
2.236328e-01 8.793051e+01 1.399132e+02
2.246094e-01 8.778153e+01 1.384642e+02
2.255859e-01 8.762341e+01 1.370207e+02
2.265625e-01 8.745623e+01 1.355829e+02
2.275391e-01 8.728008e+01 1.341508e+02
2.285156e-01 8.709508e+01 1.327248e+02
2.294922e-01 8.690133e+01 1.313048e+02
2.304688e-01 8.669894e+01 1.298912e+02
2.314453e-01 8.648802e+01 1.284841e+02
2.324219e-01 8.626870e+01 1.270836e+02
2.333984e-01 8.604110e+01 1.256899e+02
2.343750e-01 8.580535e+01 1.243031e+02
2.363281e-01 8.530993e+01 1.215511e+02
2.382812e-01 8.478354e+01 1.188289e+02
2.402344e-01 8.422733e+01 1.161376e+02
2.421875e-01 8.364249e+01 1.134785e+02
2.441406e-01 8.303025e+01 1.108527e+02
2.460938e-01 8.239188e+01 1.082613e+02
2.480469e-01 8.172868e+01 1.057054e+02
2.500000e-01 8.104196e+01 1.031858e+02
2.519531e-01 8.033306e+01 1.007036e+02
2.539062e-01 7.960332e+01 9.825950e+01
2.548828e-01 7.923106e+01 9.705201e+01
2.558594e-01 7.885411e+01 9.585434e+01
2.568359e-01 7.847262e+01 9.466658e+01
2.578125e-01 7.808678e+01 9.348882e+01
2.587891e-01 7.769675e+01 9.232114e+01
2.597656e-01 7.730270e+01 9.116359e+01
2.607422e-01 7.690481e+01 9.001627e+01
2.617188e-01 7.650323e+01 8.887922e+01
2.626953e-01 7.609815e+01 8.775252e+01
2.636719e-01 7.568973e+01 8.663622e+01
2.646484e-01 7.527814e+01 8.553037e+01
2.656250e-01 7.486355e+01 8.443502e+01
2.666016e-01 7.444611e+01 8.335022e+01
2.675781e-01 7.402600e+01 8.227601e+01
2.685547e-01 7.360338e+01 8.121242e+01
2.695312e-01 7.317842e+01 8.015949e+01
2.705078e-01 7.275127e+01 7.911724e+01
2.714844e-01 7.232210e+01 7.808570e+01
2.724609e-01 7.189107e+01 7.706489e+01
2.734375e-01 7.145833e+01 7.605483e+01
2.753906e-01 7.058835e+01 7.406702e+01
2.773438e-01 6.971340e+01 7.212231e+01
2.792969e-01 6.883469e+01 7.022073e+01
2.812500e-01 6.795339e+01 6.836222e+01
2.832031e-01 6.707065e+01 6.654670e+01
2.851562e-01 6.618759e+01 6.477403e+01
2.871094e-01 6.530529e+01 6.304400e+01
2.890625e-01 6.442480e+01 6.135638e+01
2.910156e-01 6.354714e+01 5.971089e+01
2.929688e-01 6.267329e+01 5.810721e+01
2.949219e-01 6.180420e+01 5.654499e+01
2.968750e-01 6.094078e+01 5.502384e+01
2.988281e-01 6.008389e+01 5.354332e+01
3.007812e-01 5.923439e+01 5.210297e+01
3.027344e-01 5.839306e+01 5.070232e+01
3.046875e-01 5.756067e+01 4.934086e+01
3.066406e-01 5.673794e+01 4.801803e+01
3.085938e-01 5.592557e+01 4.673329e+01
3.105469e-01 5.512421e+01 4.548605e+01
3.125000e-01 5.433447e+01 4.427571e+01
3.144531e-01 5.355693e+01 4.310166e+01
3.164062e-01 5.279212e+01 4.196325e+01
3.183594e-01 5.204055e+01 4.085985e+01
3.203125e-01 5.130270e+01 3.979079e+01
3.222656e-01 5.057899e+01 3.875541e+01
3.242188e-01 4.986984e+01 3.775303e+01
3.261719e-01 4.917561e+01 3.678298e+01
3.281250e-01 4.849664e+01 3.584455e+01
3.300781e-01 4.783323e+01 3.493706e+01
3.320312e-01 4.718566e+01 3.405981e+01
3.339844e-01 4.655416e+01 3.321210e+01
3.359375e-01 4.593895e+01 3.239322e+01
3.378906e-01 4.534021e+01 3.160249e+01
3.398438e-01 4.475809e+01 3.083920e+01
3.417969e-01 4.419273e+01 3.010266e+01
3.437500e-01 4.364423e+01 2.939216e+01
3.457031e-01 4.311265e+01 2.870703e+01
3.476562e-01 4.259806e+01 2.804658e+01
3.496094e-01 4.210047e+01 2.741012e+01
3.515625e-01 4.161990e+01 2.679699e+01
3.535156e-01 4.115632e+01 2.620653e+01
3.554688e-01 4.070969e+01 2.563806e+01
3.574219e-01 4.027996e+01 2.509094e+01
3.593750e-01 3.986704e+01 2.456453e+01
3.613281e-01 3.947084e+01 2.405819e+01
3.632812e-01 3.909124e+01 2.357130e+01
3.652344e-01 3.872810e+01 2.310325e+01
3.671875e-01 3.838129e+01 2.265343e+01
3.691406e-01 3.805062e+01 2.222124e+01
3.710938e-01 3.773593e+01 2.180610e+01
3.730469e-01 3.743703e+01 2.140744e+01
3.750000e-01 3.715369e+01 2.102469e+01
3.769531e-01 3.688572e+01 2.065731e+01
3.789062e-01 3.663288e+01 2.030475e+01
3.808594e-01 3.639492e+01 1.996649e+01
3.828125e-01 3.617161e+01 1.964200e+01
3.847656e-01 3.596267e+01 1.933079e+01
3.867188e-01 3.576785e+01 1.903235e+01
3.886719e-01 3.558686e+01 1.874622e+01
3.906250e-01 3.541943e+01 1.847190e+01
3.925781e-01 3.526527e+01 1.820896e+01
3.945312e-01 3.512407e+01 1.795693e+01
3.964844e-01 3.499555e+01 1.771539e+01
3.984375e-01 3.487939e+01 1.748391e+01
4.003906e-01 3.477528e+01 1.726207e+01
4.023438e-01 3.468292e+01 1.704948e+01
4.042969e-01 3.460198e+01 1.684575e+01
4.062500e-01 3.453215e+01 1.665049e+01
4.082031e-01 3.447310e+01 1.646334e+01
4.101562e-01 3.442452e+01 1.628393e+01
4.106445e-01 3.441397e+01 1.624025e+01
4.111328e-01 3.440405e+01 1.619703e+01
4.116211e-01 3.439475e+01 1.615426e+01
4.121094e-01 3.438607e+01 1.611194e+01
4.125977e-01 3.437801e+01 1.607005e+01
4.130859e-01 3.437055e+01 1.602861e+01
4.135742e-01 3.436370e+01 1.598759e+01
4.140625e-01 3.435744e+01 1.594701e+01
4.145508e-01 3.435178e+01 1.590684e+01
4.150391e-01 3.434671e+01 1.586709e+01
4.155273e-01 3.434222e+01 1.582775e+01
4.160156e-01 3.433830e+01 1.578882e+01
4.165039e-01 3.433496e+01 1.575029e+01
4.169922e-01 3.433219e+01 1.571216e+01
4.174805e-01 3.432998e+01 1.567442e+01
4.179688e-01 3.432833e+01 1.563706e+01
4.184570e-01 3.432722e+01 1.560009e+01
4.189453e-01 3.432667e+01 1.556350e+01
4.194336e-01 3.432666e+01 1.552728e+01
4.199219e-01 3.432719e+01 1.549142e+01
4.208984e-01 3.432983e+01 1.542081e+01
4.218750e-01 3.433457e+01 1.535162e+01
4.228516e-01 3.434135e+01 1.528381e+01
4.238281e-01 3.435014e+01 1.521735e+01
4.248047e-01 3.436091e+01 1.515222e+01
4.257812e-01 3.437359e+01 1.508836e+01
4.267578e-01 3.438817e+01 1.502575e+01
4.277344e-01 3.440460e+01 1.496437e+01
4.287109e-01 3.442283e+01 1.490416e+01
4.296875e-01 3.444284e+01 1.484512e+01
4.335938e-01 3.453977e+01 1.461987e+01
4.375000e-01 3.466191e+01 1.441075e+01
4.414062e-01 3.480682e+01 1.421600e+01
4.453125e-01 3.497211e+01 1.403403e+01
4.492188e-01 3.515549e+01 1.386333e+01
4.531250e-01 3.535469e+01 1.370254e+01
4.570312e-01 3.556756e+01 1.355041e+01
4.609375e-01 3.579200e+01 1.340578e+01
4.648438e-01 3.602598e+01 1.326759e+01
4.687500e-01 3.626760e+01 1.313489e+01
4.726562e-01 3.651500e+01 1.300680e+01
4.765625e-01 3.676641e+01 1.288255e+01
4.804688e-01 3.702019e+01 1.276140e+01
4.843750e-01 3.727473e+01 1.264274e+01
4.882812e-01 3.752855e+01 1.252598e+01
4.921875e-01 3.778025e+01 1.241063e+01
4.960938e-01 3.802850e+01 1.229622e+01
5.000000e-01 3.827207e+01 1.218238e+01
5.039062e-01 3.850981e+01 1.206874e+01
5.078125e-01 3.874067e+01 1.195503e+01
5.097656e-01 3.885321e+01 1.189805e+01
5.117188e-01 3.896366e+01 1.184097e+01
5.136719e-01 3.907192e+01 1.178375e+01
5.156250e-01 3.917788e+01 1.172636e+01
5.175781e-01 3.928144e+01 1.166879e+01
5.195312e-01 3.938251e+01 1.161101e+01
5.214844e-01 3.948099e+01 1.155302e+01
5.234375e-01 3.957679e+01 1.149479e+01
5.253906e-01 3.966984e+01 1.143631e+01
5.273438e-01 3.976006e+01 1.137757e+01
5.292969e-01 3.984737e+01 1.131856e+01
5.312500e-01 3.993171e+01 1.125927e+01
5.332031e-01 4.001300e+01 1.119969e+01
5.351562e-01 4.009120e+01 1.113981e+01
5.371094e-01 4.016623e+01 1.107964e+01
5.390625e-01 4.023806e+01 1.101917e+01
5.410156e-01 4.030663e+01 1.095840e+01
5.429688e-01 4.037189e+01 1.089732e+01
5.449219e-01 4.043380e+01 1.083593e+01
5.468750e-01 4.049234e+01 1.077424e+01
5.507812e-01 4.059911e+01 1.064997e+01
5.546875e-01 4.069198e+01 1.052452e+01
5.585938e-01 4.077076e+01 1.039793e+01
5.625000e-01 4.083532e+01 1.027025e+01
5.664062e-01 4.088556e+01 1.014154e+01
5.703125e-01 4.092146e+01 1.001188e+01
5.742188e-01 4.094300e+01 9.881321e+00
5.781250e-01 4.095022e+01 9.749960e+00
5.820312e-01 4.094320e+01 9.617878e+00
5.859375e-01 4.092204e+01 9.485163e+00
5.898438e-01 4.088688e+01 9.351906e+00
5.937500e-01 4.083789e+01 9.218202e+00
5.976562e-01 4.077527e+01 9.084145e+00
6.015625e-01 4.069924e+01 8.949833e+00
6.054688e-01 4.061003e+01 8.815359e+00
6.093750e-01 4.050792e+01 8.680822e+00
6.132812e-01 4.039319e+01 8.546315e+00
6.171875e-01 4.026613e+01 8.411932e+00
6.210938e-01 4.012706e+01 8.277767e+00
6.250000e-01 3.997632e+01 8.143909e+00
6.289062e-01 3.981424e+01 8.010446e+00
6.328125e-01 3.964116e+01 7.877463e+00
6.367188e-01 3.945745e+01 7.745044e+00
6.406250e-01 3.926348e+01 7.613268e+00
6.445312e-01 3.905961e+01 7.482214e+00
6.484375e-01 3.884624e+01 7.351955e+00
6.523438e-01 3.862373e+01 7.222564e+00
6.562500e-01 3.839248e+01 7.094107e+00
6.601562e-01 3.815288e+01 6.966649e+00
6.640625e-01 3.790530e+01 6.840252e+00
6.679688e-01 3.765013e+01 6.714974e+00
6.718750e-01 3.738777e+01 6.590869e+00
6.757812e-01 3.711858e+01 6.467989e+00
6.796875e-01 3.684296e+01 6.346381e+00
6.835938e-01 3.656129e+01 6.226091e+00
6.875000e-01 3.627392e+01 6.107159e+00
6.914062e-01 3.598124e+01 5.989626e+00
6.953125e-01 3.568361e+01 5.873525e+00
6.992188e-01 3.538138e+01 5.758890e+00
7.031250e-01 3.507491e+01 5.645749e+00
7.109375e-01 3.445062e+01 5.424057e+00
7.187500e-01 3.381342e+01 5.208630e+00
7.265625e-01 3.316588e+01 4.999605e+00
7.343750e-01 3.251045e+01 4.797084e+00
7.421875e-01 3.184944e+01 4.601132e+00
7.500000e-01 3.118504e+01 4.411781e+00
7.578125e-01 3.051929e+01 4.229032e+00
7.656250e-01 2.985409e+01 4.052862e+00
7.734375e-01 2.919123e+01 3.883220e+00
7.812500e-01 2.853233e+01 3.720037e+00
7.851562e-01 2.820484e+01 3.640840e+00
7.890625e-01 2.787890e+01 3.563223e+00
7.929688e-01 2.755467e+01 3.487171e+00
7.968750e-01 2.723232e+01 3.412671e+00
8.007812e-01 2.691199e+01 3.339706e+00
8.046875e-01 2.659384e+01 3.268260e+00
8.085938e-01 2.627799e+01 3.198317e+00
8.125000e-01 2.596458e+01 3.129859e+00
8.164062e-01 2.565373e+01 3.062867e+00
8.203125e-01 2.534556e+01 2.997322e+00
8.212891e-01 2.526895e+01 2.981160e+00
8.222656e-01 2.519252e+01 2.965087e+00
8.232422e-01 2.511626e+01 2.949103e+00
8.242188e-01 2.504018e+01 2.933207e+00
8.251953e-01 2.496428e+01 2.917399e+00
8.261719e-01 2.488857e+01 2.901678e+00
8.271484e-01 2.481304e+01 2.886045e+00
8.281250e-01 2.473769e+01 2.870500e+00
8.291016e-01 2.466253e+01 2.855041e+00
8.300781e-01 2.458756e+01 2.839668e+00
8.305664e-01 2.455014e+01 2.832014e+00
8.310547e-01 2.451278e+01 2.824382e+00
8.315430e-01 2.447546e+01 2.816771e+00
8.320312e-01 2.443819e+01 2.809182e+00
8.325195e-01 2.440096e+01 2.801613e+00
8.330078e-01 2.436379e+01 2.794067e+00
8.334961e-01 2.432666e+01 2.786541e+00
8.339844e-01 2.428958e+01 2.779037e+00
8.344727e-01 2.425255e+01 2.771554e+00
8.349609e-01 2.421557e+01 2.764092e+00
8.354492e-01 2.417864e+01 2.756651e+00
8.359375e-01 2.414175e+01 2.749232e+00
8.364258e-01 2.410492e+01 2.741833e+00
8.369141e-01 2.406813e+01 2.734455e+00
8.374023e-01 2.403140e+01 2.727099e+00
8.378906e-01 2.399472e+01 2.719763e+00
8.383789e-01 2.395808e+01 2.712448e+00
8.388672e-01 2.392150e+01 2.705154e+00
8.393555e-01 2.388496e+01 2.697881e+00
8.398438e-01 2.384848e+01 2.690629e+00
8.417969e-01 2.370305e+01 2.661826e+00
8.437500e-01 2.355844e+01 2.633353e+00
8.457031e-01 2.341465e+01 2.605205e+00
8.476562e-01 2.327170e+01 2.577381e+00
8.496094e-01 2.312959e+01 2.549879e+00
8.515625e-01 2.298833e+01 2.522694e+00
8.535156e-01 2.284794e+01 2.495825e+00
8.554688e-01 2.270840e+01 2.469269e+00
8.574219e-01 2.256974e+01 2.443023e+00
8.593750e-01 2.243195e+01 2.417084e+00
8.671875e-01 2.188971e+01 2.316350e+00
8.750000e-01 2.136194e+01 2.220316e+00
8.828125e-01 2.084891e+01 2.128808e+00
8.906250e-01 2.035080e+01 2.041653e+00
8.984375e-01 1.986775e+01 1.958678e+00
9.062500e-01 1.939981e+01 1.879713e+00
9.140625e-01 1.894701e+01 1.804592e+00
9.218750e-01 1.850930e+01 1.733150e+00
9.296875e-01 1.808660e+01 1.665226e+00
9.375000e-01 1.767878e+01 1.600663e+00
9.453125e-01 1.728567e+01 1.539308e+00
9.531250e-01 1.690707e+01 1.481013e+00
9.609375e-01 1.654276e+01 1.425634e+00
9.687500e-01 1.619248e+01 1.373030e+00
9.765625e-01 1.585594e+01 1.323068e+00
9.843750e-01 1.553285e+01 1.275617e+00
9.921875e-01 1.522288e+01 1.230551e+00
1.000000e+00 1.492570e+01 1.187749e+00
1.007812e+00 1.464096e+01 1.147097e+00
1.015625e+00 1.436830e+01 1.108482e+00
1.019531e+00 1.423638e+01 1.089905e+00
1.023438e+00 1.410735e+01 1.071798e+00
1.027344e+00 1.398115e+01 1.054148e+00
1.031250e+00 1.385774e+01 1.036942e+00
1.035156e+00 1.373707e+01 1.020170e+00
1.039062e+00 1.361909e+01 1.003818e+00
1.042969e+00 1.350376e+01 9.878756e-01
1.046875e+00 1.339102e+01 9.723314e-01
1.050781e+00 1.328084e+01 9.571742e-01
1.054688e+00 1.317315e+01 9.423935e-01
1.058594e+00 1.306792e+01 9.279787e-01
1.062500e+00 1.296509e+01 9.139195e-01
1.066406e+00 1.286463e+01 9.002061e-01
1.070312e+00 1.276647e+01 8.868287e-01
1.074219e+00 1.267057e+01 8.737777e-01
1.078125e+00 1.257690e+01 8.610440e-01
1.082031e+00 1.248539e+01 8.486185e-01
1.085938e+00 1.239600e+01 8.364924e-01
1.089844e+00 1.230869e+01 8.246572e-01
1.093750e+00 1.222341e+01 8.131044e-01
1.101562e+00 1.205876e+01 7.908141e-01
1.109375e+00 1.190169e+01 7.695589e-01
1.117188e+00 1.175184e+01 7.492796e-01
1.125000e+00 1.160887e+01 7.299199e-01
1.132812e+00 1.147245e+01 7.114269e-01
1.140625e+00 1.134224e+01 6.937502e-01
1.148438e+00 1.121791e+01 6.768423e-01
1.156250e+00 1.109917e+01 6.606585e-01
1.164062e+00 1.098569e+01 6.451562e-01
1.171875e+00 1.087719e+01 6.302957e-01
1.179688e+00 1.077339e+01 6.160393e-01
1.187500e+00 1.067400e+01 6.023514e-01
1.195312e+00 1.057876e+01 5.891988e-01
1.203125e+00 1.048741e+01 5.765499e-01
1.210938e+00 1.039971e+01 5.643751e-01
1.218750e+00 1.031542e+01 5.526468e-01
1.226562e+00 1.023430e+01 5.413387e-01
1.234375e+00 1.015615e+01 5.304264e-01
1.242188e+00 1.008075e+01 5.198868e-01
1.250000e+00 1.000790e+01 5.096984e-01
1.265625e+00 9.869103e+00 4.902953e-01
1.281250e+00 9.738324e+00 4.720702e-01
1.296875e+00 9.614275e+00 4.548942e-01
1.312500e+00 9.495790e+00 4.386545e-01
1.328125e+00 9.381829e+00 4.232527e-01
1.343750e+00 9.271466e+00 4.086030e-01
1.359375e+00 9.163881e+00 3.946308e-01
1.375000e+00 9.058355e+00 3.812713e-01
1.390625e+00 8.954263e+00 3.684681e-01
1.406250e+00 8.851063e+00 3.561726e-01
1.414062e+00 8.799651e+00 3.502018e-01
1.421875e+00 8.748295e+00 3.443426e-01
1.429688e+00 8.696948e+00 3.385905e-01
1.437500e+00 8.645569e+00 3.329415e-01
1.445312e+00 8.594118e+00 3.273919e-01
1.453125e+00 8.542561e+00 3.219380e-01
1.460938e+00 8.490867e+00 3.165767e-01
1.468750e+00 8.439007e+00 3.113047e-01
1.476562e+00 8.386959e+00 3.061195e-01
1.484375e+00 8.334699e+00 3.010182e-01
1.492188e+00 8.282209e+00 2.959985e-01
1.500000e+00 8.229473e+00 2.910581e-01
1.507812e+00 8.176478e+00 2.861948e-01
1.515625e+00 8.123212e+00 2.814067e-01
1.523438e+00 8.069668e+00 2.766919e-01
1.531250e+00 8.015837e+00 2.720488e-01
1.539062e+00 7.961717e+00 2.674757e-01
1.546875e+00 7.907303e+00 2.629711e-01
1.554688e+00 7.852595e+00 2.585337e-01
1.562500e+00 7.797594e+00 2.541620e-01
1.570312e+00 7.742301e+00 2.498550e-01
1.578125e+00 7.686720e+00 2.456113e-01
1.585938e+00 7.630857e+00 2.414300e-01
1.593750e+00 7.574717e+00 2.373101e-01
1.601562e+00 7.518307e+00 2.332504e-01
1.609375e+00 7.461636e+00 2.292502e-01
1.617188e+00 7.404713e+00 2.253085e-01
1.625000e+00 7.347548e+00 2.214246e-01
1.632812e+00 7.290151e+00 2.175976e-01
1.640625e+00 7.232535e+00 2.138267e-01
1.642578e+00 7.218097e+00 2.128927e-01
1.644531e+00 7.203648e+00 2.119622e-01
1.646484e+00 7.189185e+00 2.110350e-01
1.648438e+00 7.174710e+00 2.101114e-01
1.650391e+00 7.160223e+00 2.091911e-01
1.652344e+00 7.145724e+00 2.082742e-01
1.654297e+00 7.131213e+00 2.073608e-01
1.656250e+00 7.116691e+00 2.064507e-01
1.658203e+00 7.102157e+00 2.055441e-01
1.660156e+00 7.087612e+00 2.046408e-01
1.662109e+00 7.073056e+00 2.037408e-01
1.664062e+00 7.058489e+00 2.028442e-01
1.666016e+00 7.043912e+00 2.019510e-01
1.667969e+00 7.029325e+00 2.010610e-01
1.669922e+00 7.014727e+00 2.001744e-01
1.671875e+00 7.000120e+00 1.992912e-01
1.673828e+00 6.985503e+00 1.984112e-01
1.675781e+00 6.970877e+00 1.975345e-01
1.677734e+00 6.956241e+00 1.966611e-01
1.679688e+00 6.941597e+00 1.957909e-01
1.683594e+00 6.912282e+00 1.940604e-01
1.687500e+00 6.882934e+00 1.923429e-01
1.691406e+00 6.853555e+00 1.906383e-01
1.695312e+00 6.824146e+00 1.889465e-01
1.699219e+00 6.794710e+00 1.872675e-01
1.703125e+00 6.765248e+00 1.856012e-01
1.707031e+00 6.735763e+00 1.839475e-01
1.710938e+00 6.706256e+00 1.823064e-01
1.714844e+00 6.676728e+00 1.806778e-01
1.718750e+00 6.647183e+00 1.790616e-01
1.734375e+00 6.528861e+00 1.727196e-01
1.750000e+00 6.410406e+00 1.665711e-01
1.765625e+00 6.291941e+00 1.606119e-01
1.781250e+00 6.173588e+00 1.548382e-01
1.796875e+00 6.055469e+00 1.492458e-01
1.812500e+00 5.937702e+00 1.438310e-01
1.828125e+00 5.820402e+00 1.385898e-01
1.843750e+00 5.703681e+00 1.335184e-01
1.859375e+00 5.587646e+00 1.286130e-01
1.875000e+00 5.472400e+00 1.238698e-01
1.890625e+00 5.358042e+00 1.192849e-01
1.906250e+00 5.244665e+00 1.148546e-01
1.921875e+00 5.132359e+00 1.105750e-01
1.937500e+00 5.021205e+00 1.064424e-01
1.953125e+00 4.911283e+00 1.024531e-01
1.968750e+00 4.802665e+00 9.860327e-02
1.984375e+00 4.695419e+00 9.488924e-02
2.000000e+00 4.589607e+00 9.130732e-02
2.015625e+00 4.485285e+00 8.785384e-02
2.031250e+00 4.382507e+00 8.452516e-02
2.035156e+00 4.357060e+00 8.371208e-02
2.039062e+00 4.331712e+00 8.290651e-02
2.042969e+00 4.306465e+00 8.210841e-02
2.046875e+00 4.281320e+00 8.131771e-02
2.050781e+00 4.256276e+00 8.053437e-02
2.054688e+00 4.231336e+00 7.975833e-02
2.058594e+00 4.206499e+00 7.898954e-02
2.062500e+00 4.181765e+00 7.822793e-02
2.066406e+00 4.157136e+00 7.747346e-02
2.070312e+00 4.132612e+00 7.672607e-02
2.074219e+00 4.108194e+00 7.598571e-02
2.078125e+00 4.083881e+00 7.525232e-02
2.082031e+00 4.059675e+00 7.452585e-02
2.085938e+00 4.035576e+00 7.380625e-02
2.089844e+00 4.011585e+00 7.309345e-02
2.093750e+00 3.987701e+00 7.238742e-02
2.097656e+00 3.963926e+00 7.168809e-02
2.101562e+00 3.940259e+00 7.099541e-02
2.105469e+00 3.916701e+00 7.030934e-02
2.109375e+00 3.893253e+00 6.962981e-02
2.117188e+00 3.846687e+00 6.829019e-02
2.125000e+00 3.800563e+00 6.697615e-02
2.132812e+00 3.754883e+00 6.568727e-02
2.140625e+00 3.709650e+00 6.442314e-02
2.148438e+00 3.664865e+00 6.318336e-02
2.156250e+00 3.620531e+00 6.196753e-02
2.164062e+00 3.576649e+00 6.077526e-02
2.171875e+00 3.533220e+00 5.960616e-02
2.179688e+00 3.490245e+00 5.845984e-02
2.187500e+00 3.447725e+00 5.733590e-02
2.203125e+00 3.364054e+00 5.515372e-02
2.218750e+00 3.282208e+00 5.305661e-02
2.234375e+00 3.202188e+00 5.104167e-02
2.250000e+00 3.123992e+00 4.910605e-02
2.265625e+00 3.047613e+00 4.724696e-02
2.281250e+00 2.973044e+00 4.546171e-02
2.296875e+00 2.900275e+00 4.374763e-02
2.312500e+00 2.829293e+00 4.210218e-02
2.328125e+00 2.760084e+00 4.052284e-02
2.343750e+00 2.692632e+00 3.900718e-02
2.359375e+00 2.626919e+00 3.755285e-02
2.375000e+00 2.562926e+00 3.615754e-02
2.390625e+00 2.500631e+00 3.481904e-02
2.406250e+00 2.440012e+00 3.353518e-02
2.421875e+00 2.381047e+00 3.230388e-02
2.437500e+00 2.323710e+00 3.112310e-02
2.453125e+00 2.267977e+00 2.999089e-02
2.468750e+00 2.213820e+00 2.890535e-02
2.484375e+00 2.161214e+00 2.786465e-02
2.500000e+00 2.110130e+00 2.686700e-02
2.531250e+00 2.012415e+00 2.499410e-02
2.562500e+00 1.920445e+00 2.327363e-02
2.593750e+00 1.833983e+00 2.169348e-02
2.625000e+00 1.752791e+00 2.024239e-02
2.656250e+00 1.676628e+00 1.890989e-02
2.687500e+00 1.605254e+00 1.768629e-02
2.718750e+00 1.538431e+00 1.656264e-02
2.750000e+00 1.475925e+00 1.553063e-02
2.781250e+00 1.417507e+00 1.458261e-02
2.812500e+00 1.362952e+00 1.371152e-02
2.843750e+00 1.312040e+00 1.291084e-02
2.875000e+00 1.264561e+00 1.217459e-02
2.906250e+00 1.220309e+00 1.149725e-02
2.937500e+00 1.179087e+00 1.087377e-02
2.968750e+00 1.140705e+00 1.029950e-02
3.000000e+00 1.104980e+00 9.770172e-03
3.031250e+00 1.071740e+00 9.281884e-03
3.062500e+00 1.040818e+00 8.831055e-03
3.093750e+00 1.012055e+00 8.414409e-03
3.125000e+00 9.853005e-01 8.028951e-03
3.156250e+00 9.604128e-01 7.671942e-03
3.187500e+00 9.372562e-01 7.340879e-03
3.218750e+00 9.157029e-01 7.033479e-03
3.250000e+00 8.956321e-01 6.747658e-03
3.281250e+00 8.769301e-01 6.481514e-03
3.312500e+00 8.594899e-01 6.233316e-03
3.343750e+00 8.432108e-01 6.001484e-03
3.375000e+00 8.279983e-01 5.784583e-03
3.406250e+00 8.137641e-01 5.581304e-03
3.437500e+00 8.004254e-01 5.390457e-03
3.468750e+00 7.879046e-01 5.210960e-03
3.500000e+00 7.761297e-01 5.041832e-03
3.531250e+00 7.650333e-01 4.882177e-03
3.562500e+00 7.545529e-01 4.731186e-03
3.593750e+00 7.446302e-01 4.588123e-03
3.625000e+00 7.352114e-01 4.452320e-03
3.656250e+00 7.262463e-01 4.323170e-03
3.687500e+00 7.176888e-01 4.200125e-03
3.718750e+00 7.094961e-01 4.082688e-03
3.750000e+00 7.016287e-01 3.970406e-03
3.812500e+00 6.867281e-01 3.759718e-03
3.875000e+00 6.727312e-01 3.565236e-03
3.937500e+00 6.594235e-01 3.384647e-03
4.000000e+00 6.466274e-01 3.216061e-03
4.062500e+00 6.341966e-01 3.057928e-03
4.125000e+00 6.220128e-01 2.908985e-03
4.187500e+00 6.099813e-01 2.768197e-03
4.250000e+00 5.980280e-01 2.634716e-03
4.312500e+00 5.860965e-01 2.507847e-03
4.375000e+00 5.741451e-01 2.387018e-03
4.437500e+00 5.621449e-01 2.271756e-03
4.500000e+00 5.500776e-01 2.161668e-03
4.562500e+00 5.379335e-01 2.056425e-03
4.625000e+00 5.257103e-01 1.955749e-03
4.687500e+00 5.134115e-01 1.859402e-03
4.750000e+00 5.010455e-01 1.767177e-03
4.812500e+00 4.886242e-01 1.678895e-03
4.875000e+00 4.761622e-01 1.594395e-03
4.937500e+00 4.636765e-01 1.513530e-03
5.000000e+00 4.511854e-01 1.436168e-03
5.125000e+00 4.262636e-01 1.291459e-03
5.250000e+00 4.015532e-01 1.159350e-03
5.375000e+00 3.772070e-01 1.038994e-03
5.500000e+00 3.533672e-01 9.295891e-04
5.625000e+00 3.301604e-01 8.303670e-04
5.750000e+00 3.076953e-01 7.405856e-04
5.875000e+00 2.860617e-01 6.595292e-04
6.000000e+00 2.653306e-01 5.865093e-04
6.125000e+00 2.455550e-01 5.208669e-04
6.250000e+00 2.267712e-01 4.619746e-04
6.375000e+00 2.090004e-01 4.092388e-04
6.500000e+00 1.922501e-01 3.621013e-04
6.625000e+00 1.765166e-01 3.200398e-04
6.750000e+00 1.617860e-01 2.825683e-04
6.875000e+00 1.480362e-01 2.492370e-04
7.000000e+00 1.352383e-01 2.196311e-04
7.125000e+00 1.233584e-01 1.933700e-04
7.250000e+00 1.123583e-01 1.701058e-04
7.375000e+00 1.021968e-01 1.495214e-04
7.500000e+00 9.283093e-02 1.313289e-04
7.750000e+00 7.630900e-02 1.011026e-04
8.000000e+00 6.243764e-02 7.763483e-05
8.250000e+00 5.087200e-02 5.947864e-05
8.500000e+00 4.128863e-02 4.547605e-05
8.750000e+00 3.339216e-02 3.470712e-05
9.000000e+00 2.691853e-02 2.644578e-05
9.250000e+00 2.163562e-02 2.012223e-05
9.500000e+00 1.734231e-02 1.529149e-05
9.750000e+00 1.386637e-02 1.160763e-05
1.000000e+01 1.106184e-02 8.802735e-06
1.025000e+01 8.806100e-03 6.670003e-06
1.050000e+01 6.996936e-03 5.050326e-06
1.075000e+01 5.549680e-03 3.821564e-06
1.100000e+01 4.394685e-03 2.890231e-06
1.125000e+01 3.474935e-03 2.184901e-06
1.150000e+01 2.743968e-03 1.651100e-06
1.175000e+01 2.164082e-03 1.247349e-06
1.200000e+01 1.704805e-03 9.421113e-07
1.225000e+01 1.341598e-03 7.114432e-07
1.250000e+01 1.054762e-03 5.371861e-07
1.275000e+01 8.285298e-04 4.055813e-07
1.300000e+01 6.503045e-04 3.062106e-07
1.325000e+01 5.100437e-04 2.311882e-07
1.350000e+01 3.997657e-04 1.745533e-07
1.375000e+01 3.131385e-04 1.318018e-07
1.400000e+01 2.451457e-04 9.953101e-08
1.425000e+01 1.918180e-04 7.517088e-08
1.450000e+01 1.500198e-04 5.678095e-08
1.475000e+01 1.172793e-04 4.289704e-08
1.500000e+01 9.164813e-05 3.241390e-08
1.550000e+01 5.590750e-05 1.851812e-08
1.600000e+01 3.406423e-05 1.058885e-08
1.650000e+01 2.073420e-05 6.060516e-09
1.700000e+01 1.260950e-05 3.472084e-09
1.750000e+01 7.663446e-06 1.991307e-09
1.800000e+01 4.654837e-06 1.143272e-09
1.850000e+01 2.825584e-06 6.569842e-10
1.900000e+01 1.714711e-06 3.779844e-10
1.950000e+01 1.040450e-06 2.177419e-10
2.000000e+01 6.308740e-07 1.255084e-10
2.100000e+01 2.317092e-07 4.181141e-11
2.200000e+01 8.530583e-08 1.402567e-11
2.300000e+01 3.139886e-08 4.723331e-12
2.400000e+01 1.139511e-08 1.574295e-12
2.500000e+01 4.311273e-09 5.489284e-13
2.600000e+01 1.736371e-09 2.044023e-13
2.700000e+01 5.407611e-10 5.902936e-14
2.800000e+01 2.576021e-10 2.614710e-14
2.900000e+01 2.655513e-10 2.512711e-14
3.000000e+01 1.048682e-10 9.272384e-15
3.100000e+01 8.965998e-11 7.424469e-15
3.200000e+01 8.584052e-11 6.670871e-15
3.300000e+01 8.421297e-11 6.153770e-15
3.400000e+01 7.980484e-11 5.493657e-15
3.500000e+01 7.009329e-11 4.553344e-15
3.600000e+01 5.485754e-11 3.368383e-15
3.700000e+01 3.621793e-11 2.105282e-15
3.800000e+01 1.807905e-11 9.963192e-16
3.900000e+01 4.853438e-12 2.539279e-16
4.000000e+01 0.000000e+00 0.000000e+00
