# 
# Output from RAtom program.
# 
# Total radial electron density.
# The first column contains radius $r$ in bohr units.
# The second column holds $\rho(r)$.
# The third column holds $\tilde{\rho}(r) = \rho(r) / (\pi * r * r)$
# 
# Use this file with gnuplot to create the plot.
# 
# R     Rho     RhoTilde
#
0.000000e+00 0.000000e+00 1.862833e+05
1.220703e-04 3.434142e-02 1.833953e+05
2.441406e-04 1.352361e-01 1.805521e+05
3.662109e-04 2.995641e-01 1.777531e+05
4.882812e-04 5.243026e-01 1.749976e+05
6.103516e-04 8.065237e-01 1.722849e+05
7.324219e-04 1.143392e+00 1.696143e+05
8.544922e-04 1.532161e+00 1.669853e+05
9.765625e-04 1.970172e+00 1.643971e+05
1.098633e-03 2.454854e+00 1.618493e+05
1.220703e-03 2.983716e+00 1.593410e+05
1.342773e-03 3.554350e+00 1.568718e+05
1.464844e-03 4.164425e+00 1.544410e+05
1.586914e-03 4.811689e+00 1.520481e+05
1.708984e-03 5.493963e+00 1.496924e+05
1.831055e-03 6.209142e+00 1.473734e+05
1.953125e-03 6.955191e+00 1.450905e+05
2.075195e-03 7.730144e+00 1.428433e+05
2.197266e-03 8.532104e+00 1.406310e+05
2.319336e-03 9.359236e+00 1.384533e+05
2.441406e-03 1.020977e+01 1.363095e+05
2.685547e-03 1.197428e+01 1.321217e+05
2.929688e-03 1.381269e+01 1.280636e+05
3.173828e-03 1.571296e+01 1.241313e+05
3.417969e-03 1.766392e+01 1.203209e+05
3.662109e-03 1.965521e+01 1.166286e+05
3.906250e-03 2.167725e+01 1.130509e+05
4.150391e-03 2.372118e+01 1.095843e+05
4.394531e-03 2.577884e+01 1.062254e+05
4.638672e-03 2.784271e+01 1.029708e+05
4.882812e-03 2.990588e+01 9.981749e+04
5.126953e-03 3.196203e+01 9.676222e+04
5.371094e-03 3.400538e+01 9.380205e+04
5.615234e-03 3.603066e+01 9.093406e+04
5.859375e-03 3.803308e+01 8.815542e+04
6.103516e-03 4.000830e+01 8.546339e+04
6.347656e-03 4.195243e+01 8.285533e+04
6.591797e-03 4.386196e+01 8.032866e+04
6.835938e-03 4.573375e+01 7.788087e+04
7.080078e-03 4.756504e+01 7.550955e+04
7.324219e-03 4.935337e+01 7.321234e+04
7.568359e-03 5.109661e+01 7.098698e+04
7.812500e-03 5.279291e+01 6.883125e+04
8.056641e-03 5.444069e+01 6.674301e+04
8.300781e-03 5.603864e+01 6.472019e+04
8.544922e-03 5.758566e+01 6.276077e+04
8.789062e-03 5.908087e+01 6.086280e+04
9.033203e-03 6.052362e+01 5.902439e+04
9.277344e-03 6.191342e+01 5.724369e+04
9.521484e-03 6.324998e+01 5.551895e+04
9.765625e-03 6.453315e+01 5.384841e+04
1.000977e-02 6.576294e+01 5.223042e+04
1.025391e-02 6.693951e+01 5.066336e+04
1.049805e-02 6.806312e+01 4.914564e+04
1.074219e-02 6.913418e+01 4.767574e+04
1.098633e-02 7.015318e+01 4.625219e+04
1.123047e-02 7.112071e+01 4.487356e+04
1.147461e-02 7.203748e+01 4.353844e+04
1.171875e-02 7.290424e+01 4.224549e+04
1.196289e-02 7.372185e+01 4.099341e+04
1.220703e-02 7.449120e+01 3.978093e+04
1.245117e-02 7.521326e+01 3.860683e+04
1.269531e-02 7.588906e+01 3.746990e+04
1.293945e-02 7.651965e+01 3.636899e+04
1.318359e-02 7.710616e+01 3.530300e+04
1.342773e-02 7.764971e+01 3.427082e+04
1.367188e-02 7.815148e+01 3.327141e+04
1.391602e-02 7.861268e+01 3.230375e+04
1.416016e-02 7.903452e+01 3.136685e+04
1.440430e-02 7.941823e+01 3.045974e+04
1.464844e-02 7.976508e+01 2.958151e+04
1.489258e-02 8.007632e+01 2.873125e+04
1.513672e-02 8.035322e+01 2.790808e+04
1.538086e-02 8.059704e+01 2.711116e+04
1.562500e-02 8.080907e+01 2.633966e+04
1.586914e-02 8.099057e+01 2.559280e+04
1.611328e-02 8.114281e+01 2.486980e+04
1.635742e-02 8.126704e+01 2.416990e+04
1.660156e-02 8.136452e+01 2.349239e+04
1.684570e-02 8.143648e+01 2.283657e+04
1.708984e-02 8.148415e+01 2.220175e+04
1.733398e-02 8.150875e+01 2.158726e+04
1.757812e-02 8.151146e+01 2.099248e+04
1.782227e-02 8.149346e+01 2.041677e+04
1.806641e-02 8.145593e+01 1.985954e+04
1.831055e-02 8.139999e+01 1.932021e+04
1.855469e-02 8.132677e+01 1.879821e+04
1.879883e-02 8.123737e+01 1.829298e+04
1.904297e-02 8.113287e+01 1.780400e+04
1.928711e-02 8.101432e+01 1.733076e+04
1.953125e-02 8.088276e+01 1.687276e+04
2.001953e-02 8.058458e+01 1.600053e+04
2.050781e-02 8.024610e+01 1.518362e+04
2.099609e-02 7.987470e+01 1.441858e+04
2.148438e-02 7.947732e+01 1.370212e+04
2.197266e-02 7.906051e+01 1.303121e+04
2.246094e-02 7.863042e+01 1.240295e+04
2.294922e-02 7.819275e+01 1.181465e+04
2.343750e-02 7.775285e+01 1.126377e+04
2.392578e-02 7.731564e+01 1.074794e+04
2.441406e-02 7.688565e+01 1.026491e+04
2.465820e-02 7.667468e+01 1.003504e+04
2.490234e-02 7.646705e+01 9.812598e+03
2.514648e-02 7.626322e+01 9.597336e+03
2.539062e-02 7.606362e+01 9.389022e+03
2.563477e-02 7.586869e+01 9.187429e+03
2.587891e-02 7.567881e+01 8.992337e+03
2.612305e-02 7.549436e+01 8.803533e+03
2.636719e-02 7.531570e+01 8.620810e+03
2.661133e-02 7.514316e+01 8.443967e+03
2.685547e-02 7.497707e+01 8.272811e+03
2.709961e-02 7.481770e+01 8.107154e+03
2.734375e-02 7.466535e+01 7.946814e+03
2.758789e-02 7.452026e+01 7.791616e+03
2.783203e-02 7.438269e+01 7.641387e+03
2.807617e-02 7.425285e+01 7.495964e+03
2.832031e-02 7.413095e+01 7.355186e+03
2.856445e-02 7.401718e+01 7.218897e+03
2.880859e-02 7.391172e+01 7.086949e+03
2.905273e-02 7.381471e+01 6.959196e+03
2.929688e-02 7.372631e+01 6.835496e+03
2.978516e-02 7.357582e+01 6.599719e+03
3.027344e-02 7.346108e+01 6.378579e+03
3.076172e-02 7.338273e+01 6.171103e+03
3.125000e-02 7.334119e+01 5.976378e+03
3.173828e-02 7.333672e+01 5.793550e+03
3.222656e-02 7.336936e+01 5.621819e+03
3.271484e-02 7.343901e+01 5.460435e+03
3.320312e-02 7.354541e+01 5.308695e+03
3.369141e-02 7.368818e+01 5.165944e+03
3.417969e-02 7.386677e+01 5.031565e+03
3.466797e-02 7.408055e+01 4.904983e+03
3.515625e-02 7.432876e+01 4.785661e+03
3.564453e-02 7.461055e+01 4.673095e+03
3.613281e-02 7.492498e+01 4.566813e+03
3.662109e-02 7.527104e+01 4.466377e+03
3.710938e-02 7.564762e+01 4.371376e+03
3.759766e-02 7.605359e+01 4.281424e+03
3.808594e-02 7.648773e+01 4.196165e+03
3.857422e-02 7.694879e+01 4.115263e+03
3.906250e-02 7.743548e+01 4.038407e+03
3.955078e-02 7.794647e+01 3.965304e+03
4.003906e-02 7.848042e+01 3.895683e+03
4.052734e-02 7.903594e+01 3.829292e+03
4.101562e-02 7.961165e+01 3.765894e+03
4.150391e-02 8.020616e+01 3.705270e+03
4.199219e-02 8.081804e+01 3.647216e+03
4.248047e-02 8.144591e+01 3.591541e+03
4.296875e-02 8.208836e+01 3.538069e+03
4.345703e-02 8.274399e+01 3.486635e+03
4.394531e-02 8.341141e+01 3.437087e+03
4.443359e-02 8.408927e+01 3.389283e+03
4.492188e-02 8.477620e+01 3.343092e+03
4.541016e-02 8.547087e+01 3.298392e+03
4.589844e-02 8.617198e+01 3.255070e+03
4.638672e-02 8.687823e+01 3.213023e+03
4.687500e-02 8.758836e+01 3.172152e+03
4.736328e-02 8.830115e+01 3.132369e+03
4.785156e-02 8.901540e+01 3.093592e+03
4.833984e-02 8.972993e+01 3.055744e+03
4.882812e-02 9.044362e+01 3.018756e+03
4.907227e-02 9.079980e+01 3.000563e+03
4.931641e-02 9.115535e+01 2.982562e+03
4.956055e-02 9.151015e+01 2.964744e+03
4.980469e-02 9.186407e+01 2.947103e+03
5.004883e-02 9.221698e+01 2.929633e+03
5.029297e-02 9.256875e+01 2.912326e+03
5.053711e-02 9.291926e+01 2.895177e+03
5.078125e-02 9.326838e+01 2.878179e+03
5.102539e-02 9.361601e+01 2.861328e+03
5.126953e-02 9.396203e+01 2.844617e+03
5.151367e-02 9.430632e+01 2.828042e+03
5.175781e-02 9.464877e+01 2.811598e+03
5.200195e-02 9.498927e+01 2.795280e+03
5.224609e-02 9.532771e+01 2.779084e+03
5.249023e-02 9.566400e+01 2.763005e+03
5.273438e-02 9.599803e+01 2.747039e+03
5.297852e-02 9.632970e+01 2.731183e+03
5.322266e-02 9.665892e+01 2.715432e+03
5.346680e-02 9.698558e+01 2.699784e+03
5.371094e-02 9.730960e+01 2.684234e+03
5.419922e-02 9.794937e+01 2.653418e+03
5.468750e-02 9.857753e+01 2.622962e+03
5.517578e-02 9.919343e+01 2.592842e+03
5.566406e-02 9.979646e+01 2.563041e+03
5.615234e-02 1.003861e+02 2.533540e+03
5.664062e-02 1.009617e+02 2.504324e+03
5.712891e-02 1.015228e+02 2.475380e+03
5.761719e-02 1.020690e+02 2.446695e+03
5.810547e-02 1.025998e+02 2.418258e+03
5.859375e-02 1.031148e+02 2.390059e+03
5.908203e-02 1.036137e+02 2.362091e+03
5.957031e-02 1.040962e+02 2.334346e+03
6.005859e-02 1.045619e+02 2.306817e+03
6.054688e-02 1.050106e+02 2.279500e+03
6.103516e-02 1.054420e+02 2.252390e+03
6.152344e-02 1.058560e+02 2.225483e+03
6.201172e-02 1.062523e+02 2.198777e+03
6.250000e-02 1.066309e+02 2.172268e+03
6.298828e-02 1.069917e+02 2.145955e+03
6.347656e-02 1.073344e+02 2.119836e+03
6.396484e-02 1.076591e+02 2.093912e+03
6.445312e-02 1.079658e+02 2.068180e+03
6.494141e-02 1.082544e+02 2.042642e+03
6.542969e-02 1.085249e+02 2.017297e+03
6.591797e-02 1.087774e+02 1.992146e+03
6.640625e-02 1.090119e+02 1.967189e+03
6.689453e-02 1.092285e+02 1.942428e+03
6.738281e-02 1.094273e+02 1.917864e+03
6.787109e-02 1.096085e+02 1.893497e+03
6.835938e-02 1.097721e+02 1.869329e+03
6.884766e-02 1.099183e+02 1.845363e+03
6.933594e-02 1.100473e+02 1.821598e+03
6.982422e-02 1.101592e+02 1.798038e+03
7.031250e-02 1.102543e+02 1.774682e+03
7.080078e-02 1.103328e+02 1.751535e+03
7.128906e-02 1.103949e+02 1.728596e+03
7.177734e-02 1.104409e+02 1.705868e+03
7.226562e-02 1.104710e+02 1.683352e+03
7.275391e-02 1.104855e+02 1.661050e+03
7.324219e-02 1.104846e+02 1.638963e+03
7.373047e-02 1.104686e+02 1.617094e+03
7.421875e-02 1.104380e+02 1.595443e+03
7.470703e-02 1.103928e+02 1.574012e+03
7.519531e-02 1.103335e+02 1.552802e+03
7.568359e-02 1.102605e+02 1.531815e+03
7.617188e-02 1.101739e+02 1.511052e+03
7.666016e-02 1.100742e+02 1.490514e+03
7.714844e-02 1.099616e+02 1.470202e+03
7.763672e-02 1.098367e+02 1.450117e+03
7.812500e-02 1.096996e+02 1.430260e+03
7.861328e-02 1.095507e+02 1.410631e+03
7.910156e-02 1.093904e+02 1.391231e+03
7.958984e-02 1.092191e+02 1.372062e+03
8.007812e-02 1.090372e+02 1.353122e+03
8.056641e-02 1.088449e+02 1.334413e+03
8.105469e-02 1.086427e+02 1.315934e+03
8.154297e-02 1.084309e+02 1.297687e+03
8.203125e-02 1.082098e+02 1.279671e+03
8.251953e-02 1.079800e+02 1.261885e+03
8.300781e-02 1.077417e+02 1.244331e+03
8.349609e-02 1.074952e+02 1.227007e+03
8.398438e-02 1.072411e+02 1.209914e+03
8.447266e-02 1.069796e+02 1.193050e+03
8.496094e-02 1.067110e+02 1.176416e+03
8.544922e-02 1.064359e+02 1.160011e+03
8.593750e-02 1.061544e+02 1.143833e+03
8.642578e-02 1.058671e+02 1.127884e+03
8.691406e-02 1.055741e+02 1.112160e+03
8.740234e-02 1.052760e+02 1.096663e+03
8.789062e-02 1.049729e+02 1.081390e+03
8.886719e-02 1.043536e+02 1.051514e+03
8.984375e-02 1.037190e+02 1.022522e+03
9.082031e-02 1.030716e+02 9.944046e+02
9.179688e-02 1.024140e+02 9.671499e+02
9.277344e-02 1.017488e+02 9.407454e+02
9.375000e-02 1.010783e+02 9.151779e+02
9.472656e-02 1.004049e+02 8.904332e+02
9.570312e-02 9.973073e+01 8.664966e+02
9.667969e-02 9.905801e+01 8.433527e+02
9.765625e-02 9.838876e+01 8.209856e+02
9.814453e-02 9.805605e+01 8.100882e+02
9.863281e-02 9.772492e+01 7.993788e+02
9.912109e-02 9.739560e+01 7.888552e+02
9.960938e-02 9.706832e+01 7.785154e+02
1.000977e-01 9.674329e+01 7.683572e+02
1.005859e-01 9.642072e+01 7.583784e+02
1.010742e-01 9.610080e+01 7.485768e+02
1.015625e-01 9.578373e+01 7.389501e+02
1.020508e-01 9.546971e+01 7.294963e+02
1.025391e-01 9.515891e+01 7.202130e+02
1.026611e-01 9.508174e+01 7.179185e+02
1.027832e-01 9.500478e+01 7.156346e+02
1.029053e-01 9.492804e+01 7.133610e+02
1.030273e-01 9.485152e+01 7.110979e+02
1.031494e-01 9.477522e+01 7.088452e+02
1.032715e-01 9.469915e+01 7.066028e+02
1.033936e-01 9.462331e+01 7.043708e+02
1.035156e-01 9.454770e+01 7.021490e+02
1.036377e-01 9.447232e+01 6.999374e+02
1.037598e-01 9.439717e+01 6.977361e+02
1.038208e-01 9.435969e+01 6.966392e+02
1.038818e-01 9.432227e+01 6.955449e+02
1.039429e-01 9.428491e+01 6.944531e+02
1.040039e-01 9.424761e+01 6.933638e+02
1.040649e-01 9.421037e+01 6.922771e+02
1.041260e-01 9.417319e+01 6.911928e+02
1.041870e-01 9.413607e+01 6.901111e+02
1.042480e-01 9.409902e+01 6.890319e+02
1.043091e-01 9.406202e+01 6.879553e+02
1.043701e-01 9.402509e+01 6.868811e+02
1.044312e-01 9.398822e+01 6.858094e+02
1.044922e-01 9.395142e+01 6.847402e+02
1.045532e-01 9.391468e+01 6.836735e+02
1.046143e-01 9.387800e+01 6.826093e+02
1.046753e-01 9.384138e+01 6.815476e+02
1.047363e-01 9.380483e+01 6.804883e+02
1.047974e-01 9.376835e+01 6.794315e+02
1.048584e-01 9.373193e+01 6.783772e+02
1.049194e-01 9.369557e+01 6.773253e+02
1.049805e-01 9.365928e+01 6.762759e+02
1.052246e-01 9.351477e+01 6.721028e+02
1.054688e-01 9.337133e+01 6.679687e+02
1.057129e-01 9.322898e+01 6.638732e+02
1.059570e-01 9.308772e+01 6.598162e+02
1.062012e-01 9.294758e+01 6.557972e+02
1.064453e-01 9.280857e+01 6.518162e+02
1.066895e-01 9.267071e+01 6.478726e+02
1.069336e-01 9.253401e+01 6.439664e+02
1.071777e-01 9.239849e+01 6.400971e+02
1.074219e-01 9.226416e+01 6.362646e+02
1.083984e-01 9.173908e+01 6.212959e+02
1.093750e-01 9.123416e+01 6.068921e+02
1.103516e-01 9.075017e+01 5.930354e+02
1.113281e-01 9.028780e+01 5.797081e+02
1.123047e-01 8.984761e+01 5.668928e+02
1.132812e-01 8.943013e+01 5.545720e+02
1.142578e-01 8.903576e+01 5.427287e+02
1.152344e-01 8.866485e+01 5.313461e+02
1.162109e-01 8.831767e+01 5.204077e+02
1.171875e-01 8.799441e+01 5.098972e+02
1.181641e-01 8.769518e+01 4.997986e+02
1.191406e-01 8.742005e+01 4.900963e+02
1.201172e-01 8.716899e+01 4.807749e+02
1.210938e-01 8.694193e+01 4.718196e+02
1.220703e-01 8.673875e+01 4.632156e+02
1.230469e-01 8.655924e+01 4.549487e+02
1.240234e-01 8.640318e+01 4.470049e+02
1.250000e-01 8.627025e+01 4.393708e+02
1.259766e-01 8.616013e+01 4.320331e+02
1.269531e-01 8.607243e+01 4.249789e+02
1.279297e-01 8.600672e+01 4.181960e+02
1.289062e-01 8.596253e+01 4.116720e+02
1.298828e-01 8.593936e+01 4.053955e+02
1.308594e-01 8.593667e+01 3.993549e+02
1.318359e-01 8.595391e+01 3.935393e+02
1.328125e-01 8.599046e+01 3.879382e+02
1.337891e-01 8.604571e+01 3.825411e+02
1.347656e-01 8.611901e+01 3.773383e+02
1.357422e-01 8.620970e+01 3.723202e+02
1.367188e-01 8.631709e+01 3.674775e+02
1.386719e-01 8.657915e+01 3.582834e+02
1.406250e-01 8.689941e+01 3.496889e+02
1.425781e-01 8.727192e+01 3.416323e+02
1.445312e-01 8.769062e+01 3.340564e+02
1.464844e-01 8.814942e+01 3.269091e+02
1.484375e-01 8.864219e+01 3.201425e+02
1.503906e-01 8.916288e+01 3.137131e+02
1.523438e-01 8.970552e+01 3.075814e+02
1.542969e-01 9.026424e+01 3.017113e+02
1.562500e-01 9.083336e+01 2.960707e+02
1.582031e-01 9.140737e+01 2.906305e+02
1.601562e-01 9.198097e+01 2.853648e+02
1.621094e-01 9.254910e+01 2.802503e+02
1.640625e-01 9.310693e+01 2.752666e+02
1.660156e-01 9.364992e+01 2.703956e+02
1.679688e-01 9.417378e+01 2.656215e+02
1.699219e-01 9.467454e+01 2.609304e+02
1.718750e-01 9.514848e+01 2.563106e+02
1.738281e-01 9.559221e+01 2.517518e+02
1.757812e-01 9.600260e+01 2.472453e+02
1.767578e-01 9.619440e+01 2.450094e+02
1.777344e-01 9.637684e+01 2.427839e+02
1.787109e-01 9.654961e+01 2.405683e+02
1.796875e-01 9.671241e+01 2.383618e+02
1.806641e-01 9.686499e+01 2.361639e+02
1.816406e-01 9.700708e+01 2.339740e+02
1.826172e-01 9.713845e+01 2.317918e+02
1.835938e-01 9.725889e+01 2.296168e+02
1.845703e-01 9.736820e+01 2.274488e+02
1.855469e-01 9.746618e+01 2.252873e+02
1.865234e-01 9.755268e+01 2.231323e+02
1.875000e-01 9.762754e+01 2.209835e+02
1.884766e-01 9.769063e+01 2.188408e+02
1.894531e-01 9.774183e+01 2.167041e+02
1.904297e-01 9.778103e+01 2.145732e+02
1.914062e-01 9.780815e+01 2.124482e+02
1.923828e-01 9.782312e+01 2.103290e+02
1.933594e-01 9.782588e+01 2.082157e+02
1.943359e-01 9.781638e+01 2.061083e+02
1.953125e-01 9.779459e+01 2.040069e+02
1.962891e-01 9.776049e+01 2.019116e+02
1.972656e-01 9.771408e+01 1.998225e+02
1.982422e-01 9.765537e+01 1.977398e+02
1.992188e-01 9.758437e+01 1.956636e+02
2.001953e-01 9.750113e+01 1.935940e+02
2.011719e-01 9.740568e+01 1.915314e+02
2.021484e-01 9.729809e+01 1.894758e+02
2.031250e-01 9.717841e+01 1.874274e+02
2.041016e-01 9.704672e+01 1.853866e+02
2.050781e-01 9.690312e+01 1.833535e+02
2.053223e-01 9.686537e+01 1.828465e+02
2.055664e-01 9.682688e+01 1.823399e+02
2.058105e-01 9.678766e+01 1.818339e+02
2.060547e-01 9.674770e+01 1.813284e+02
2.062988e-01 9.670701e+01 1.808234e+02
2.065430e-01 9.666559e+01 1.803189e+02
2.067871e-01 9.662344e+01 1.798149e+02
2.070312e-01 9.658056e+01 1.793115e+02
2.072754e-01 9.653696e+01 1.788085e+02
2.075195e-01 9.649263e+01 1.783062e+02
2.076416e-01 9.647020e+01 1.780552e+02
2.077637e-01 9.644759e+01 1.778043e+02
2.078857e-01 9.642480e+01 1.775536e+02
2.080078e-01 9.640182e+01 1.773030e+02
2.081299e-01 9.637867e+01 1.770526e+02
2.082520e-01 9.635534e+01 1.768022e+02
2.083740e-01 9.633183e+01 1.765521e+02
2.084961e-01 9.630815e+01 1.763020e+02
2.086182e-01 9.628428e+01 1.760521e+02
2.087402e-01 9.626024e+01 1.758024e+02
2.088623e-01 9.623602e+01 1.755528e+02
2.089844e-01 9.621162e+01 1.753033e+02
2.091064e-01 9.618704e+01 1.750539e+02
2.092285e-01 9.616229e+01 1.748047e+02
2.093506e-01 9.613736e+01 1.745557e+02
2.094727e-01 9.611225e+01 1.743068e+02
2.095947e-01 9.608697e+01 1.740580e+02
2.097168e-01 9.606151e+01 1.738093e+02
2.098389e-01 9.603588e+01 1.735609e+02
2.099609e-01 9.601007e+01 1.733125e+02
2.104492e-01 9.590508e+01 1.723206e+02
2.109375e-01 9.579731e+01 1.713310e+02
2.114258e-01 9.568678e+01 1.703437e+02
2.119141e-01 9.557350e+01 1.693589e+02
2.124023e-01 9.545750e+01 1.683765e+02
2.128906e-01 9.533879e+01 1.673966e+02
2.133789e-01 9.521740e+01 1.664192e+02
2.138672e-01 9.509335e+01 1.654444e+02
2.143555e-01 9.496665e+01 1.644721e+02
2.148438e-01 9.483733e+01 1.635024e+02
2.158203e-01 9.457093e+01 1.615709e+02
2.167969e-01 9.429431e+01 1.596502e+02
2.177734e-01 9.400767e+01 1.577406e+02
2.187500e-01 9.371120e+01 1.558424e+02
2.197266e-01 9.340510e+01 1.539556e+02
2.207031e-01 9.308956e+01 1.520807e+02
2.216797e-01 9.276480e+01 1.502178e+02
2.226562e-01 9.243102e+01 1.483673e+02
2.236328e-01 9.208844e+01 1.465292e+02
2.246094e-01 9.173727e+01 1.447039e+02
2.255859e-01 9.137774e+01 1.428915e+02
2.265625e-01 9.101006e+01 1.410924e+02
2.275391e-01 9.063447e+01 1.393066e+02
2.285156e-01 9.025119e+01 1.375344e+02
2.294922e-01 8.986045e+01 1.357760e+02
2.304688e-01 8.946249e+01 1.340315e+02
2.314453e-01 8.905754e+01 1.323013e+02
2.324219e-01 8.864582e+01 1.305853e+02
2.333984e-01 8.822759e+01 1.288839e+02
2.343750e-01 8.780307e+01 1.271971e+02
2.363281e-01 8.693613e+01 1.238681e+02
2.382812e-01 8.604691e+01 1.205996e+02
2.402344e-01 8.513732e+01 1.173924e+02
2.421875e-01 8.420926e+01 1.142475e+02
2.441406e-01 8.326462e+01 1.111656e+02
2.460938e-01 8.230528e+01 1.081475e+02
2.480469e-01 8.133308e+01 1.051937e+02
2.500000e-01 8.034986e+01 1.023046e+02
2.519531e-01 7.935741e+01 9.948054e+01
2.539062e-01 7.835750e+01 9.672170e+01
2.548828e-01 7.785529e+01 9.536679e+01
2.558594e-01 7.735186e+01 9.402822e+01
2.568359e-01 7.684741e+01 9.270599e+01
2.578125e-01 7.634216e+01 9.140009e+01
2.587891e-01 7.583631e+01 9.011052e+01
2.597656e-01 7.533006e+01 8.883725e+01
2.607422e-01 7.482361e+01 8.758025e+01
2.617188e-01 7.431715e+01 8.633950e+01
2.626953e-01 7.381088e+01 8.511495e+01
2.636719e-01 7.330498e+01 8.390657e+01
2.646484e-01 7.279964e+01 8.271432e+01
2.656250e-01 7.229504e+01 8.153813e+01
2.666016e-01 7.179136e+01 8.037796e+01
2.675781e-01 7.128879e+01 7.923374e+01
2.685547e-01 7.078748e+01 7.810540e+01
2.695312e-01 7.028760e+01 7.699289e+01
2.705078e-01 6.978934e+01 7.589612e+01
2.714844e-01 6.929283e+01 7.481502e+01
2.724609e-01 6.879826e+01 7.374950e+01
2.734375e-01 6.830576e+01 7.269948e+01
2.753906e-01 6.732760e+01 7.064557e+01
2.773438e-01 6.635952e+01 6.865254e+01
2.792969e-01 6.540264e+01 6.671958e+01
2.812500e-01 6.445801e+01 6.484582e+01
2.832031e-01 6.352663e+01 6.303037e+01
2.851562e-01 6.260942e+01 6.127228e+01
2.871094e-01 6.170728e+01 5.957057e+01
2.890625e-01 6.082102e+01 5.792424e+01
2.910156e-01 5.995142e+01 5.633223e+01
2.929688e-01 5.909917e+01 5.479349e+01
2.949219e-01 5.826496e+01 5.330692e+01
2.968750e-01 5.744936e+01 5.187142e+01
2.988281e-01 5.665295e+01 5.048585e+01
3.007812e-01 5.587621e+01 4.914910e+01
3.027344e-01 5.511959e+01 4.785999e+01
3.046875e-01 5.438350e+01 4.661739e+01
3.066406e-01 5.366827e+01 4.542013e+01
3.085938e-01 5.297423e+01 4.426705e+01
3.105469e-01 5.230163e+01 4.315698e+01
3.125000e-01 5.165067e+01 4.208875e+01
3.144531e-01 5.102153e+01 4.106122e+01
3.164062e-01 5.041434e+01 4.007321e+01
3.183594e-01 4.982918e+01 3.912358e+01
3.203125e-01 4.926611e+01 3.821119e+01
3.222656e-01 4.872514e+01 3.733492e+01
3.242188e-01 4.820625e+01 3.649364e+01
3.261719e-01 4.770938e+01 3.568625e+01
3.281250e-01 4.723445e+01 3.491165e+01
3.300781e-01 4.678133e+01 3.416876e+01
3.320312e-01 4.634988e+01 3.345653e+01
3.339844e-01 4.593993e+01 3.277390e+01
3.359375e-01 4.555126e+01 3.211985e+01
3.378906e-01 4.518365e+01 3.149337e+01
3.398438e-01 4.483684e+01 3.089346e+01
3.417969e-01 4.451057e+01 3.031916e+01
3.437500e-01 4.420454e+01 2.976950e+01
3.457031e-01 4.391842e+01 2.924356e+01
3.476562e-01 4.365189e+01 2.874042e+01
3.496094e-01 4.340460e+01 2.825920e+01
3.515625e-01 4.317618e+01 2.779901e+01
3.535156e-01 4.296625e+01 2.735901e+01
3.554688e-01 4.277442e+01 2.693837e+01
3.574219e-01 4.260027e+01 2.653629e+01
3.593750e-01 4.244339e+01 2.615198e+01
3.613281e-01 4.230336e+01 2.578467e+01
3.632812e-01 4.217974e+01 2.543361e+01
3.652344e-01 4.207208e+01 2.509810e+01
3.671875e-01 4.197993e+01 2.477742e+01
3.691406e-01 4.190284e+01 2.447090e+01
3.710938e-01 4.184034e+01 2.417787e+01
3.730469e-01 4.179197e+01 2.389770e+01
3.750000e-01 4.175726e+01 2.362977e+01
3.769531e-01 4.173573e+01 2.337348e+01
3.789062e-01 4.172692e+01 2.312826e+01
3.808594e-01 4.173034e+01 2.289353e+01
3.828125e-01 4.174553e+01 2.266877e+01
3.847656e-01 4.177202e+01 2.245345e+01
3.867188e-01 4.180932e+01 2.224707e+01
3.886719e-01 4.185697e+01 2.204914e+01
3.906250e-01 4.191450e+01 2.185920e+01
3.925781e-01 4.198144e+01 2.167680e+01
3.945312e-01 4.205733e+01 2.150151e+01
3.964844e-01 4.214172e+01 2.133292e+01
3.984375e-01 4.223415e+01 2.117062e+01
4.003906e-01 4.233417e+01 2.101423e+01
4.023438e-01 4.244134e+01 2.086338e+01
4.042969e-01 4.255522e+01 2.071773e+01
4.062500e-01 4.267538e+01 2.057694e+01
4.082031e-01 4.280139e+01 2.044068e+01
4.101562e-01 4.293284e+01 2.030865e+01
4.106445e-01 4.296650e+01 2.027627e+01
4.111328e-01 4.300047e+01 2.024413e+01
4.116211e-01 4.303474e+01 2.021222e+01
4.121094e-01 4.306931e+01 2.018055e+01
4.125977e-01 4.310416e+01 2.014911e+01
4.130859e-01 4.313930e+01 2.011789e+01
4.135742e-01 4.317472e+01 2.008689e+01
4.140625e-01 4.321040e+01 2.005611e+01
4.145508e-01 4.324635e+01 2.002553e+01
4.150391e-01 4.328255e+01 1.999517e+01
4.151611e-01 4.329164e+01 1.998761e+01
4.152832e-01 4.330075e+01 1.998006e+01
4.154053e-01 4.330987e+01 1.997253e+01
4.155273e-01 4.331901e+01 1.996500e+01
4.156494e-01 4.332816e+01 1.995750e+01
4.157715e-01 4.333733e+01 1.995000e+01
4.158936e-01 4.334651e+01 1.994251e+01
4.160156e-01 4.335571e+01 1.993504e+01
4.161377e-01 4.336492e+01 1.992758e+01
4.162598e-01 4.337415e+01 1.992013e+01
4.163818e-01 4.338339e+01 1.991270e+01
4.165039e-01 4.339265e+01 1.990527e+01
4.166260e-01 4.340192e+01 1.989786e+01
4.167480e-01 4.341121e+01 1.989046e+01
4.168701e-01 4.342051e+01 1.988308e+01
4.169922e-01 4.342983e+01 1.987570e+01
4.171143e-01 4.343916e+01 1.986833e+01
4.172363e-01 4.344850e+01 1.986098e+01
4.173584e-01 4.345786e+01 1.985364e+01
4.174805e-01 4.346723e+01 1.984631e+01
4.177246e-01 4.348602e+01 1.983169e+01
4.179688e-01 4.350486e+01 1.981711e+01
4.182129e-01 4.352376e+01 1.980258e+01
4.184570e-01 4.354270e+01 1.978809e+01
4.187012e-01 4.356170e+01 1.977364e+01
4.189453e-01 4.358076e+01 1.975924e+01
4.191895e-01 4.359986e+01 1.974488e+01
4.194336e-01 4.361901e+01 1.973057e+01
4.196777e-01 4.363822e+01 1.971629e+01
4.199219e-01 4.365747e+01 1.970206e+01
4.208984e-01 4.373495e+01 1.964555e+01
4.218750e-01 4.381316e+01 1.958967e+01
4.228516e-01 4.389205e+01 1.953440e+01
4.238281e-01 4.397157e+01 1.947971e+01
4.248047e-01 4.405168e+01 1.942558e+01
4.257812e-01 4.413234e+01 1.937198e+01
4.267578e-01 4.421350e+01 1.931889e+01
4.277344e-01 4.429512e+01 1.926627e+01
4.287109e-01 4.437717e+01 1.921412e+01
4.296875e-01 4.445958e+01 1.916241e+01
4.335938e-01 4.479222e+01 1.895949e+01
4.375000e-01 4.512771e+01 1.876192e+01
4.414062e-01 4.546366e+01 1.856853e+01
4.453125e-01 4.579783e+01 1.837830e+01
4.492188e-01 4.612810e+01 1.819030e+01
4.531250e-01 4.645251e+01 1.800376e+01
4.570312e-01 4.676925e+01 1.781799e+01
4.609375e-01 4.707662e+01 1.763240e+01
4.648438e-01 4.737308e+01 1.744648e+01
4.687500e-01 4.765720e+01 1.725982e+01
4.726562e-01 4.792772e+01 1.707207e+01
4.765625e-01 4.818345e+01 1.688295e+01
4.804688e-01 4.842338e+01 1.669225e+01
4.843750e-01 4.864657e+01 1.649981e+01
4.882812e-01 4.885222e+01 1.630551e+01
4.921875e-01 4.903963e+01 1.610928e+01
4.960938e-01 4.920821e+01 1.591110e+01
5.000000e-01 4.935746e+01 1.571097e+01
5.039062e-01 4.948697e+01 1.550892e+01
5.078125e-01 4.959645e+01 1.530502e+01
5.097656e-01 4.964359e+01 1.520240e+01
5.117188e-01 4.968565e+01 1.509936e+01
5.136719e-01 4.972260e+01 1.499589e+01
5.156250e-01 4.975443e+01 1.489203e+01
5.175781e-01 4.978114e+01 1.478778e+01
5.195312e-01 4.980272e+01 1.468317e+01
5.214844e-01 4.981917e+01 1.457820e+01
5.234375e-01 4.983051e+01 1.447291e+01
5.253906e-01 4.983673e+01 1.436730e+01
5.273438e-01 4.983786e+01 1.426139e+01
5.292969e-01 4.983391e+01 1.415521e+01
5.312500e-01 4.982490e+01 1.404878e+01
5.332031e-01 4.981086e+01 1.394212e+01
5.351562e-01 4.979181e+01 1.383524e+01
5.371094e-01 4.976778e+01 1.372818e+01
5.390625e-01 4.973881e+01 1.362095e+01
5.410156e-01 4.970493e+01 1.351357e+01
5.429688e-01 4.966619e+01 1.340606e+01
5.449219e-01 4.962262e+01 1.329846e+01
5.468750e-01 4.957427e+01 1.319077e+01
5.507812e-01 4.946341e+01 1.297526e+01
5.546875e-01 4.933402e+01 1.275968e+01
5.585938e-01 4.918652e+01 1.254423e+01
5.625000e-01 4.902137e+01 1.232908e+01
5.664062e-01 4.883907e+01 1.211439e+01
5.703125e-01 4.864012e+01 1.190033e+01
5.742188e-01 4.842506e+01 1.168707e+01
5.781250e-01 4.819443e+01 1.147476e+01
5.820312e-01 4.794879e+01 1.126355e+01
5.859375e-01 4.768872e+01 1.105359e+01
5.898438e-01 4.741480e+01 1.084501e+01
5.937500e-01 4.712762e+01 1.063796e+01
5.976562e-01 4.682777e+01 1.043256e+01
6.015625e-01 4.651586e+01 1.022892e+01
6.054688e-01 4.619249e+01 1.002716e+01
6.093750e-01 4.585825e+01 9.827393e+00
6.132812e-01 4.551374e+01 9.629712e+00
6.171875e-01 4.515956e+01 9.434211e+00
6.210938e-01 4.479630e+01 9.240978e+00
6.250000e-01 4.442454e+01 9.050093e+00
6.289062e-01 4.404486e+01 8.861629e+00
6.328125e-01 4.365783e+01 8.675653e+00
6.367188e-01 4.326400e+01 8.492226e+00
6.406250e-01 4.286393e+01 8.311403e+00
6.445312e-01 4.245815e+01 8.133234e+00
6.484375e-01 4.204720e+01 7.957762e+00
6.523438e-01 4.163159e+01 7.785027e+00
6.562500e-01 4.121182e+01 7.615060e+00
6.601562e-01 4.078839e+01 7.447890e+00
6.640625e-01 4.036178e+01 7.283540e+00
6.679688e-01 3.993244e+01 7.122028e+00
6.718750e-01 3.950083e+01 6.963368e+00
6.757812e-01 3.906738e+01 6.807570e+00
6.796875e-01 3.863252e+01 6.654640e+00
6.835938e-01 3.819665e+01 6.504579e+00
6.875000e-01 3.776016e+01 6.357386e+00
6.914062e-01 3.732344e+01 6.213055e+00
6.953125e-01 3.688685e+01 6.071579e+00
6.992188e-01 3.645074e+01 5.932945e+00
7.031250e-01 3.601544e+01 5.797140e+00
7.070312e-01 3.558128e+01 5.664146e+00
7.109375e-01 3.514855e+01 5.533944e+00
7.148438e-01 3.471757e+01 5.406512e+00
7.187500e-01 3.428860e+01 5.281827e+00
7.226562e-01 3.386191e+01 5.159862e+00
7.265625e-01 3.343776e+01 5.040589e+00
7.304688e-01 3.301637e+01 4.923979e+00
7.343750e-01 3.259799e+01 4.810002e+00
7.382812e-01 3.218282e+01 4.698623e+00
7.421875e-01 3.177107e+01 4.589810e+00
7.460938e-01 3.136293e+01 4.483528e+00
7.500000e-01 3.095856e+01 4.379740e+00
7.539062e-01 3.055814e+01 4.278410e+00
7.578125e-01 3.016183e+01 4.179500e+00
7.617188e-01 2.976977e+01 4.082971e+00
7.656250e-01 2.938208e+01 3.988784e+00
7.695312e-01 2.899890e+01 3.896899e+00
7.734375e-01 2.862034e+01 3.807277e+00
7.773438e-01 2.824649e+01 3.719876e+00
7.812500e-01 2.787746e+01 3.634656e+00
7.851562e-01 2.751333e+01 3.551576e+00
7.890625e-01 2.715418e+01 3.470595e+00
7.929688e-01 2.680006e+01 3.391672e+00
7.968750e-01 2.645105e+01 3.314764e+00
8.007812e-01 2.610719e+01 3.239832e+00
8.046875e-01 2.576854e+01 3.166835e+00
8.085938e-01 2.543511e+01 3.095730e+00
8.125000e-01 2.510696e+01 3.026478e+00
8.164062e-01 2.478409e+01 2.959038e+00
8.203125e-01 2.446654e+01 2.893370e+00
8.212891e-01 2.438798e+01 2.877225e+00
8.222656e-01 2.430975e+01 2.861188e+00
8.232422e-01 2.423186e+01 2.845258e+00
8.242188e-01 2.415430e+01 2.829434e+00
8.251953e-01 2.407707e+01 2.813716e+00
8.261719e-01 2.400017e+01 2.798103e+00
8.271484e-01 2.392361e+01 2.782595e+00
8.281250e-01 2.384738e+01 2.767191e+00
8.291016e-01 2.377149e+01 2.751890e+00
8.300781e-01 2.369592e+01 2.736691e+00
8.305664e-01 2.365827e+01 2.729131e+00
8.310547e-01 2.362069e+01 2.721595e+00
8.315430e-01 2.358320e+01 2.714085e+00
8.320312e-01 2.354579e+01 2.706601e+00
8.325195e-01 2.350847e+01 2.699141e+00
8.330078e-01 2.347123e+01 2.691707e+00
8.334961e-01 2.343407e+01 2.684298e+00
8.339844e-01 2.339699e+01 2.676914e+00
8.344727e-01 2.336000e+01 2.669554e+00
8.349609e-01 2.332309e+01 2.662220e+00
8.354492e-01 2.328626e+01 2.654910e+00
8.359375e-01 2.324952e+01 2.647625e+00
8.364258e-01 2.321286e+01 2.640365e+00
8.369141e-01 2.317628e+01 2.633129e+00
8.374023e-01 2.313979e+01 2.625918e+00
8.378906e-01 2.310338e+01 2.618731e+00
8.383789e-01 2.306705e+01 2.611569e+00
8.388672e-01 2.303080e+01 2.604430e+00
8.393555e-01 2.299464e+01 2.597316e+00
8.398438e-01 2.295856e+01 2.590226e+00
8.417969e-01 2.281506e+01 2.562106e+00
8.437500e-01 2.267288e+01 2.534366e+00
8.457031e-01 2.253203e+01 2.507001e+00
8.476562e-01 2.239248e+01 2.480007e+00
8.496094e-01 2.225425e+01 2.453379e+00
8.515625e-01 2.211733e+01 2.427112e+00
8.535156e-01 2.198172e+01 2.401203e+00
8.554688e-01 2.184740e+01 2.375646e+00
8.574219e-01 2.171438e+01 2.350437e+00
8.593750e-01 2.158266e+01 2.325571e+00
8.632812e-01 2.132307e+01 2.276855e+00
8.671875e-01 2.106860e+01 2.229460e+00
8.710938e-01 2.081919e+01 2.183354e+00
8.750000e-01 2.057481e+01 2.138503e+00
8.789062e-01 2.033541e+01 2.094875e+00
8.828125e-01 2.010094e+01 2.052436e+00
8.867188e-01 1.987134e+01 2.011155e+00
8.906250e-01 1.964656e+01 1.971002e+00
8.945312e-01 1.942655e+01 1.931945e+00
8.984375e-01 1.921123e+01 1.893955e+00
9.023438e-01 1.900055e+01 1.857002e+00
9.062500e-01 1.879446e+01 1.821058e+00
9.101562e-01 1.859287e+01 1.786096e+00
9.140625e-01 1.839573e+01 1.752086e+00
9.179688e-01 1.820298e+01 1.719004e+00
9.218750e-01 1.801454e+01 1.686821e+00
9.257812e-01 1.783034e+01 1.655514e+00
9.296875e-01 1.765031e+01 1.625057e+00
9.335938e-01 1.747439e+01 1.595424e+00
9.375000e-01 1.730250e+01 1.566594e+00
9.453125e-01 1.697053e+01 1.511244e+00
9.531250e-01 1.665382e+01 1.458829e+00
9.609375e-01 1.635179e+01 1.409176e+00
9.687500e-01 1.606387e+01 1.362125e+00
9.765625e-01 1.578946e+01 1.317521e+00
9.843750e-01 1.552800e+01 1.275218e+00
9.921875e-01 1.527890e+01 1.235079e+00
1.000000e+00 1.504161e+01 1.196973e+00
1.007812e+00 1.481556e+01 1.160777e+00
1.015625e+00 1.460022e+01 1.126374e+00
1.019531e+00 1.449639e+01 1.109811e+00
1.023438e+00 1.439504e+01 1.093655e+00
1.027344e+00 1.429609e+01 1.077894e+00
1.031250e+00 1.419950e+01 1.062515e+00
1.035156e+00 1.410519e+01 1.047508e+00
1.039062e+00 1.401310e+01 1.032859e+00
1.042969e+00 1.392316e+01 1.018557e+00
1.046875e+00 1.383533e+01 1.004593e+00
1.050781e+00 1.374954e+01 9.909542e-01
1.054688e+00 1.366572e+01 9.776314e-01
1.058594e+00 1.358383e+01 9.646144e-01
1.062500e+00 1.350380e+01 9.518935e-01
1.066406e+00 1.342559e+01 9.394595e-01
1.070312e+00 1.334912e+01 9.273031e-01
1.074219e+00 1.327436e+01 9.154157e-01
1.078125e+00 1.320125e+01 9.037887e-01
1.082031e+00 1.312973e+01 8.924139e-01
1.085938e+00 1.305976e+01 8.812833e-01
1.089844e+00 1.299128e+01 8.703892e-01
1.093750e+00 1.292424e+01 8.597242e-01
1.109375e+00 1.266962e+01 8.192135e-01
1.125000e+00 1.243447e+01 7.818302e-01
1.140625e+00 1.221613e+01 7.472017e-01
1.156250e+00 1.201216e+01 7.150031e-01
1.171875e+00 1.182040e+01 6.849513e-01
1.187500e+00 1.163887e+01 6.568007e-01
1.203125e+00 1.146582e+01 6.303383e-01
1.218750e+00 1.129970e+01 6.053795e-01
1.234375e+00 1.113914e+01 5.817650e-01
1.250000e+00 1.098295e+01 5.593570e-01
1.265625e+00 1.083010e+01 5.380373e-01
1.281250e+00 1.067969e+01 5.177035e-01
1.296875e+00 1.053098e+01 4.982678e-01
1.312500e+00 1.038334e+01 4.796545e-01
1.328125e+00 1.023624e+01 4.617985e-01
1.343750e+00 1.008926e+01 4.446439e-01
1.359375e+00 9.942062e+00 4.281422e-01
1.375000e+00 9.794399e+00 4.122518e-01
1.390625e+00 9.646082e+00 3.969365e-01
1.406250e+00 9.496986e+00 3.821650e-01
1.421875e+00 9.347040e+00 3.679098e-01
1.437500e+00 9.196217e+00 3.541471e-01
1.453125e+00 9.044533e+00 3.408555e-01
1.468750e+00 8.892036e+00 3.280164e-01
1.484375e+00 8.738802e+00 3.156129e-01
1.500000e+00 8.584929e+00 3.036298e-01
1.515625e+00 8.430537e+00 2.920531e-01
1.531250e+00 8.275759e+00 2.808703e-01
1.546875e+00 8.120740e+00 2.700693e-01
1.562500e+00 7.965632e+00 2.596392e-01
1.570312e+00 7.888094e+00 2.545599e-01
1.578125e+00 7.810594e+00 2.495694e-01
1.585938e+00 7.733152e+00 2.446665e-01
1.593750e+00 7.655788e+00 2.398500e-01
1.601562e+00 7.578523e+00 2.351186e-01
1.609375e+00 7.501378e+00 2.304712e-01
1.617188e+00 7.424371e+00 2.259067e-01
1.625000e+00 7.347525e+00 2.214239e-01
1.632812e+00 7.270857e+00 2.170217e-01
1.640625e+00 7.194390e+00 2.126990e-01
1.642578e+00 7.175306e+00 2.116306e-01
1.644531e+00 7.156237e+00 2.105671e-01
1.646484e+00 7.137182e+00 2.095085e-01
1.648438e+00 7.118141e+00 2.084547e-01
1.650391e+00 7.099116e+00 2.074058e-01
1.652344e+00 7.080105e+00 2.063617e-01
1.654297e+00 7.061110e+00 2.053223e-01
1.656250e+00 7.042131e+00 2.042878e-01
1.658203e+00 7.023168e+00 2.032580e-01
1.660156e+00 7.004221e+00 2.022330e-01
1.662109e+00 6.985291e+00 2.012127e-01
1.664062e+00 6.966378e+00 2.001972e-01
1.666016e+00 6.947482e+00 1.991863e-01
1.667969e+00 6.928604e+00 1.981801e-01
1.669922e+00 6.909743e+00 1.971786e-01
1.671875e+00 6.890900e+00 1.961817e-01
1.673828e+00 6.872076e+00 1.951895e-01
1.675781e+00 6.853270e+00 1.942018e-01
1.677734e+00 6.834484e+00 1.932188e-01
1.679688e+00 6.815716e+00 1.922404e-01
1.683594e+00 6.778240e+00 1.902972e-01
1.687500e+00 6.740844e+00 1.883722e-01
1.691406e+00 6.703530e+00 1.864652e-01
1.695312e+00 6.666300e+00 1.845761e-01
1.699219e+00 6.629157e+00 1.827048e-01
1.703125e+00 6.592102e+00 1.808510e-01
1.707031e+00 6.555138e+00 1.790148e-01
1.710938e+00 6.518266e+00 1.771960e-01
1.714844e+00 6.481490e+00 1.753945e-01
1.718750e+00 6.444809e+00 1.736100e-01
1.734375e+00 6.299092e+00 1.666411e-01
1.750000e+00 6.155068e+00 1.599362e-01
1.765625e+00 6.012850e+00 1.534877e-01
1.781250e+00 5.872539e+00 1.472876e-01
1.796875e+00 5.734231e+00 1.413284e-01
1.812500e+00 5.598012e+00 1.356026e-01
1.828125e+00 5.463962e+00 1.301026e-01
1.843750e+00 5.332151e+00 1.248212e-01
1.859375e+00 5.202642e+00 1.197513e-01
1.875000e+00 5.075490e+00 1.148856e-01
1.890625e+00 4.950745e+00 1.102173e-01
1.906250e+00 4.828447e+00 1.057397e-01
1.921875e+00 4.708631e+00 1.014459e-01
1.937500e+00 4.591324e+00 9.732954e-02
1.953125e+00 4.476549e+00 9.338420e-02
1.968750e+00 4.364321e+00 8.960365e-02
1.984375e+00 4.254651e+00 8.598180e-02
2.000000e+00 4.147543e+00 8.251274e-02
2.015625e+00 4.042997e+00 7.919069e-02
2.031250e+00 3.941009e+00 7.601002e-02
2.039062e+00 3.890972e+00 7.447100e-02
2.046875e+00 3.841571e+00 7.296529e-02
2.054688e+00 3.792803e+00 7.149223e-02
2.062500e+00 3.744667e+00 7.005118e-02
2.070312e+00 3.697161e+00 6.864149e-02
2.078125e+00 3.650283e+00 6.726254e-02
2.085938e+00 3.604029e+00 6.591371e-02
2.093750e+00 3.558396e+00 6.459439e-02
2.101562e+00 3.513383e+00 6.330398e-02
2.109375e+00 3.468985e+00 6.204188e-02
2.117188e+00 3.425199e+00 6.080752e-02
2.125000e+00 3.382022e+00 5.960033e-02
2.132812e+00 3.339449e+00 5.841974e-02
2.140625e+00 3.297478e+00 5.726520e-02
2.148438e+00 3.256103e+00 5.613617e-02
2.156250e+00 3.215321e+00 5.503211e-02
2.164062e+00 3.175127e+00 5.395250e-02
2.171875e+00 3.135517e+00 5.289683e-02
2.179688e+00 3.096486e+00 5.186458e-02
2.187500e+00 3.058031e+00 5.085525e-02
2.203125e+00 2.982824e+00 4.890345e-02
2.218750e+00 2.909858e+00 4.703760e-02
2.234375e+00 2.839091e+00 4.525404e-02
2.250000e+00 2.770482e+00 4.354923e-02
2.265625e+00 2.703988e+00 4.191977e-02
2.281250e+00 2.639565e+00 4.036238e-02
2.296875e+00 2.577169e+00 3.887392e-02
2.312500e+00 2.516755e+00 3.745135e-02
2.328125e+00 2.458276e+00 3.609177e-02
2.343750e+00 2.401687e+00 3.479237e-02
2.359375e+00 2.346943e+00 3.355048e-02
2.375000e+00 2.293996e+00 3.236351e-02
2.390625e+00 2.242802e+00 3.122900e-02
2.406250e+00 2.193313e+00 3.014458e-02
2.421875e+00 2.145484e+00 2.910797e-02
2.437500e+00 2.099270e+00 2.811701e-02
2.453125e+00 2.054625e+00 2.716960e-02
2.468750e+00 2.011504e+00 2.626376e-02
2.484375e+00 1.969863e+00 2.539756e-02
2.500000e+00 1.929659e+00 2.456918e-02
2.531250e+00 1.853386e+00 2.301898e-02
2.562500e+00 1.782347e+00 2.160005e-02
2.593750e+00 1.716214e+00 2.030044e-02
2.625000e+00 1.654671e+00 1.910923e-02
2.656250e+00 1.597414e+00 1.801647e-02
2.687500e+00 1.544154e+00 1.701311e-02
2.718750e+00 1.494612e+00 1.609089e-02
2.750000e+00 1.448525e+00 1.524231e-02
2.781250e+00 1.405642e+00 1.446055e-02
2.812500e+00 1.365727e+00 1.373944e-02
2.843750e+00 1.328556e+00 1.307336e-02
2.875000e+00 1.293916e+00 1.245721e-02
2.906250e+00 1.261611e+00 1.188638e-02
2.937500e+00 1.231453e+00 1.135670e-02
2.968750e+00 1.203267e+00 1.086438e-02
3.000000e+00 1.176890e+00 1.040599e-02
3.031250e+00 1.152170e+00 9.978454e-03
3.062500e+00 1.128965e+00 9.578959e-03
3.093750e+00 1.107141e+00 9.204979e-03
3.125000e+00 1.086578e+00 8.854230e-03
3.156250e+00 1.067159e+00 8.524649e-03
3.187500e+00 1.048781e+00 8.214372e-03
3.218750e+00 1.031344e+00 7.921718e-03
3.250000e+00 1.014761e+00 7.645169e-03
3.281250e+00 9.989468e-01 7.383357e-03
3.312500e+00 9.838263e-01 7.135046e-03
3.343750e+00 9.693293e-01 6.899123e-03
3.375000e+00 9.553918e-01 6.674582e-03
3.406250e+00 9.419550e-01 6.460517e-03
3.437500e+00 9.289656e-01 6.256110e-03
3.468750e+00 9.163748e-01 6.060623e-03
3.500000e+00 9.041384e-01 5.873392e-03
3.531250e+00 8.922163e-01 5.693815e-03
3.562500e+00 8.805721e-01 5.521351e-03
3.593750e+00 8.691732e-01 5.355509e-03
3.625000e+00 8.579901e-01 5.195847e-03
3.656250e+00 8.469964e-01 5.041966e-03
3.687500e+00 8.361686e-01 4.893504e-03
3.718750e+00 8.254856e-01 4.750132e-03
3.750000e+00 8.149290e-01 4.611555e-03
3.812500e+00 7.941309e-01 4.347730e-03
3.875000e+00 7.736665e-01 4.100157e-03
3.937500e+00 7.534549e-01 3.867286e-03
4.000000e+00 7.334378e-01 3.647821e-03
4.062500e+00 7.135757e-01 3.440673e-03
4.125000e+00 6.938440e-01 3.244921e-03
4.187500e+00 6.742305e-01 3.059771e-03
4.250000e+00 6.547329e-01 2.884539e-03
4.312500e+00 6.353562e-01 2.718624e-03
4.375000e+00 6.161116e-01 2.561495e-03
4.437500e+00 5.970144e-01 2.412672e-03
4.500000e+00 5.780829e-01 2.271722e-03
4.562500e+00 5.593374e-01 2.138249e-03
4.625000e+00 5.407995e-01 2.011884e-03
4.687500e+00 5.224910e-01 1.892284e-03
4.750000e+00 5.044336e-01 1.779127e-03
4.812500e+00 4.866483e-01 1.672106e-03
4.875000e+00 4.691553e-01 1.570933e-03
4.937500e+00 4.519735e-01 1.475329e-03
5.000000e+00 4.351202e-01 1.385031e-03
5.125000e+00 4.024610e-01 1.219344e-03
5.250000e+00 3.712840e-01 1.071958e-03
5.375000e+00 3.416681e-01 9.411041e-04
5.500000e+00 3.136657e-01 8.251478e-04
5.625000e+00 2.873039e-01 7.225812e-04
5.750000e+00 2.625881e-01 6.320180e-04
5.875000e+00 2.395038e-01 5.521877e-04
6.000000e+00 2.180204e-01 4.819308e-04
6.125000e+00 1.980936e-01 4.201926e-04
6.250000e+00 1.796685e-01 3.660177e-04
6.312500e+00 1.709996e-01 3.414935e-04
6.375000e+00 1.626819e-01 3.185437e-04
6.437500e+00 1.547065e-01 2.970738e-04
6.500000e+00 1.470645e-01 2.769945e-04
6.562500e+00 1.397464e-01 2.582214e-04
6.625000e+00 1.327429e-01 2.406743e-04
6.687500e+00 1.260445e-01 2.242779e-04
6.750000e+00 1.196415e-01 2.089607e-04
6.812500e+00 1.135245e-01 1.946555e-04
6.875000e+00 1.076837e-01 1.812988e-04
6.937500e+00 1.021097e-01 1.688306e-04
7.000000e+00 9.679305e-02 1.571948e-04
7.062500e+00 9.172433e-02 1.463382e-04
7.125000e+00 8.689436e-02 1.362109e-04
7.187500e+00 8.229404e-02 1.267660e-04
7.250000e+00 7.791448e-02 1.179593e-04
7.312500e+00 7.374692e-02 1.097494e-04
7.375000e+00 6.978281e-02 1.020974e-04
7.437500e+00 6.601382e-02 9.496663e-05
7.500000e+00 6.243179e-02 8.832291e-05
7.750000e+00 4.981827e-02 6.600478e-05
8.000000e+00 3.960322e-02 4.924257e-05
8.250000e+00 3.137472e-02 3.668277e-05
8.500000e+00 2.477826e-02 2.729123e-05
8.750000e+00 1.951305e-02 2.028145e-05
9.000000e+00 1.532686e-02 1.505769e-05
9.250000e+00 1.201036e-02 1.117024e-05
9.500000e+00 9.391282e-03 8.280715e-06
9.750000e+00 7.328980e-03 6.135139e-06
1.000000e+01 5.709365e-03 4.543368e-06
1.025000e+01 4.440450e-03 3.363329e-06
1.050000e+01 3.448460e-03 2.489067e-06
1.075000e+01 2.674473e-03 1.841669e-06
1.100000e+01 2.071664e-03 1.362461e-06
1.125000e+01 1.602940e-03 1.007865e-06
1.150000e+01 1.239015e-03 7.455398e-07
1.175000e+01 9.568332e-04 5.515065e-07
1.200000e+01 7.382994e-04 4.080000e-07
1.225000e+01 5.692427e-04 3.018669e-07
1.250000e+01 4.385927e-04 2.233734e-07
1.275000e+01 3.377175e-04 1.653192e-07
1.300000e+01 2.598967e-04 1.223782e-07
1.325000e+01 1.999052e-04 9.061132e-08
1.350000e+01 1.536892e-04 6.710670e-08
1.375000e+01 1.181074e-04 4.971205e-08
1.400000e+01 9.072829e-05 3.683637e-08
1.425000e+01 6.967180e-05 2.730345e-08
1.450000e+01 5.348542e-05 2.024369e-08
1.475000e+01 4.104801e-05 1.501406e-08
1.500000e+01 3.149475e-05 1.113899e-08
1.550000e+01 1.852829e-05 6.137084e-09
1.600000e+01 1.089207e-05 3.385794e-09
1.650000e+01 6.398899e-06 1.870370e-09
1.700000e+01 3.757091e-06 1.034532e-09
1.750000e+01 2.205327e-06 5.730428e-10
1.800000e+01 1.294187e-06 3.178646e-10
1.850000e+01 7.590882e-07 1.764976e-10
1.900000e+01 4.452649e-07 9.815251e-11
1.950000e+01 2.612433e-07 5.467214e-11
2.000000e+01 1.531254e-07 3.046333e-11
2.100000e+01 5.258921e-08 9.489606e-12
2.200000e+01 1.815194e-08 2.984474e-12
2.300000e+01 6.274926e-09 9.439372e-13
2.400000e+01 2.124366e-09 2.934925e-13
2.500000e+01 7.849310e-10 9.994052e-14
2.600000e+01 3.322364e-10 3.911026e-14
2.700000e+01 9.341672e-11 1.019735e-14
2.800000e+01 6.393833e-11 6.489860e-15
2.900000e+01 8.755895e-11 8.285041e-15
3.000000e+01 4.515391e-11 3.992483e-15
3.100000e+01 4.395075e-11 3.639427e-15
3.200000e+01 4.433281e-11 3.445208e-15
3.300000e+01 4.421978e-11 3.231311e-15
3.400000e+01 4.204637e-11 2.894415e-15
3.500000e+01 3.689263e-11 2.396590e-15
3.600000e+01 2.881693e-11 1.769428e-15
3.700000e+01 1.899404e-11 1.104089e-15
3.800000e+01 9.468082e-12 5.217770e-16
3.900000e+01 2.537912e-12 1.327815e-16
4.000000e+01 0.000000e+00 0.000000e+00
