# 
# Output from RAtom program.
# 
# Total radial electron density.
# The first column contains radius $r$ in bohr units.
# The second column holds $\rho(r)$.
# The third column holds $\tilde{\rho}(r) = \rho(r) / (\pi * r * r)$
# 
# Use this file with gnuplot to create the plot.
# 
# R     Rho     RhoTilde
#
0.000000e+00 0.000000e+00 2.778924e+05
1.525879e-04 7.951549e-02 2.717701e+05
3.051758e-04 3.110549e-01 2.657829e+05
4.577637e-04 6.844557e-01 2.599279e+05
6.103516e-04 1.190006e+00 2.542021e+05
7.629395e-04 1.818428e+00 2.486028e+05
9.155273e-04 2.560861e+00 2.431272e+05
1.068115e-03 3.408851e+00 2.377727e+05
1.220703e-03 4.354328e+00 2.325365e+05
1.373291e-03 5.389599e+00 2.274162e+05
1.525879e-03 6.507328e+00 2.224092e+05
1.678467e-03 7.700529e+00 2.175130e+05
1.831055e-03 8.962547e+00 2.127252e+05
1.983643e-03 1.028705e+01 2.080435e+05
2.136230e-03 1.166801e+01 2.034655e+05
2.288818e-03 1.309971e+01 1.989890e+05
2.441406e-03 1.457669e+01 1.946117e+05
2.593994e-03 1.609381e+01 1.903316e+05
2.746582e-03 1.764614e+01 1.861464e+05
2.899170e-03 1.922905e+01 1.820542e+05
3.051758e-03 2.083813e+01 1.780528e+05
3.356934e-03 2.411835e+01 1.703148e+05
3.662109e-03 2.745610e+01 1.629170e+05
3.967285e-03 3.082398e+01 1.558447e+05
4.272461e-03 3.419767e+01 1.490838e+05
4.577637e-03 3.755568e+01 1.426209e+05
4.882812e-03 4.087908e+01 1.364430e+05
5.187988e-03 4.415133e+01 1.305377e+05
5.493164e-03 4.735808e+01 1.248933e+05
5.798340e-03 5.048695e+01 1.194984e+05
6.103516e-03 5.352741e+01 1.143421e+05
6.256104e-03 5.501164e+01 1.118502e+05
6.408691e-03 5.647057e+01 1.094142e+05
6.561279e-03 5.790330e+01 1.070327e+05
6.713867e-03 5.930906e+01 1.047046e+05
6.866455e-03 6.068714e+01 1.024287e+05
7.019043e-03 6.203691e+01 1.002039e+05
7.171631e-03 6.335781e+01 9.802898e+04
7.324219e-03 6.464937e+01 9.590292e+04
7.476807e-03 6.591116e+01 9.382462e+04
7.629395e-03 6.714284e+01 9.179303e+04
7.781982e-03 6.834412e+01 8.980712e+04
7.934570e-03 6.951475e+01 8.786588e+04
8.087158e-03 7.065456e+01 8.596832e+04
8.239746e-03 7.176342e+01 8.411348e+04
8.392334e-03 7.284126e+01 8.230043e+04
8.544922e-03 7.388804e+01 8.052822e+04
8.697510e-03 7.490377e+01 7.879597e+04
8.850098e-03 7.588851e+01 7.710278e+04
9.002686e-03 7.684235e+01 7.544780e+04
9.155273e-03 7.776541e+01 7.383018e+04
9.307861e-03 7.865785e+01 7.224910e+04
9.460449e-03 7.951988e+01 7.070373e+04
9.613037e-03 8.035172e+01 6.919330e+04
9.765625e-03 8.115362e+01 6.771703e+04
9.918213e-03 8.192586e+01 6.627417e+04
1.007080e-02 8.266874e+01 6.486396e+04
1.022339e-02 8.338260e+01 6.348569e+04
1.037598e-02 8.406779e+01 6.213865e+04
1.052856e-02 8.472468e+01 6.082214e+04
1.068115e-02 8.535364e+01 5.953550e+04
1.083374e-02 8.595510e+01 5.827804e+04
1.098633e-02 8.652947e+01 5.704913e+04
1.113892e-02 8.707718e+01 5.584813e+04
1.129150e-02 8.759870e+01 5.467442e+04
1.144409e-02 8.809446e+01 5.352739e+04
1.159668e-02 8.856496e+01 5.240645e+04
1.174927e-02 8.901067e+01 5.131102e+04
1.190186e-02 8.943208e+01 5.024052e+04
1.205444e-02 8.982968e+01 4.919440e+04
1.220703e-02 9.020399e+01 4.817212e+04
1.251221e-02 9.088477e+01 4.619696e+04
1.281738e-02 9.147854e+01 4.431091e+04
1.312256e-02 9.198952e+01 4.251003e+04
1.342773e-02 9.242191e+01 4.079055e+04
1.373291e-02 9.277998e+01 3.914887e+04
1.403809e-02 9.306794e+01 3.758153e+04
1.434326e-02 9.329001e+01 3.608523e+04
1.464844e-02 9.345036e+01 3.465680e+04
1.495361e-02 9.355309e+01 3.329324e+04
1.525879e-02 9.360228e+01 3.199163e+04
1.541138e-02 9.360803e+01 3.136320e+04
1.556396e-02 9.360188e+01 3.074923e+04
1.571655e-02 9.358431e+01 3.014940e+04
1.586914e-02 9.355581e+01 2.956338e+04
1.602173e-02 9.351683e+01 2.899086e+04
1.617432e-02 9.346785e+01 2.843155e+04
1.632690e-02 9.340932e+01 2.788513e+04
1.647949e-02 9.334171e+01 2.735132e+04
1.663208e-02 9.326546e+01 2.682982e+04
1.678467e-02 9.318100e+01 2.632037e+04
1.693726e-02 9.308877e+01 2.582268e+04
1.708984e-02 9.298920e+01 2.533649e+04
1.724243e-02 9.288271e+01 2.486154e+04
1.739502e-02 9.276970e+01 2.439756e+04
1.754761e-02 9.265057e+01 2.394432e+04
1.770020e-02 9.252574e+01 2.350155e+04
1.785278e-02 9.239558e+01 2.306904e+04
1.800537e-02 9.226048e+01 2.264653e+04
1.815796e-02 9.212081e+01 2.223381e+04
1.831055e-02 9.197694e+01 2.183064e+04
1.892090e-02 9.136647e+01 2.030923e+04
1.953125e-02 9.071608e+01 1.892406e+04
2.014160e-02 9.004552e+01 1.766299e+04
2.075195e-02 8.937263e+01 1.651493e+04
2.136230e-02 8.871333e+01 1.546973e+04
2.197266e-02 8.808173e+01 1.451813e+04
2.258301e-02 8.749017e+01 1.365167e+04
2.319336e-02 8.694932e+01 1.286261e+04
2.380371e-02 8.646826e+01 1.214388e+04
2.441406e-02 8.605458e+01 1.148905e+04
2.471924e-02 8.587499e+01 1.118373e+04
2.502441e-02 8.571446e+01 1.089222e+04
2.532959e-02 8.557357e+01 1.061386e+04
2.563477e-02 8.545280e+01 1.034803e+04
2.593994e-02 8.535258e+01 1.009413e+04
2.624512e-02 8.527327e+01 9.851584e+03
2.655029e-02 8.521516e+01 9.619852e+03
2.685547e-02 8.517847e+01 9.398413e+03
2.716064e-02 8.516337e+01 9.186770e+03
2.746582e-02 8.516997e+01 8.984449e+03
2.777100e-02 8.519831e+01 8.790998e+03
2.807617e-02 8.524840e+01 8.605985e+03
2.838135e-02 8.532020e+01 8.428998e+03
2.868652e-02 8.541360e+01 8.259644e+03
2.899170e-02 8.552847e+01 8.097547e+03
2.929688e-02 8.566463e+01 7.942351e+03
2.960205e-02 8.582187e+01 7.793714e+03
2.990723e-02 8.599991e+01 7.651311e+03
3.021240e-02 8.619848e+01 7.514832e+03
3.051758e-02 8.641726e+01 7.383980e+03
3.067017e-02 8.653411e+01 7.320576e+03
3.082275e-02 8.665588e+01 7.258474e+03
3.097534e-02 8.678252e+01 7.197641e+03
3.112793e-02 8.691398e+01 7.138045e+03
3.128052e-02 8.705020e+01 7.079654e+03
3.143311e-02 8.719114e+01 7.022438e+03
3.158569e-02 8.733673e+01 6.966365e+03
3.173828e-02 8.748693e+01 6.911408e+03
3.189087e-02 8.764168e+01 6.857536e+03
3.204346e-02 8.780091e+01 6.804723e+03
3.219604e-02 8.796457e+01 6.752940e+03
3.234863e-02 8.813260e+01 6.702161e+03
3.250122e-02 8.830494e+01 6.652361e+03
3.265381e-02 8.848151e+01 6.603512e+03
3.280640e-02 8.866227e+01 6.555592e+03
3.295898e-02 8.884714e+01 6.508575e+03
3.311157e-02 8.903606e+01 6.462439e+03
3.326416e-02 8.922896e+01 6.417159e+03
3.341675e-02 8.942577e+01 6.372714e+03
3.356934e-02 8.962643e+01 6.329082e+03
3.387451e-02 9.003901e+01 6.244171e+03
3.417969e-02 9.046615e+01 6.162261e+03
3.448486e-02 9.090727e+01 6.083195e+03
3.479004e-02 9.136180e+01 6.006824e+03
3.509521e-02 9.182916e+01 5.933008e+03
3.540039e-02 9.230876e+01 5.861610e+03
3.570557e-02 9.280002e+01 5.792504e+03
3.601074e-02 9.330233e+01 5.725567e+03
3.631592e-02 9.381512e+01 5.660684e+03
3.662109e-02 9.433777e+01 5.597745e+03
3.723145e-02 9.541029e+01 5.477288e+03
3.784180e-02 9.651515e+01 5.363424e+03
3.845215e-02 9.764764e+01 5.255459e+03
3.906250e-02 9.880312e+01 5.152770e+03
3.967285e-02 9.997703e+01 5.054795e+03
4.028320e-02 1.011649e+02 4.961033e+03
4.089355e-02 1.023625e+02 4.871034e+03
4.150391e-02 1.035655e+02 4.784397e+03
4.211426e-02 1.047699e+02 4.700763e+03
4.272461e-02 1.059719e+02 4.619815e+03
4.333496e-02 1.071677e+02 4.541267e+03
4.394531e-02 1.083537e+02 4.464870e+03
4.455566e-02 1.095267e+02 4.390402e+03
4.516602e-02 1.106834e+02 4.317667e+03
4.577637e-02 1.118209e+02 4.246493e+03
4.638672e-02 1.129363e+02 4.176729e+03
4.699707e-02 1.140270e+02 4.108245e+03
4.760742e-02 1.150907e+02 4.040926e+03
4.821777e-02 1.161249e+02 3.974672e+03
4.882812e-02 1.171278e+02 3.909401e+03
4.943848e-02 1.180975e+02 3.845038e+03
5.004883e-02 1.190322e+02 3.781522e+03
5.065918e-02 1.199304e+02 3.718801e+03
5.126953e-02 1.207908e+02 3.656833e+03
5.187988e-02 1.216122e+02 3.595582e+03
5.249023e-02 1.223936e+02 3.535018e+03
5.310059e-02 1.231341e+02 3.475120e+03
5.371094e-02 1.238331e+02 3.415870e+03
5.432129e-02 1.244899e+02 3.357254e+03
5.493164e-02 1.251042e+02 3.299263e+03
5.523682e-02 1.253953e+02 3.270501e+03
5.554199e-02 1.256757e+02 3.241892e+03
5.584717e-02 1.259453e+02 3.213438e+03
5.615234e-02 1.262042e+02 3.185138e+03
5.645752e-02 1.264523e+02 3.156991e+03
5.676270e-02 1.266897e+02 3.128999e+03
5.706787e-02 1.269163e+02 3.101161e+03
5.737305e-02 1.271323e+02 3.073478e+03
5.767822e-02 1.273375e+02 3.045950e+03
5.798340e-02 1.275321e+02 3.018577e+03
5.828857e-02 1.277161e+02 2.991361e+03
5.859375e-02 1.278895e+02 2.964302e+03
5.889893e-02 1.280524e+02 2.937400e+03
5.920410e-02 1.282048e+02 2.910656e+03
5.950928e-02 1.283469e+02 2.884072e+03
5.981445e-02 1.284786e+02 2.857648e+03
6.011963e-02 1.286001e+02 2.831385e+03
6.042480e-02 1.287115e+02 2.805284e+03
6.072998e-02 1.288127e+02 2.779346e+03
6.103516e-02 1.289040e+02 2.753571e+03
6.134033e-02 1.289853e+02 2.727961e+03
6.164551e-02 1.290569e+02 2.702517e+03
6.195068e-02 1.291187e+02 2.677239e+03
6.225586e-02 1.291710e+02 2.652130e+03
6.256104e-02 1.292138e+02 2.627188e+03
6.286621e-02 1.292472e+02 2.602416e+03
6.317139e-02 1.292714e+02 2.577815e+03
6.347656e-02 1.292864e+02 2.553385e+03
6.378174e-02 1.292924e+02 2.529127e+03
6.408691e-02 1.292896e+02 2.505042e+03
6.423950e-02 1.292849e+02 2.493065e+03
6.439209e-02 1.292780e+02 2.481131e+03
6.454468e-02 1.292689e+02 2.469241e+03
6.469727e-02 1.292578e+02 2.457395e+03
6.484985e-02 1.292445e+02 2.445593e+03
6.500244e-02 1.292291e+02 2.433834e+03
6.515503e-02 1.292116e+02 2.422120e+03
6.530762e-02 1.291920e+02 2.410450e+03
6.546021e-02 1.291704e+02 2.398824e+03
6.561279e-02 1.291467e+02 2.387243e+03
6.576538e-02 1.291211e+02 2.375706e+03
6.591797e-02 1.290934e+02 2.364213e+03
6.607056e-02 1.290638e+02 2.352765e+03
6.622314e-02 1.290322e+02 2.341362e+03
6.637573e-02 1.289986e+02 2.330004e+03
6.652832e-02 1.289632e+02 2.318690e+03
6.668091e-02 1.289258e+02 2.307421e+03
6.683350e-02 1.288865e+02 2.296197e+03
6.698608e-02 1.288454e+02 2.285019e+03
6.713867e-02 1.288024e+02 2.273885e+03
6.774902e-02 1.286123e+02 2.229803e+03
6.835938e-02 1.283941e+02 2.186448e+03
6.896973e-02 1.281491e+02 2.143822e+03
6.958008e-02 1.278785e+02 2.101928e+03
7.019043e-02 1.275836e+02 2.060768e+03
7.080078e-02 1.272656e+02 2.020342e+03
7.141113e-02 1.269258e+02 1.980652e+03
7.202148e-02 1.265655e+02 1.941696e+03
7.263184e-02 1.261859e+02 1.903474e+03
7.324219e-02 1.257884e+02 1.865985e+03
7.385254e-02 1.253742e+02 1.829227e+03
7.446289e-02 1.249446e+02 1.793196e+03
7.507324e-02 1.245007e+02 1.757890e+03
7.568359e-02 1.240439e+02 1.723304e+03
7.629395e-02 1.235753e+02 1.689435e+03
7.690430e-02 1.230961e+02 1.656278e+03
7.751465e-02 1.226075e+02 1.623827e+03
7.812500e-02 1.221107e+02 1.592076e+03
7.873535e-02 1.216068e+02 1.561020e+03
7.934570e-02 1.210970e+02 1.530652e+03
7.995605e-02 1.205822e+02 1.500965e+03
8.056641e-02 1.200635e+02 1.471951e+03
8.117676e-02 1.195421e+02 1.443602e+03
8.178711e-02 1.190188e+02 1.415912e+03
8.239746e-02 1.184948e+02 1.388870e+03
8.300781e-02 1.179708e+02 1.362469e+03
8.361816e-02 1.174479e+02 1.336700e+03
8.422852e-02 1.169268e+02 1.311554e+03
8.483887e-02 1.164086e+02 1.287020e+03
8.544922e-02 1.158939e+02 1.263091e+03
8.605957e-02 1.153837e+02 1.239756e+03
8.666992e-02 1.148786e+02 1.217005e+03
8.728027e-02 1.143793e+02 1.194828e+03
8.789062e-02 1.138867e+02 1.173216e+03
8.850098e-02 1.134013e+02 1.152158e+03
8.911133e-02 1.129237e+02 1.131643e+03
8.972168e-02 1.124546e+02 1.111662e+03
9.033203e-02 1.119946e+02 1.092204e+03
9.094238e-02 1.115441e+02 1.073258e+03
9.155273e-02 1.111037e+02 1.054814e+03
9.216309e-02 1.106739e+02 1.036863e+03
9.277344e-02 1.102550e+02 1.019392e+03
9.338379e-02 1.098476e+02 1.002392e+03
9.399414e-02 1.094520e+02 9.858529e+02
9.460449e-02 1.090685e+02 9.697635e+02
9.521484e-02 1.086975e+02 9.541138e+02
9.582520e-02 1.083392e+02 9.388936e+02
9.643555e-02 1.079940e+02 9.240926e+02
9.704590e-02 1.076621e+02 9.097008e+02
9.765625e-02 1.073437e+02 8.957081e+02
9.826660e-02 1.070389e+02 8.821045e+02
9.887695e-02 1.067480e+02 8.688803e+02
9.948730e-02 1.064711e+02 8.560255e+02
1.000977e-01 1.062083e+02 8.435307e+02
1.007080e-01 1.059597e+02 8.313864e+02
1.013184e-01 1.057253e+02 8.195830e+02
1.019287e-01 1.055053e+02 8.081115e+02
1.025391e-01 1.052995e+02 7.969625e+02
1.031494e-01 1.051081e+02 7.861272e+02
1.037598e-01 1.049310e+02 7.755966e+02
1.043701e-01 1.047681e+02 7.653621e+02
1.049805e-01 1.046195e+02 7.554150e+02
1.055908e-01 1.044849e+02 7.457470e+02
1.062012e-01 1.043644e+02 7.363497e+02
1.068115e-01 1.042579e+02 7.272150e+02
1.074219e-01 1.041651e+02 7.183349e+02
1.080322e-01 1.040860e+02 7.097016e+02
1.086426e-01 1.040204e+02 7.013074e+02
1.092529e-01 1.039681e+02 6.931448e+02
1.098633e-01 1.039289e+02 6.852065e+02
1.110840e-01 1.038892e+02 6.699737e+02
1.123047e-01 1.038995e+02 6.555533e+02
1.135254e-01 1.039580e+02 6.418920e+02
1.147461e-01 1.040624e+02 6.289387e+02
1.159668e-01 1.042108e+02 6.166452e+02
1.171875e-01 1.044006e+02 6.049653e+02
1.184082e-01 1.046295e+02 5.938553e+02
1.196289e-01 1.048950e+02 5.832739e+02
1.208496e-01 1.051945e+02 5.731819e+02
1.220703e-01 1.055253e+02 5.635424e+02
1.226807e-01 1.057016e+02 5.588813e+02
1.232910e-01 1.058848e+02 5.543205e+02
1.239014e-01 1.060745e+02 5.498559e+02
1.245117e-01 1.062703e+02 5.454835e+02
1.251221e-01 1.064720e+02 5.411997e+02
1.257324e-01 1.066791e+02 5.370007e+02
1.263428e-01 1.068913e+02 5.328829e+02
1.269531e-01 1.071084e+02 5.288431e+02
1.275635e-01 1.073299e+02 5.248778e+02
1.281738e-01 1.075555e+02 5.209838e+02
1.283264e-01 1.076126e+02 5.200211e+02
1.284790e-01 1.076698e+02 5.190626e+02
1.286316e-01 1.077273e+02 5.181082e+02
1.287842e-01 1.077850e+02 5.171580e+02
1.289368e-01 1.078429e+02 5.162119e+02
1.290894e-01 1.079010e+02 5.152698e+02
1.292419e-01 1.079593e+02 5.143317e+02
1.293945e-01 1.080178e+02 5.133975e+02
1.295471e-01 1.080766e+02 5.124672e+02
1.296997e-01 1.081355e+02 5.115408e+02
1.297379e-01 1.081502e+02 5.113098e+02
1.297760e-01 1.081650e+02 5.110790e+02
1.298141e-01 1.081798e+02 5.108485e+02
1.298523e-01 1.081946e+02 5.106182e+02
1.298904e-01 1.082094e+02 5.103881e+02
1.299286e-01 1.082242e+02 5.101583e+02
1.299667e-01 1.082390e+02 5.099287e+02
1.300049e-01 1.082538e+02 5.096994e+02
1.300430e-01 1.082687e+02 5.094702e+02
1.300812e-01 1.082835e+02 5.092413e+02
1.301193e-01 1.082984e+02 5.090127e+02
1.301575e-01 1.083133e+02 5.087842e+02
1.301956e-01 1.083282e+02 5.085560e+02
1.302338e-01 1.083431e+02 5.083281e+02
1.302719e-01 1.083580e+02 5.081003e+02
1.303101e-01 1.083729e+02 5.078728e+02
1.303482e-01 1.083878e+02 5.076455e+02
1.303864e-01 1.084028e+02 5.074185e+02
1.304245e-01 1.084177e+02 5.071917e+02
1.304626e-01 1.084327e+02 5.069650e+02
1.305389e-01 1.084627e+02 5.065125e+02
1.306152e-01 1.084926e+02 5.060609e+02
1.306915e-01 1.085227e+02 5.056101e+02
1.307678e-01 1.085528e+02 5.051603e+02
1.308441e-01 1.085829e+02 5.047113e+02
1.309204e-01 1.086130e+02 5.042632e+02
1.309967e-01 1.086432e+02 5.038159e+02
1.310730e-01 1.086734e+02 5.033695e+02
1.311493e-01 1.087037e+02 5.029240e+02
1.312256e-01 1.087339e+02 5.024794e+02
1.315308e-01 1.088554e+02 5.007091e+02
1.318359e-01 1.089774e+02 4.989522e+02
1.321411e-01 1.090998e+02 4.972082e+02
1.324463e-01 1.092227e+02 4.954769e+02
1.327515e-01 1.093459e+02 4.937579e+02
1.330566e-01 1.094695e+02 4.920510e+02
1.333618e-01 1.095934e+02 4.903559e+02
1.336670e-01 1.097175e+02 4.886723e+02
1.339722e-01 1.098419e+02 4.869999e+02
1.342773e-01 1.099664e+02 4.853385e+02
1.354980e-01 1.104658e+02 4.787974e+02
1.367188e-01 1.109651e+02 4.724116e+02
1.379395e-01 1.114622e+02 4.661663e+02
1.391602e-01 1.119548e+02 4.600480e+02
1.403809e-01 1.124408e+02 4.540443e+02
1.416016e-01 1.129181e+02 4.481439e+02
1.428223e-01 1.133847e+02 4.423365e+02
1.440430e-01 1.138388e+02 4.366127e+02
1.452637e-01 1.142786e+02 4.309641e+02
1.464844e-01 1.147024e+02 4.253831e+02
1.477051e-01 1.151087e+02 4.198629e+02
1.489258e-01 1.154959e+02 4.143974e+02
1.501465e-01 1.158627e+02 4.089814e+02
1.513672e-01 1.162078e+02 4.036099e+02
1.525879e-01 1.165299e+02 3.982790e+02
1.538086e-01 1.168280e+02 3.929851e+02
1.550293e-01 1.171012e+02 3.877250e+02
1.562500e-01 1.173484e+02 3.824962e+02
1.574707e-01 1.175688e+02 3.772965e+02
1.586914e-01 1.177619e+02 3.721243e+02
1.599121e-01 1.179268e+02 3.669780e+02
1.611328e-01 1.180632e+02 3.618567e+02
1.623535e-01 1.181705e+02 3.567597e+02
1.635742e-01 1.182484e+02 3.516864e+02
1.647949e-01 1.182965e+02 3.466366e+02
1.660156e-01 1.183147e+02 3.416104e+02
1.672363e-01 1.183029e+02 3.366079e+02
1.684570e-01 1.182610e+02 3.316296e+02
1.696777e-01 1.181889e+02 3.266759e+02
1.708984e-01 1.180868e+02 3.217477e+02
1.721191e-01 1.179549e+02 3.168456e+02
1.733398e-01 1.177932e+02 3.119706e+02
1.745605e-01 1.176022e+02 3.071238e+02
1.757812e-01 1.173821e+02 3.023060e+02
1.770020e-01 1.171332e+02 2.975186e+02
1.782227e-01 1.168561e+02 2.927627e+02
1.794434e-01 1.165512e+02 2.880395e+02
1.806641e-01 1.162189e+02 2.833502e+02
1.818848e-01 1.158600e+02 2.786961e+02
1.831055e-01 1.154748e+02 2.740784e+02
1.843262e-01 1.150642e+02 2.694985e+02
1.855469e-01 1.146287e+02 2.649576e+02
1.867676e-01 1.141691e+02 2.604569e+02
1.879883e-01 1.136861e+02 2.559977e+02
1.892090e-01 1.131805e+02 2.515812e+02
1.904297e-01 1.126529e+02 2.472084e+02
1.916504e-01 1.121043e+02 2.428806e+02
1.928711e-01 1.115354e+02 2.385989e+02
1.940918e-01 1.109470e+02 2.343643e+02
1.953125e-01 1.103401e+02 2.301778e+02
1.965332e-01 1.097154e+02 2.260403e+02
1.977539e-01 1.090739e+02 2.219528e+02
1.989746e-01 1.084163e+02 2.179161e+02
2.001953e-01 1.077436e+02 2.139311e+02
2.014160e-01 1.070567e+02 2.099984e+02
2.026367e-01 1.063565e+02 2.061188e+02
2.038574e-01 1.056437e+02 2.022930e+02
2.050781e-01 1.049194e+02 1.985214e+02
2.062988e-01 1.041844e+02 1.948047e+02
2.075195e-01 1.034396e+02 1.911433e+02
2.087402e-01 1.026859e+02 1.875377e+02
2.099609e-01 1.019240e+02 1.839881e+02
2.111816e-01 1.011550e+02 1.804950e+02
2.124023e-01 1.003796e+02 1.770585e+02
2.136230e-01 9.959861e+01 1.736790e+02
2.148438e-01 9.881295e+01 1.703564e+02
2.160645e-01 9.802339e+01 1.670911e+02
2.172852e-01 9.723075e+01 1.638829e+02
2.185059e-01 9.643579e+01 1.607320e+02
2.197266e-01 9.563931e+01 1.576382e+02
2.221680e-01 9.404475e+01 1.516219e+02
2.246094e-01 9.245293e+01 1.458327e+02
2.270508e-01 9.086941e+01 1.402690e+02
2.294922e-01 8.929948e+01 1.349284e+02
2.319336e-01 8.774811e+01 1.298077e+02
2.343750e-01 8.621997e+01 1.249037e+02
2.368164e-01 8.471939e+01 1.202124e+02
2.392578e-01 8.325038e+01 1.157295e+02
2.416992e-01 8.181663e+01 1.114503e+02
2.441406e-01 8.042151e+01 1.073698e+02
2.453613e-01 7.973939e+01 1.054025e+02
2.465820e-01 7.906804e+01 1.034828e+02
2.478027e-01 7.840780e+01 1.016102e+02
2.490234e-01 7.775896e+01 9.978382e+01
2.502441e-01 7.712182e+01 9.800305e+01
2.514648e-01 7.649666e+01 9.626714e+01
2.526855e-01 7.588372e+01 9.457535e+01
2.539062e-01 7.528325e+01 9.292695e+01
2.551270e-01 7.469545e+01 9.132120e+01
2.563477e-01 7.412053e+01 8.975733e+01
2.566528e-01 7.397883e+01 8.937283e+01
2.569580e-01 7.383795e+01 8.899088e+01
2.572632e-01 7.369790e+01 8.861147e+01
2.575684e-01 7.355867e+01 8.823461e+01
2.578735e-01 7.342026e+01 8.786026e+01
2.581787e-01 7.328268e+01 8.748843e+01
2.584839e-01 7.314593e+01 8.711910e+01
2.587891e-01 7.301002e+01 8.675226e+01
2.590942e-01 7.287494e+01 8.638789e+01
2.593994e-01 7.274070e+01 8.602599e+01
2.595520e-01 7.267390e+01 8.584595e+01
2.597046e-01 7.260730e+01 8.566653e+01
2.598572e-01 7.254092e+01 8.548772e+01
2.600098e-01 7.247475e+01 8.530952e+01
2.601624e-01 7.240878e+01 8.513193e+01
2.603149e-01 7.234303e+01 8.495494e+01
2.604675e-01 7.227749e+01 8.477856e+01
2.606201e-01 7.221216e+01 8.460278e+01
2.607727e-01 7.214705e+01 8.442760e+01
2.609253e-01 7.208214e+01 8.425302e+01
2.610779e-01 7.201745e+01 8.407904e+01
2.612305e-01 7.195297e+01 8.390565e+01
2.613831e-01 7.188870e+01 8.373286e+01
2.615356e-01 7.182465e+01 8.356066e+01
2.616882e-01 7.176081e+01 8.338906e+01
2.618408e-01 7.169718e+01 8.321805e+01
2.619934e-01 7.163377e+01 8.304762e+01
2.621460e-01 7.157057e+01 8.287779e+01
2.622986e-01 7.150758e+01 8.270854e+01
2.624512e-01 7.144481e+01 8.253987e+01
2.630615e-01 7.119586e+01 8.187103e+01
2.636719e-01 7.095036e+01 8.121142e+01
2.642822e-01 7.070830e+01 8.056095e+01
2.648926e-01 7.046969e+01 7.991953e+01
2.655029e-01 7.023455e+01 7.928706e+01
2.661133e-01 7.000289e+01 7.866345e+01
2.667236e-01 6.977470e+01 7.804860e+01
2.673340e-01 6.954999e+01 7.744241e+01
2.679443e-01 6.932877e+01 7.684480e+01
2.685547e-01 6.911105e+01 7.625567e+01
2.697754e-01 6.868607e+01 7.510246e+01
2.709961e-01 6.827507e+01 7.398203e+01
2.722168e-01 6.787806e+01 7.289365e+01
2.734375e-01 6.749500e+01 7.183657e+01
2.746582e-01 6.712588e+01 7.081006e+01
2.758789e-01 6.677065e+01 6.981339e+01
2.770996e-01 6.642925e+01 6.884584e+01
2.783203e-01 6.610164e+01 6.790669e+01
2.795410e-01 6.578773e+01 6.699524e+01
2.807617e-01 6.548743e+01 6.611078e+01
2.819824e-01 6.520066e+01 6.525263e+01
2.832031e-01 6.492730e+01 6.442010e+01
2.844238e-01 6.466725e+01 6.361252e+01
2.856445e-01 6.442038e+01 6.282921e+01
2.868652e-01 6.418656e+01 6.206953e+01
2.880859e-01 6.396566e+01 6.133281e+01
2.893066e-01 6.375751e+01 6.061843e+01
2.905273e-01 6.356198e+01 5.992575e+01
2.917480e-01 6.337889e+01 5.925416e+01
2.929688e-01 6.320808e+01 5.860304e+01
2.941895e-01 6.304938e+01 5.797180e+01
2.954102e-01 6.290261e+01 5.735984e+01
2.966309e-01 6.276758e+01 5.676659e+01
2.978516e-01 6.264409e+01 5.619148e+01
2.990723e-01 6.253196e+01 5.563395e+01
3.002930e-01 6.243097e+01 5.509344e+01
3.015137e-01 6.234094e+01 5.456943e+01
3.027344e-01 6.226164e+01 5.406139e+01
3.039551e-01 6.219287e+01 5.356880e+01
3.051758e-01 6.213440e+01 5.309115e+01
3.063965e-01 6.208603e+01 5.262795e+01
3.076172e-01 6.204752e+01 5.217871e+01
3.088379e-01 6.201866e+01 5.174297e+01
3.100586e-01 6.199921e+01 5.132025e+01
3.112793e-01 6.198895e+01 5.091010e+01
3.125000e-01 6.198765e+01 5.051208e+01
3.137207e-01 6.199507e+01 5.012575e+01
3.149414e-01 6.201098e+01 4.975070e+01
3.161621e-01 6.203515e+01 4.938651e+01
3.173828e-01 6.206734e+01 4.903277e+01
3.186035e-01 6.210732e+01 4.868910e+01
3.198242e-01 6.215484e+01 4.835511e+01
3.210449e-01 6.220968e+01 4.803043e+01
3.222656e-01 6.227160e+01 4.771470e+01
3.234863e-01 6.234036e+01 4.740756e+01
3.247070e-01 6.241572e+01 4.710866e+01
3.259277e-01 6.249746e+01 4.681768e+01
3.271484e-01 6.258533e+01 4.653428e+01
3.283691e-01 6.267910e+01 4.625815e+01
3.295898e-01 6.277854e+01 4.598898e+01
3.308105e-01 6.288343e+01 4.572647e+01
3.320312e-01 6.299352e+01 4.547033e+01
3.332520e-01 6.310859e+01 4.522028e+01
3.344727e-01 6.322842e+01 4.497604e+01
3.356934e-01 6.335278e+01 4.473735e+01
3.369141e-01 6.348144e+01 4.450396e+01
3.381348e-01 6.361420e+01 4.427561e+01
3.393555e-01 6.375082e+01 4.405206e+01
3.405762e-01 6.389109e+01 4.383307e+01
3.417969e-01 6.403480e+01 4.361843e+01
3.466797e-01 6.463982e+01 4.279898e+01
3.515625e-01 6.528338e+01 4.203274e+01
3.564453e-01 6.595310e+01 4.130851e+01
3.613281e-01 6.663735e+01 4.061667e+01
3.662109e-01 6.732536e+01 3.994903e+01
3.710938e-01 6.800720e+01 3.929866e+01
3.759766e-01 6.867381e+01 3.865981e+01
3.808594e-01 6.931700e+01 3.802774e+01
3.857422e-01 6.992944e+01 3.739865e+01
3.906250e-01 7.050467e+01 3.676952e+01
3.930664e-01 7.077653e+01 3.645420e+01
3.955078e-01 7.103703e+01 3.613806e+01
3.979492e-01 7.128559e+01 3.582090e+01
4.003906e-01 7.152166e+01 3.550258e+01
4.028320e-01 7.174476e+01 3.518296e+01
4.052734e-01 7.195446e+01 3.486194e+01
4.077148e-01 7.215034e+01 3.453945e+01
4.101562e-01 7.233205e+01 3.421545e+01
4.125977e-01 7.249928e+01 3.388990e+01
4.150391e-01 7.265175e+01 3.356280e+01
4.174805e-01 7.278921e+01 3.323417e+01
4.199219e-01 7.291148e+01 3.290403e+01
4.223633e-01 7.301838e+01 3.257242e+01
4.248047e-01 7.310979e+01 3.223941e+01
4.272461e-01 7.318559e+01 3.190506e+01
4.296875e-01 7.324574e+01 3.156945e+01
4.321289e-01 7.329019e+01 3.123268e+01
4.345703e-01 7.331892e+01 3.089485e+01
4.370117e-01 7.333197e+01 3.055606e+01
4.394531e-01 7.332938e+01 3.021642e+01
4.418945e-01 7.331121e+01 2.987606e+01
4.443359e-01 7.327756e+01 2.953509e+01
4.467773e-01 7.322854e+01 2.919364e+01
4.492188e-01 7.316429e+01 2.885184e+01
4.516602e-01 7.308496e+01 2.850983e+01
4.541016e-01 7.299074e+01 2.816773e+01
4.565430e-01 7.288180e+01 2.782569e+01
4.589844e-01 7.275836e+01 2.748383e+01
4.614258e-01 7.262064e+01 2.714229e+01
4.638672e-01 7.246886e+01 2.680120e+01
4.663086e-01 7.230329e+01 2.646070e+01
4.687500e-01 7.212419e+01 2.612092e+01
4.711914e-01 7.193181e+01 2.578199e+01
4.736328e-01 7.172644e+01 2.544403e+01
4.760742e-01 7.150838e+01 2.510717e+01
4.785156e-01 7.127792e+01 2.477153e+01
4.809570e-01 7.103535e+01 2.443724e+01
4.833984e-01 7.078101e+01 2.410440e+01
4.858398e-01 7.051519e+01 2.377314e+01
4.882812e-01 7.023822e+01 2.344356e+01
4.907227e-01 6.995042e+01 2.311576e+01
4.931641e-01 6.965213e+01 2.278986e+01
4.956055e-01 6.934368e+01 2.246595e+01
4.980469e-01 6.902539e+01 2.214413e+01
5.004883e-01 6.869761e+01 2.182448e+01
5.029297e-01 6.836066e+01 2.150710e+01
5.053711e-01 6.801489e+01 2.119207e+01
5.078125e-01 6.766063e+01 2.087947e+01
5.102539e-01 6.729821e+01 2.056937e+01
5.126953e-01 6.692798e+01 2.026185e+01
5.133057e-01 6.683424e+01 2.018538e+01
5.139160e-01 6.674004e+01 2.010908e+01
5.145264e-01 6.664537e+01 2.003295e+01
5.151367e-01 6.655026e+01 1.995698e+01
5.157471e-01 6.645470e+01 1.988119e+01
5.163574e-01 6.635870e+01 1.980556e+01
5.169678e-01 6.626226e+01 1.973011e+01
5.175781e-01 6.616539e+01 1.965483e+01
5.181885e-01 6.606810e+01 1.957972e+01
5.187988e-01 6.597038e+01 1.950478e+01
5.191040e-01 6.592136e+01 1.946738e+01
5.194092e-01 6.587224e+01 1.943002e+01
5.197144e-01 6.582302e+01 1.939271e+01
5.200195e-01 6.577370e+01 1.935544e+01
5.203247e-01 6.572427e+01 1.931822e+01
5.206299e-01 6.567475e+01 1.928104e+01
5.209351e-01 6.562512e+01 1.924390e+01
5.212402e-01 6.557540e+01 1.920681e+01
5.215454e-01 6.552557e+01 1.916976e+01
5.218506e-01 6.547565e+01 1.913276e+01
5.221558e-01 6.542563e+01 1.909580e+01
5.224609e-01 6.537551e+01 1.905889e+01
5.227661e-01 6.532529e+01 1.902202e+01
5.230713e-01 6.527498e+01 1.898520e+01
5.233765e-01 6.522458e+01 1.894842e+01
5.236816e-01 6.517408e+01 1.891169e+01
5.239868e-01 6.512348e+01 1.887500e+01
5.242920e-01 6.507279e+01 1.883836e+01
5.245972e-01 6.502201e+01 1.880177e+01
5.249023e-01 6.497114e+01 1.876522e+01
5.261230e-01 6.476674e+01 1.861948e+01
5.273438e-01 6.456091e+01 1.847448e+01
5.285645e-01 6.435370e+01 1.833022e+01
5.297852e-01 6.414514e+01 1.818672e+01
5.310059e-01 6.393528e+01 1.804397e+01
5.322266e-01 6.372415e+01 1.790198e+01
5.334473e-01 6.351179e+01 1.776076e+01
5.346680e-01 6.329823e+01 1.762030e+01
5.358887e-01 6.308353e+01 1.748062e+01
5.371094e-01 6.286770e+01 1.734172e+01
5.419922e-01 6.199400e+01 1.679398e+01
5.468750e-01 6.110537e+01 1.625898e+01
5.517578e-01 6.020408e+01 1.573690e+01
5.566406e-01 5.929231e+01 1.522785e+01
5.615234e-01 5.837213e+01 1.473194e+01
5.664062e-01 5.744554e+01 1.424920e+01
5.712891e-01 5.651445e+01 1.377964e+01
5.761719e-01 5.558066e+01 1.332324e+01
5.810547e-01 5.464589e+01 1.287993e+01
5.859375e-01 5.371176e+01 1.244964e+01
5.908203e-01 5.277978e+01 1.203225e+01
5.957031e-01 5.185140e+01 1.162762e+01
6.005859e-01 5.092795e+01 1.123559e+01
6.054688e-01 5.001069e+01 1.085599e+01
6.103516e-01 4.910076e+01 1.048862e+01
6.152344e-01 4.819925e+01 1.013326e+01
6.201172e-01 4.730715e+01 9.789700e+00
6.250000e-01 4.642537e+01 9.457698e+00
6.298828e-01 4.555473e+01 9.137009e+00
6.347656e-01 4.469599e+01 8.827381e+00
6.359863e-01 4.448324e+01 8.751672e+00
6.372070e-01 4.427130e+01 8.676634e+00
6.384277e-01 4.406016e+01 8.602262e+00
6.396484e-01 4.384983e+01 8.528554e+00
6.408691e-01 4.364033e+01 8.455503e+00
6.420898e-01 4.343167e+01 8.383108e+00
6.433105e-01 4.322384e+01 8.311362e+00
6.445312e-01 4.301687e+01 8.240262e+00
6.457520e-01 4.281076e+01 8.169804e+00
6.469727e-01 4.260551e+01 8.099983e+00
6.481934e-01 4.240114e+01 8.030795e+00
6.494141e-01 4.219766e+01 7.962237e+00
6.506348e-01 4.199506e+01 7.894303e+00
6.518555e-01 4.179335e+01 7.826989e+00
6.530762e-01 4.159255e+01 7.760291e+00
6.542969e-01 4.139266e+01 7.694205e+00
6.555176e-01 4.119368e+01 7.628727e+00
6.567383e-01 4.099563e+01 7.563852e+00
6.579590e-01 4.079850e+01 7.499576e+00
6.591797e-01 4.060231e+01 7.435894e+00
6.616211e-01 4.021273e+01 7.310298e+00
6.640625e-01 3.982695e+01 7.187028e+00
6.665039e-01 3.944500e+01 7.066051e+00
6.689453e-01 3.906691e+01 6.947331e+00
6.713867e-01 3.869272e+01 6.830836e+00
6.738281e-01 3.832244e+01 6.716531e+00
6.762695e-01 3.795611e+01 6.604381e+00
6.787109e-01 3.759374e+01 6.494354e+00
6.811523e-01 3.723535e+01 6.386414e+00
6.835938e-01 3.688096e+01 6.280529e+00
6.884766e-01 3.618424e+01 6.074789e+00
6.933594e-01 3.550363e+01 5.876870e+00
6.982422e-01 3.483918e+01 5.686511e+00
7.031250e-01 3.419089e+01 5.503455e+00
7.080078e-01 3.355872e+01 5.327451e+00
7.128906e-01 3.294262e+01 5.158251e+00
7.177734e-01 3.234249e+01 4.995613e+00
7.226562e-01 3.175821e+01 4.839300e+00
7.275391e-01 3.118964e+01 4.689082e+00
7.324219e-01 3.063661e+01 4.544731e+00
7.373047e-01 3.009894e+01 4.406029e+00
7.421875e-01 2.957643e+01 4.272762e+00
7.470703e-01 2.906886e+01 4.144720e+00
7.519531e-01 2.857598e+01 4.021701e+00
7.568359e-01 2.809756e+01 3.903510e+00
7.617188e-01 2.763333e+01 3.789955e+00
7.666016e-01 2.718302e+01 3.680853e+00
7.714844e-01 2.674635e+01 3.576024e+00
7.763672e-01 2.632303e+01 3.475295e+00
7.812500e-01 2.591277e+01 3.378500e+00
7.910156e-01 2.513020e+01 3.196068e+00
8.007812e-01 2.439621e+01 3.027504e+00
8.105469e-01 2.370829e+01 2.871668e+00
8.203125e-01 2.306394e+01 2.727502e+00
8.300781e-01 2.246066e+01 2.594028e+00
8.398438e-01 2.189595e+01 2.470342e+00
8.496094e-01 2.136741e+01 2.355611e+00
8.593750e-01 2.087266e+01 2.249067e+00
8.691406e-01 2.040938e+01 2.150007e+00
8.789062e-01 1.997536e+01 2.057783e+00
8.837891e-01 1.976864e+01 2.014048e+00
8.886719e-01 1.956844e+01 1.971803e+00
8.935547e-01 1.937451e+01 1.930984e+00
8.984375e-01 1.918659e+01 1.891525e+00
9.033203e-01 1.900445e+01 1.853369e+00
9.082031e-01 1.882784e+01 1.816455e+00
9.130859e-01 1.865654e+01 1.780729e+00
9.179688e-01 1.849032e+01 1.746139e+00
9.228516e-01 1.832898e+01 1.712634e+00
9.277344e-01 1.817229e+01 1.680167e+00
9.326172e-01 1.802005e+01 1.648691e+00
9.375000e-01 1.787206e+01 1.618163e+00
9.423828e-01 1.772813e+01 1.588541e+00
9.472656e-01 1.758808e+01 1.559786e+00
9.521484e-01 1.745172e+01 1.531860e+00
9.570312e-01 1.731887e+01 1.504726e+00
9.619141e-01 1.718938e+01 1.478352e+00
9.667969e-01 1.706307e+01 1.452703e+00
9.716797e-01 1.693978e+01 1.427748e+00
9.765625e-01 1.681937e+01 1.403460e+00
9.814453e-01 1.670170e+01 1.379808e+00
9.863281e-01 1.658661e+01 1.356766e+00
9.912109e-01 1.647397e+01 1.334309e+00
9.960938e-01 1.636366e+01 1.312412e+00
1.000977e+00 1.625555e+01 1.291053e+00
1.005859e+00 1.614951e+01 1.270208e+00
1.010742e+00 1.604544e+01 1.249859e+00
1.015625e+00 1.594321e+01 1.229983e+00
1.020508e+00 1.584274e+01 1.210564e+00
1.025391e+00 1.574390e+01 1.191582e+00
1.026611e+00 1.571944e+01 1.186903e+00
1.027832e+00 1.569507e+01 1.182250e+00
1.029053e+00 1.567080e+01 1.177622e+00
1.030273e+00 1.564662e+01 1.173020e+00
1.031494e+00 1.562253e+01 1.168444e+00
1.032715e+00 1.559853e+01 1.163892e+00
1.033936e+00 1.557461e+01 1.159366e+00
1.035156e+00 1.555079e+01 1.154864e+00
1.036377e+00 1.552705e+01 1.150386e+00
1.037598e+00 1.550339e+01 1.145932e+00
1.038208e+00 1.549159e+01 1.143714e+00
1.038818e+00 1.547981e+01 1.141502e+00
1.039429e+00 1.546806e+01 1.139296e+00
1.040039e+00 1.545632e+01 1.137096e+00
1.040649e+00 1.544461e+01 1.134901e+00
1.041260e+00 1.543291e+01 1.132713e+00
1.041870e+00 1.542123e+01 1.130530e+00
1.042480e+00 1.540957e+01 1.128353e+00
1.043091e+00 1.539794e+01 1.126182e+00
1.043701e+00 1.538632e+01 1.124016e+00
1.044312e+00 1.537472e+01 1.121856e+00
1.044922e+00 1.536314e+01 1.119702e+00
1.045532e+00 1.535158e+01 1.117553e+00
1.046143e+00 1.534003e+01 1.115410e+00
1.046753e+00 1.532851e+01 1.113273e+00
1.047363e+00 1.531700e+01 1.111141e+00
1.047974e+00 1.530551e+01 1.109015e+00
1.048584e+00 1.529404e+01 1.106894e+00
1.049194e+00 1.528259e+01 1.104778e+00
1.049805e+00 1.527115e+01 1.102669e+00
1.052246e+00 1.522559e+01 1.094283e+00
1.054688e+00 1.518030e+01 1.085982e+00
1.057129e+00 1.513527e+01 1.077766e+00
1.059570e+00 1.509049e+01 1.069631e+00
1.062012e+00 1.504596e+01 1.061577e+00
1.064453e+00 1.500167e+01 1.053602e+00
1.066895e+00 1.495761e+01 1.045705e+00
1.069336e+00 1.491377e+01 1.037885e+00
1.071777e+00 1.487014e+01 1.030139e+00
1.074219e+00 1.482672e+01 1.022468e+00
1.083984e+00 1.465495e+01 9.924952e-01
1.093750e+00 1.448593e+01 9.636081e-01
1.103516e+00 1.431928e+01 9.357379e-01
1.113281e+00 1.415464e+01 9.088225e-01
1.123047e+00 1.399171e+01 8.828058e-01
1.132812e+00 1.383023e+01 8.576370e-01
1.142578e+00 1.366997e+01 8.332702e-01
1.152344e+00 1.351072e+01 8.096637e-01
1.162109e+00 1.335233e+01 7.867796e-01
1.171875e+00 1.319464e+01 7.645835e-01
1.181641e+00 1.303753e+01 7.430442e-01
1.191406e+00 1.288092e+01 7.221330e-01
1.201172e+00 1.272472e+01 7.018238e-01
1.210938e+00 1.256888e+01 6.820926e-01
1.220703e+00 1.241336e+01 6.629175e-01
1.230469e+00 1.225813e+01 6.442780e-01
1.240234e+00 1.210318e+01 6.261556e-01
1.250000e+00 1.194851e+01 6.085327e-01
1.259766e+00 1.179412e+01 5.913932e-01
1.269531e+00 1.164004e+01 5.747220e-01
1.271973e+00 1.160157e+01 5.706257e-01
1.274414e+00 1.156312e+01 5.665575e-01
1.276855e+00 1.152469e+01 5.625174e-01
1.279297e+00 1.148628e+01 5.585049e-01
1.281738e+00 1.144790e+01 5.545201e-01
1.284180e+00 1.140954e+01 5.505626e-01
1.286621e+00 1.137120e+01 5.466322e-01
1.289062e+00 1.133289e+01 5.427288e-01
1.291504e+00 1.129460e+01 5.388522e-01
1.293945e+00 1.125634e+01 5.350022e-01
1.296387e+00 1.121811e+01 5.311785e-01
1.298828e+00 1.117990e+01 5.273811e-01
1.301270e+00 1.114172e+01 5.236097e-01
1.303711e+00 1.110356e+01 5.198642e-01
1.306152e+00 1.106544e+01 5.161443e-01
1.308594e+00 1.102735e+01 5.124499e-01
1.311035e+00 1.098928e+01 5.087809e-01
1.313477e+00 1.095125e+01 5.051370e-01
1.315918e+00 1.091325e+01 5.015181e-01
1.318359e+00 1.087528e+01 4.979241e-01
1.323242e+00 1.079945e+01 4.908097e-01
1.328125e+00 1.072376e+01 4.837927e-01
1.333008e+00 1.064822e+01 4.768718e-01
1.337891e+00 1.057283e+01 4.700457e-01
1.342773e+00 1.049760e+01 4.633133e-01
1.347656e+00 1.042254e+01 4.566733e-01
1.352539e+00 1.034766e+01 4.501245e-01
1.357422e+00 1.027296e+01 4.436659e-01
1.362305e+00 1.019845e+01 4.372963e-01
1.367188e+00 1.012414e+01 4.310145e-01
1.386719e+00 9.828988e+00 4.067449e-01
1.406250e+00 9.537553e+00 3.837974e-01
1.425781e+00 9.250272e+00 3.621086e-01
1.445312e+00 8.967565e+00 3.416183e-01
1.464844e+00 8.689822e+00 3.222689e-01
1.484375e+00 8.417407e+00 3.040053e-01
1.503906e+00 8.150642e+00 2.867744e-01
1.523438e+00 7.889818e+00 2.705253e-01
1.542969e+00 7.635184e+00 2.552086e-01
1.562500e+00 7.386950e+00 2.407771e-01
1.582031e+00 7.145297e+00 2.271853e-01
1.601562e+00 6.910362e+00 2.143893e-01
1.621094e+00 6.682250e+00 2.023469e-01
1.640625e+00 6.461032e+00 1.910176e-01
1.660156e+00 6.246750e+00 1.803625e-01
1.679688e+00 6.039416e+00 1.703445e-01
1.699219e+00 5.839016e+00 1.609279e-01
1.718750e+00 5.645512e+00 1.520786e-01
1.738281e+00 5.458842e+00 1.437642e-01
1.757812e+00 5.278928e+00 1.359536e-01
1.777344e+00 5.105672e+00 1.286175e-01
1.796875e+00 4.938960e+00 1.217278e-01
1.816406e+00 4.778666e+00 1.152579e-01
1.835938e+00 4.624652e+00 1.091826e-01
1.855469e+00 4.476769e+00 1.034779e-01
1.875000e+00 4.334860e+00 9.812116e-02
1.894531e+00 4.198762e+00 9.309104e-02
1.914062e+00 4.068307e+00 8.836731e-02
1.933594e+00 3.943321e+00 8.393089e-02
1.953125e+00 3.823629e+00 7.976379e-02
1.962891e+00 3.765712e+00 7.777591e-02
1.972656e+00 3.709053e+00 7.584908e-02
1.982422e+00 3.653627e+00 7.398134e-02
1.992188e+00 3.599414e+00 7.217079e-02
2.001953e+00 3.546390e+00 7.041558e-02
2.011719e+00 3.494533e+00 6.871393e-02
2.021484e+00 3.443822e+00 6.706409e-02
2.031250e+00 3.394233e+00 6.546438e-02
2.041016e+00 3.345746e+00 6.391318e-02
2.050781e+00 3.298337e+00 6.240890e-02
2.055664e+00 3.275031e+00 6.167387e-02
2.060547e+00 3.251986e+00 6.095001e-02
2.065430e+00 3.229200e+00 6.023713e-02
2.070312e+00 3.206670e+00 5.953504e-02
2.075195e+00 3.184394e+00 5.884357e-02
2.080078e+00 3.162369e+00 5.816254e-02
2.084961e+00 3.140592e+00 5.749179e-02
2.089844e+00 3.119061e+00 5.683114e-02
2.094727e+00 3.097772e+00 5.618042e-02
2.099609e+00 3.076724e+00 5.553947e-02
2.104492e+00 3.055914e+00 5.490813e-02
2.109375e+00 3.035339e+00 5.428624e-02
2.114258e+00 3.014997e+00 5.367365e-02
2.119141e+00 2.994885e+00 5.307019e-02
2.124023e+00 2.975000e+00 5.247573e-02
2.128906e+00 2.955340e+00 5.189010e-02
2.133789e+00 2.935903e+00 5.131317e-02
2.138672e+00 2.916686e+00 5.074479e-02
2.143555e+00 2.897686e+00 5.018481e-02
2.148438e+00 2.878901e+00 4.963310e-02
2.167969e+00 2.805864e+00 4.750625e-02
2.187500e+00 2.736075e+00 4.550112e-02
2.207031e+00 2.669385e+00 4.360983e-02
2.226562e+00 2.605648e+00 4.182502e-02
2.246094e+00 2.544725e+00 4.013980e-02
2.265625e+00 2.486479e+00 3.854774e-02
2.285156e+00 2.430780e+00 3.704281e-02
2.304688e+00 2.377501e+00 3.561941e-02
2.324219e+00 2.326521e+00 3.427228e-02
2.343750e+00 2.277722e+00 3.299654e-02
2.363281e+00 2.230994e+00 3.178760e-02
2.382812e+00 2.186228e+00 3.064121e-02
2.402344e+00 2.143322e+00 2.955339e-02
2.421875e+00 2.102176e+00 2.852042e-02
2.441406e+00 2.062698e+00 2.753884e-02
2.460938e+00 2.024796e+00 2.660542e-02
2.480469e+00 1.988385e+00 2.571716e-02
2.500000e+00 1.953383e+00 2.487125e-02
2.519531e+00 1.919713e+00 2.406506e-02
2.539062e+00 1.887300e+00 2.329616e-02
2.558594e+00 1.856074e+00 2.256227e-02
2.578125e+00 1.825969e+00 2.186128e-02
2.597656e+00 1.796919e+00 2.119119e-02
2.617188e+00 1.768866e+00 2.055017e-02
2.636719e+00 1.741752e+00 1.993650e-02
2.656250e+00 1.715523e+00 1.934857e-02
2.675781e+00 1.690129e+00 1.878489e-02
2.695312e+00 1.665520e+00 1.824407e-02
2.714844e+00 1.641651e+00 1.772480e-02
2.734375e+00 1.618479e+00 1.722587e-02
2.773438e+00 1.574065e+00 1.628456e-02
2.812500e+00 1.531980e+00 1.541197e-02
2.851562e+00 1.491959e+00 1.460095e-02
2.890625e+00 1.453769e+00 1.384529e-02
2.929688e+00 1.417203e+00 1.313952e-02
2.968750e+00 1.382081e+00 1.247890e-02
3.007812e+00 1.348243e+00 1.185924e-02
3.046875e+00 1.315552e+00 1.127688e-02
3.085938e+00 1.283887e+00 1.072859e-02
3.125000e+00 1.253143e+00 1.021153e-02
3.203125e+00 1.194070e+00 9.261307e-03
3.281250e+00 1.137755e+00 8.409305e-03
3.359375e+00 1.083773e+00 7.642080e-03
3.437500e+00 1.031825e+00 6.948818e-03
3.515625e+00 9.817024e-01 6.320696e-03
3.593750e+00 9.332641e-01 5.750412e-03
3.671875e+00 8.864204e-01 5.231836e-03
3.750000e+00 8.411168e-01 4.759748e-03
3.828125e+00 7.973235e-01 4.329647e-03
3.906250e+00 7.550264e-01 3.937606e-03
3.925781e+00 7.446853e-01 3.845127e-03
3.945312e+00 7.344373e-01 3.754759e-03
3.964844e+00 7.242825e-01 3.666452e-03
3.984375e+00 7.142210e-01 3.580159e-03
4.003906e+00 7.042526e-01 3.495834e-03
4.023438e+00 6.943775e-01 3.413432e-03
4.042969e+00 6.845957e-01 3.332910e-03
4.062500e+00 6.749072e-01 3.254224e-03
4.082031e+00 6.653119e-01 3.177333e-03
4.101562e+00 6.558100e-01 3.102198e-03
4.121094e+00 6.464014e-01 3.028778e-03
4.140625e+00 6.370861e-01 2.957035e-03
4.160156e+00 6.278641e-01 2.886932e-03
4.179688e+00 6.187355e-01 2.818432e-03
4.199219e+00 6.097001e-01 2.751499e-03
4.218750e+00 6.007579e-01 2.686099e-03
4.238281e+00 5.919088e-01 2.622197e-03
4.257812e+00 5.831527e-01 2.559760e-03
4.277344e+00 5.744895e-01 2.498756e-03
4.296875e+00 5.659191e-01 2.439153e-03
4.335938e+00 5.490563e-01 2.324026e-03
4.375000e+00 5.325630e-01 2.214140e-03
4.414062e+00 5.164376e-01 2.109264e-03
4.453125e+00 5.006782e-01 2.009181e-03
4.492188e+00 4.852827e-01 1.913679e-03
4.531250e+00 4.702486e-01 1.822559e-03
4.570312e+00 4.555732e-01 1.735628e-03
4.609375e+00 4.412535e-01 1.652701e-03
4.648438e+00 4.272862e-01 1.573602e-03
4.687500e+00 4.136677e-01 1.498164e-03
4.765625e+00 3.874619e-01 1.357624e-03
4.843750e+00 3.626031e-01 1.229867e-03
4.921875e+00 3.390551e-01 1.113779e-03
5.000000e+00 3.167789e-01 1.008339e-03
5.078125e+00 2.957335e-01 9.126072e-04
5.156250e+00 2.758758e-01 8.257257e-04
5.234375e+00 2.571615e-01 7.469067e-04
5.312500e+00 2.395453e-01 6.754293e-04
5.390625e+00 2.229814e-01 6.106334e-04
5.468750e+00 2.074238e-01 5.519154e-04
5.546875e+00 1.928265e-01 4.987237e-04
5.625000e+00 1.791439e-01 4.505542e-04
5.703125e+00 1.663310e-01 4.069467e-04
5.781250e+00 1.543437e-01 3.674816e-04
5.859375e+00 1.431387e-01 3.317758e-04
5.937500e+00 1.326741e-01 2.994807e-04
6.015625e+00 1.229088e-01 2.702786e-04
6.093750e+00 1.138035e-01 2.438801e-04
6.171875e+00 1.053200e-01 2.200223e-04
6.250000e+00 9.742173e-02 1.984659e-04
6.406250e+00 8.324180e-02 1.614075e-04
6.562500e+00 7.100085e-02 1.311943e-04
6.718750e+00 6.046016e-02 1.065817e-04
6.875000e+00 5.140477e-02 8.654623e-05
7.031250e+00 4.364234e-02 7.024785e-05
7.187500e+00 3.700175e-02 5.699762e-05
7.343750e+00 3.133163e-02 4.623143e-05
7.500000e+00 2.649867e-02 3.748795e-05
7.656250e+00 2.238606e-02 3.039035e-05
7.812500e+00 1.889183e-02 2.463112e-05
7.968750e+00 1.592730e-02 1.995960e-05
8.125000e+00 1.341556e-02 1.617157e-05
8.281250e+00 1.129012e-02 1.310077e-05
8.437500e+00 9.493683e-03 1.061200e-05
8.593750e+00 7.976998e-03 8.595362e-06
8.750000e+00 6.697820e-03 6.961575e-06
8.906250e+00 5.620000e-03 5.638151e-06
9.062500e+00 4.712663e-03 4.566258e-06
9.218750e+00 3.949492e-03 3.698173e-06
9.375000e+00 3.308086e-03 2.995190e-06
9.687500e+00 2.317335e-03 1.964968e-06
1.000000e+01 1.620363e-03 1.289444e-06
1.031250e+01 1.131212e-03 8.464593e-07
1.062500e+01 7.886231e-04 5.559065e-07
1.093750e+01 5.491188e-04 3.652753e-07
1.125000e+01 3.819456e-04 2.401522e-07
1.156250e+01 2.654192e-04 1.579861e-07
1.187500e+01 1.842931e-04 1.039997e-07
1.218750e+01 1.278720e-04 6.850720e-08
1.250000e+01 8.866944e-05 4.515897e-08
1.281250e+01 6.145256e-05 2.978944e-08
1.312500e+01 4.256936e-05 1.966476e-08
1.343750e+01 2.947711e-05 1.299086e-08
1.375000e+01 2.040448e-05 8.588361e-09
1.406250e+01 1.412000e-05 5.681980e-09
1.437500e+01 9.768398e-06 3.761818e-09
1.468750e+01 6.756254e-06 2.492300e-09
1.500000e+01 4.672104e-06 1.652419e-09
1.531250e+01 3.230511e-06 1.096400e-09
1.562500e+01 2.233531e-06 7.280178e-10
1.593750e+01 1.544116e-06 4.837597e-10
1.625000e+01 1.067383e-06 3.216650e-10
1.656250e+01 7.378520e-07 2.140463e-10
1.687500e+01 5.101261e-07 1.425542e-10
1.718750e+01 3.527488e-07 9.502333e-11
1.750000e+01 2.439736e-07 6.339526e-11
1.781250e+01 1.688073e-07 4.233813e-11
1.812500e+01 1.168962e-07 2.831616e-11
1.843750e+01 8.102906e-08 1.896823e-11
1.875000e+01 5.624383e-08 1.273100e-11
1.937500e+01 2.729974e-08 5.787156e-12
2.000000e+01 1.349705e-08 2.685153e-12
2.062500e+01 6.912009e-09 1.293024e-12
2.125000e+01 3.773178e-09 6.649356e-13
2.187500e+01 2.289856e-09 3.808046e-13
2.250000e+01 1.593817e-09 2.505323e-13
2.312500e+01 1.270113e-09 1.890032e-13
2.375000e+01 1.133291e-09 1.598838e-13
2.437500e+01 1.086066e-09 1.454645e-13
2.500000e+01 1.078121e-09 1.372707e-13
2.750000e+01 1.175323e-09 1.236750e-13
3.000000e+01 1.260116e-09 1.114187e-13
3.250000e+01 1.284305e-09 9.675905e-14
3.500000e+01 1.326290e-09 8.615740e-14
3.750000e+01 1.421076e-09 8.041643e-14
4.000000e+01 1.463669e-09 7.279693e-14
4.250000e+01 1.274021e-09 5.612922e-14
4.500000e+01 7.906474e-10 3.107048e-14
4.750000e+01 2.390437e-10 8.431023e-15
5.000000e+01 0.000000e+00 0.000000e+00
