# 
# Output from RAtom program.
# 
# Total radial electron density.
# The first column contains radius $r$ in bohr units.
# The second column holds $\rho(r)$.
# The third column holds $\tilde{\rho}(r) = \rho(r) / (\pi * r * r)$
# 
# Use this file with gnuplot to create the plot.
# 
# R     Rho     RhoTilde
#
0.000000e+00 0.000000e+00 5.613323e+05
1.068115e-04 7.890979e-02 5.504081e+05
2.136230e-04 3.094966e-01 5.396967e+05
3.204346e-04 6.828159e-01 5.291942e+05
4.272461e-04 1.190273e+00 5.188964e+05
5.340576e-04 1.823613e+00 5.087995e+05
6.408691e-04 2.574908e+00 4.988995e+05
7.476807e-04 3.436547e+00 4.891929e+05
8.544922e-04 4.401227e+00 4.796757e+05
9.613037e-04 5.461942e+00 4.703444e+05
1.068115e-03 6.611973e+00 4.611954e+05
1.174927e-03 7.844879e+00 4.522252e+05
1.281738e-03 9.154488e+00 4.434304e+05
1.388550e-03 1.053489e+01 4.348076e+05
1.495361e-03 1.198042e+01 4.263535e+05
1.602173e-03 1.348566e+01 4.180648e+05
1.708984e-03 1.504543e+01 4.099384e+05
1.815796e-03 1.665478e+01 4.019712e+05
1.922607e-03 1.830896e+01 3.941600e+05
2.029419e-03 2.000345e+01 3.865018e+05
2.136230e-03 2.173393e+01 3.789938e+05
2.349854e-03 2.528656e+01 3.644167e+05
2.563477e-03 2.893611e+01 3.504061e+05
2.777100e-03 3.265471e+01 3.369403e+05
2.990723e-03 3.641709e+01 3.239986e+05
3.204346e-03 4.020051e+01 3.115609e+05
3.417969e-03 4.398447e+01 2.996079e+05
3.631592e-03 4.775062e+01 2.881211e+05
3.845215e-03 5.148260e+01 2.770827e+05
4.058838e-03 5.516585e+01 2.664753e+05
4.272461e-03 5.878753e+01 2.562826e+05
4.379272e-03 6.057171e+01 2.513368e+05
4.486084e-03 6.233638e+01 2.464886e+05
4.592896e-03 6.408037e+01 2.417364e+05
4.699707e-03 6.580257e+01 2.370781e+05
4.806519e-03 6.750196e+01 2.325119e+05
4.913330e-03 6.917761e+01 2.280362e+05
5.020142e-03 7.082864e+01 2.236491e+05
5.126953e-03 7.245426e+01 2.193488e+05
5.233765e-03 7.405373e+01 2.151338e+05
5.340576e-03 7.562640e+01 2.110024e+05
5.447388e-03 7.717167e+01 2.069529e+05
5.554199e-03 7.868898e+01 2.029837e+05
5.661011e-03 8.017787e+01 1.990933e+05
5.767822e-03 8.163789e+01 1.952802e+05
5.874634e-03 8.306867e+01 1.915428e+05
5.981445e-03 8.446989e+01 1.878797e+05
6.088257e-03 8.584127e+01 1.842894e+05
6.195068e-03 8.718258e+01 1.807705e+05
6.301880e-03 8.849362e+01 1.773217e+05
6.408691e-03 8.977425e+01 1.739415e+05
6.515503e-03 9.102436e+01 1.706286e+05
6.622314e-03 9.224388e+01 1.673818e+05
6.729126e-03 9.343278e+01 1.641996e+05
6.835938e-03 9.459106e+01 1.610809e+05
6.942749e-03 9.571875e+01 1.580244e+05
7.049561e-03 9.681592e+01 1.550290e+05
7.156372e-03 9.788266e+01 1.520933e+05
7.263184e-03 9.891908e+01 1.492163e+05
7.369995e-03 9.992535e+01 1.463967e+05
7.476807e-03 1.009016e+02 1.436336e+05
7.583618e-03 1.018481e+02 1.409257e+05
7.690430e-03 1.027650e+02 1.382720e+05
7.797241e-03 1.036526e+02 1.356714e+05
7.904053e-03 1.045111e+02 1.331230e+05
8.010864e-03 1.053408e+02 1.306255e+05
8.117676e-03 1.061420e+02 1.281782e+05
8.224487e-03 1.069151e+02 1.257799e+05
8.331299e-03 1.076602e+02 1.234298e+05
8.438110e-03 1.083779e+02 1.211268e+05
8.544922e-03 1.090683e+02 1.188701e+05
8.758545e-03 1.103692e+02 1.144918e+05
8.972168e-03 1.115661e+02 1.102878e+05
9.185791e-03 1.126620e+02 1.062513e+05
9.399414e-03 1.136604e+02 1.023759e+05
9.613037e-03 1.145647e+02 9.865517e+04
9.826660e-03 1.153786e+02 9.508312e+04
1.004028e-02 1.161055e+02 9.165392e+04
1.025391e-02 1.167492e+02 8.836199e+04
1.046753e-02 1.173134e+02 8.520196e+04
1.068115e-02 1.178019e+02 8.216864e+04
1.078796e-02 1.180188e+02 8.069794e+04
1.089478e-02 1.182182e+02 7.925706e+04
1.100159e-02 1.184005e+02 7.784542e+04
1.110840e-02 1.185662e+02 7.646244e+04
1.121521e-02 1.187157e+02 7.510754e+04
1.132202e-02 1.188495e+02 7.378017e+04
1.142883e-02 1.189681e+02 7.247978e+04
1.153564e-02 1.190719e+02 7.120584e+04
1.164246e-02 1.191613e+02 6.995780e+04
1.174927e-02 1.192368e+02 6.873517e+04
1.185608e-02 1.192989e+02 6.753742e+04
1.196289e-02 1.193480e+02 6.636408e+04
1.206970e-02 1.193845e+02 6.521464e+04
1.217651e-02 1.194089e+02 6.408862e+04
1.228333e-02 1.194216e+02 6.298557e+04
1.239014e-02 1.194230e+02 6.190503e+04
1.249695e-02 1.194136e+02 6.084653e+04
1.260376e-02 1.193937e+02 5.980964e+04
1.271057e-02 1.193638e+02 5.879393e+04
1.281738e-02 1.193242e+02 5.779897e+04
1.324463e-02 1.190779e+02 5.401842e+04
1.367188e-02 1.187090e+02 5.053797e+04
1.409912e-02 1.182411e+02 4.733413e+04
1.452637e-02 1.176960e+02 4.438518e+04
1.495361e-02 1.170945e+02 4.167105e+04
1.538086e-02 1.164555e+02 3.917319e+04
1.580811e-02 1.157964e+02 3.687446e+04
1.623535e-02 1.151333e+02 3.475903e+04
1.666260e-02 1.144805e+02 3.281226e+04
1.708984e-02 1.138511e+02 3.102066e+04
1.730347e-02 1.135488e+02 3.017910e+04
1.751709e-02 1.132566e+02 2.937173e+04
1.773071e-02 1.129757e+02 2.859715e+04
1.794434e-02 1.127073e+02 2.785398e+04
1.815796e-02 1.124524e+02 2.714093e+04
1.837158e-02 1.122121e+02 2.645676e+04
1.858521e-02 1.119872e+02 2.580025e+04
1.879883e-02 1.117787e+02 2.517026e+04
1.901245e-02 1.115873e+02 2.456568e+04
1.922607e-02 1.114138e+02 2.398544e+04
1.943970e-02 1.112586e+02 2.342852e+04
1.965332e-02 1.111226e+02 2.289394e+04
1.986694e-02 1.110061e+02 2.238076e+04
2.008057e-02 1.109097e+02 2.188807e+04
2.029419e-02 1.108336e+02 2.141501e+04
2.050781e-02 1.107784e+02 2.096073e+04
2.072144e-02 1.107442e+02 2.052445e+04
2.093506e-02 1.107313e+02 2.010538e+04
2.114868e-02 1.107399e+02 1.970280e+04
2.136230e-02 1.107702e+02 1.931599e+04
2.157593e-02 1.108222e+02 1.894427e+04
2.178955e-02 1.108960e+02 1.858700e+04
2.200317e-02 1.109915e+02 1.824355e+04
2.221680e-02 1.111089e+02 1.791332e+04
2.243042e-02 1.112479e+02 1.759572e+04
2.264404e-02 1.114085e+02 1.729022e+04
2.285767e-02 1.115906e+02 1.699629e+04
2.307129e-02 1.117940e+02 1.671340e+04
2.328491e-02 1.120184e+02 1.644108e+04
2.349854e-02 1.122637e+02 1.617886e+04
2.371216e-02 1.125296e+02 1.592629e+04
2.392578e-02 1.128157e+02 1.568294e+04
2.413940e-02 1.131219e+02 1.544841e+04
2.435303e-02 1.134477e+02 1.522229e+04
2.456665e-02 1.137929e+02 1.500421e+04
2.478027e-02 1.141569e+02 1.479382e+04
2.499390e-02 1.145395e+02 1.459075e+04
2.520752e-02 1.149402e+02 1.439468e+04
2.542114e-02 1.153586e+02 1.420529e+04
2.563477e-02 1.157943e+02 1.402228e+04
2.584839e-02 1.162468e+02 1.384535e+04
2.606201e-02 1.167156e+02 1.367423e+04
2.627563e-02 1.172002e+02 1.350865e+04
2.648926e-02 1.177002e+02 1.334835e+04
2.670288e-02 1.182150e+02 1.319309e+04
2.691650e-02 1.187443e+02 1.304264e+04
2.713013e-02 1.192873e+02 1.289676e+04
2.734375e-02 1.198437e+02 1.275525e+04
2.755737e-02 1.204128e+02 1.261791e+04
2.777100e-02 1.209943e+02 1.248453e+04
2.798462e-02 1.215874e+02 1.235492e+04
2.819824e-02 1.221918e+02 1.222892e+04
2.841187e-02 1.228068e+02 1.210634e+04
2.862549e-02 1.234319e+02 1.198704e+04
2.883911e-02 1.240666e+02 1.187084e+04
2.905273e-02 1.247104e+02 1.175760e+04
2.926636e-02 1.253626e+02 1.164718e+04
2.947998e-02 1.260228e+02 1.153944e+04
2.969360e-02 1.266904e+02 1.143426e+04
2.990723e-02 1.273650e+02 1.133151e+04
3.033447e-02 1.287326e+02 1.113283e+04
3.076172e-02 1.301215e+02 1.094253e+04
3.118896e-02 1.315276e+02 1.075982e+04
3.161621e-02 1.329468e+02 1.058396e+04
3.204346e-02 1.343752e+02 1.041431e+04
3.247070e-02 1.358090e+02 1.025027e+04
3.289795e-02 1.372446e+02 1.009131e+04
3.332520e-02 1.386782e+02 9.936949e+03
3.375244e-02 1.401066e+02 9.786748e+03
3.417969e-02 1.415264e+02 9.640319e+03
3.460693e-02 1.429344e+02 9.497312e+03
3.503418e-02 1.443277e+02 9.357414e+03
3.546143e-02 1.457033e+02 9.220346e+03
3.588867e-02 1.470587e+02 9.085858e+03
3.631592e-02 1.483911e+02 8.953730e+03
3.674316e-02 1.496983e+02 8.823765e+03
3.717041e-02 1.509780e+02 8.695792e+03
3.759766e-02 1.522281e+02 8.569659e+03
3.802490e-02 1.534467e+02 8.445232e+03
3.845215e-02 1.546320e+02 8.322396e+03
3.887939e-02 1.557824e+02 8.201051e+03
3.930664e-02 1.568963e+02 8.081111e+03
3.973389e-02 1.579725e+02 7.962503e+03
4.016113e-02 1.590097e+02 7.845163e+03
4.058838e-02 1.600070e+02 7.729040e+03
4.101562e-02 1.609632e+02 7.614091e+03
4.144287e-02 1.618777e+02 7.500281e+03
4.187012e-02 1.627498e+02 7.387581e+03
4.229736e-02 1.635789e+02 7.275970e+03
4.272461e-02 1.643647e+02 7.165432e+03
4.293823e-02 1.647411e+02 7.110562e+03
4.315186e-02 1.651067e+02 7.055956e+03
4.336548e-02 1.654612e+02 7.001613e+03
4.357910e-02 1.658048e+02 6.947534e+03
4.379272e-02 1.661373e+02 6.893717e+03
4.400635e-02 1.664589e+02 6.840163e+03
4.421997e-02 1.667694e+02 6.786872e+03
4.443359e-02 1.670690e+02 6.733844e+03
4.464722e-02 1.673575e+02 6.681079e+03
4.486084e-02 1.676351e+02 6.628578e+03
4.491425e-02 1.677028e+02 6.615495e+03
4.496765e-02 1.677698e+02 6.602427e+03
4.502106e-02 1.678362e+02 6.589376e+03
4.507446e-02 1.679018e+02 6.576342e+03
4.512787e-02 1.679668e+02 6.563324e+03
4.518127e-02 1.680311e+02 6.550323e+03
4.523468e-02 1.680947e+02 6.537339e+03
4.528809e-02 1.681576e+02 6.524371e+03
4.534149e-02 1.682198e+02 6.511420e+03
4.539490e-02 1.682814e+02 6.498485e+03
4.544830e-02 1.683423e+02 6.485568e+03
4.550171e-02 1.684025e+02 6.472666e+03
4.555511e-02 1.684620e+02 6.459782e+03
4.560852e-02 1.685209e+02 6.446914e+03
4.566193e-02 1.685791e+02 6.434063e+03
4.571533e-02 1.686366e+02 6.421229e+03
4.576874e-02 1.686934e+02 6.408412e+03
4.582214e-02 1.687496e+02 6.395611e+03
4.587555e-02 1.688051e+02 6.382827e+03
4.592896e-02 1.688599e+02 6.370060e+03
4.603577e-02 1.689675e+02 6.344577e+03
4.614258e-02 1.690725e+02 6.319161e+03
4.624939e-02 1.691748e+02 6.293812e+03
4.635620e-02 1.692744e+02 6.268531e+03
4.646301e-02 1.693714e+02 6.243319e+03
4.656982e-02 1.694658e+02 6.218174e+03
4.667664e-02 1.695575e+02 6.193098e+03
4.678345e-02 1.696465e+02 6.168090e+03
4.689026e-02 1.697330e+02 6.143151e+03
4.699707e-02 1.698169e+02 6.118281e+03
4.742432e-02 1.701264e+02 6.019491e+03
4.785156e-02 1.703951e+02 5.921817e+03
4.827881e-02 1.706235e+02 5.825269e+03
4.870605e-02 1.708126e+02 5.729861e+03
4.913330e-02 1.709630e+02 5.635603e+03
4.956055e-02 1.710757e+02 5.542507e+03
4.998779e-02 1.711515e+02 5.450583e+03
5.041504e-02 1.711915e+02 5.359844e+03
5.084229e-02 1.711966e+02 5.270298e+03
5.126953e-02 1.711678e+02 5.181954e+03
5.169678e-02 1.711063e+02 5.094823e+03
5.212402e-02 1.710130e+02 5.008912e+03
5.255127e-02 1.708891e+02 4.924227e+03
5.297852e-02 1.707357e+02 4.840776e+03
5.340576e-02 1.705540e+02 4.758564e+03
5.383301e-02 1.703452e+02 4.677595e+03
5.426025e-02 1.701103e+02 4.597874e+03
5.468750e-02 1.698506e+02 4.519403e+03
5.511475e-02 1.695673e+02 4.442184e+03
5.554199e-02 1.692615e+02 4.366218e+03
5.596924e-02 1.689345e+02 4.291506e+03
5.639648e-02 1.685875e+02 4.218047e+03
5.682373e-02 1.682216e+02 4.145838e+03
5.725098e-02 1.678380e+02 4.074879e+03
5.767822e-02 1.674380e+02 4.005165e+03
5.810547e-02 1.670226e+02 3.936692e+03
5.853271e-02 1.665931e+02 3.869455e+03
5.895996e-02 1.661506e+02 3.803449e+03
5.938721e-02 1.656962e+02 3.738668e+03
5.981445e-02 1.652311e+02 3.675104e+03
6.066895e-02 1.642730e+02 3.551595e+03
6.152344e-02 1.632849e+02 3.432852e+03
6.237793e-02 1.622752e+02 3.318795e+03
6.323242e-02 1.612518e+02 3.209335e+03
6.408691e-02 1.602222e+02 3.104375e+03
6.494141e-02 1.591937e+02 3.003811e+03
6.579590e-02 1.581730e+02 2.907534e+03
6.665039e-02 1.571665e+02 2.815429e+03
6.750488e-02 1.561800e+02 2.727377e+03
6.835938e-02 1.552190e+02 2.643254e+03
6.921387e-02 1.542886e+02 2.562936e+03
7.006836e-02 1.533933e+02 2.486295e+03
7.092285e-02 1.525373e+02 2.413202e+03
7.177734e-02 1.517241e+02 2.343528e+03
7.263184e-02 1.509572e+02 2.277141e+03
7.348633e-02 1.502393e+02 2.213913e+03
7.434082e-02 1.495728e+02 2.153715e+03
7.519531e-02 1.489599e+02 2.096418e+03
7.604980e-02 1.484021e+02 2.041897e+03
7.690430e-02 1.479006e+02 1.990027e+03
7.775879e-02 1.474565e+02 1.940686e+03
7.861328e-02 1.470704e+02 1.893754e+03
7.946777e-02 1.467424e+02 1.849113e+03
8.032227e-02 1.464725e+02 1.806651e+03
8.117676e-02 1.462604e+02 1.766255e+03
8.203125e-02 1.461055e+02 1.727818e+03
8.288574e-02 1.460069e+02 1.691234e+03
8.374023e-02 1.459636e+02 1.656404e+03
8.459473e-02 1.459742e+02 1.623228e+03
8.544922e-02 1.460372e+02 1.591613e+03
8.587646e-02 1.460878e+02 1.576362e+03
8.630371e-02 1.461509e+02 1.561467e+03
8.673096e-02 1.462263e+02 1.546918e+03
8.715820e-02 1.463136e+02 1.532704e+03
8.758545e-02 1.464126e+02 1.518815e+03
8.801270e-02 1.465231e+02 1.505240e+03
8.843994e-02 1.466448e+02 1.491970e+03
8.886719e-02 1.467774e+02 1.478995e+03
8.929443e-02 1.469207e+02 1.466305e+03
8.972168e-02 1.470742e+02 1.453891e+03
9.014893e-02 1.472378e+02 1.441745e+03
9.057617e-02 1.474112e+02 1.429857e+03
9.100342e-02 1.475939e+02 1.418219e+03
9.143066e-02 1.477858e+02 1.406822e+03
9.185791e-02 1.479865e+02 1.395658e+03
9.228516e-02 1.481956e+02 1.384720e+03
9.271240e-02 1.484129e+02 1.373998e+03
9.313965e-02 1.486381e+02 1.363487e+03
9.356689e-02 1.488707e+02 1.353178e+03
9.399414e-02 1.491105e+02 1.343064e+03
9.484863e-02 1.496103e+02 1.323395e+03
9.570312e-02 1.501348e+02 1.304425e+03
9.655762e-02 1.506812e+02 1.286104e+03
9.741211e-02 1.512470e+02 1.268384e+03
9.826660e-02 1.518293e+02 1.251221e+03
9.912109e-02 1.524256e+02 1.234570e+03
9.997559e-02 1.530332e+02 1.218395e+03
1.008301e-01 1.536496e+02 1.202655e+03
1.016846e-01 1.542720e+02 1.187319e+03
1.025391e-01 1.548982e+02 1.172351e+03
1.033936e-01 1.555255e+02 1.157724e+03
1.042480e-01 1.561517e+02 1.143407e+03
1.051025e-01 1.567743e+02 1.129376e+03
1.059570e-01 1.573912e+02 1.115606e+03
1.068115e-01 1.580001e+02 1.102075e+03
1.076660e-01 1.585989e+02 1.088762e+03
1.085205e-01 1.591857e+02 1.075649e+03
1.093750e-01 1.597585e+02 1.062718e+03
1.102295e-01 1.603155e+02 1.049953e+03
1.110840e-01 1.608549e+02 1.037341e+03
1.115112e-01 1.611174e+02 1.031087e+03
1.119385e-01 1.613750e+02 1.024867e+03
1.123657e-01 1.616273e+02 1.018679e+03
1.127930e-01 1.618743e+02 1.012521e+03
1.132202e-01 1.621157e+02 1.006392e+03
1.136475e-01 1.623513e+02 1.000291e+03
1.140747e-01 1.625810e+02 9.942171e+02
1.145020e-01 1.628046e+02 9.881687e+02
1.149292e-01 1.630220e+02 9.821450e+02
1.153564e-01 1.632330e+02 9.761451e+02
1.157837e-01 1.634375e+02 9.701680e+02
1.162109e-01 1.636352e+02 9.642129e+02
1.166382e-01 1.638262e+02 9.582790e+02
1.170654e-01 1.640102e+02 9.523655e+02
1.174927e-01 1.641872e+02 9.464719e+02
1.179199e-01 1.643569e+02 9.405974e+02
1.183472e-01 1.645194e+02 9.347415e+02
1.187744e-01 1.646745e+02 9.289036e+02
1.192017e-01 1.648221e+02 9.230832e+02
1.196289e-01 1.649621e+02 9.172800e+02
1.204834e-01 1.652189e+02 9.057232e+02
1.213379e-01 1.654444e+02 8.942303e+02
1.221924e-01 1.656380e+02 8.827992e+02
1.230469e-01 1.657993e+02 8.714281e+02
1.239014e-01 1.659277e+02 8.601158e+02
1.247559e-01 1.660232e+02 8.488616e+02
1.256104e-01 1.660853e+02 8.376652e+02
1.264648e-01 1.661140e+02 8.265265e+02
1.273193e-01 1.661092e+02 8.154460e+02
1.281738e-01 1.660710e+02 8.044242e+02
1.290283e-01 1.659993e+02 7.934622e+02
1.298828e-01 1.658943e+02 7.825611e+02
1.307373e-01 1.657563e+02 7.717223e+02
1.315918e-01 1.655854e+02 7.609474e+02
1.324463e-01 1.653821e+02 7.502381e+02
1.333008e-01 1.651467e+02 7.395962e+02
1.341553e-01 1.648796e+02 7.290237e+02
1.350098e-01 1.645814e+02 7.185227e+02
1.358643e-01 1.642525e+02 7.080954e+02
1.367188e-01 1.638936e+02 6.977439e+02
1.375732e-01 1.635053e+02 6.874704e+02
1.384277e-01 1.630882e+02 6.772773e+02
1.392822e-01 1.626431e+02 6.671667e+02
1.401367e-01 1.621706e+02 6.571409e+02
1.409912e-01 1.616717e+02 6.472022e+02
1.418457e-01 1.611470e+02 6.373528e+02
1.427002e-01 1.605974e+02 6.275949e+02
1.435547e-01 1.600237e+02 6.179307e+02
1.444092e-01 1.594269e+02 6.083621e+02
1.452637e-01 1.588078e+02 5.988914e+02
1.461182e-01 1.581674e+02 5.895203e+02
1.469727e-01 1.575066e+02 5.802509e+02
1.478271e-01 1.568263e+02 5.710848e+02
1.486816e-01 1.561275e+02 5.620239e+02
1.495361e-01 1.554111e+02 5.530699e+02
1.503906e-01 1.546782e+02 5.442241e+02
1.512451e-01 1.539297e+02 5.354882e+02
1.520996e-01 1.531666e+02 5.268635e+02
1.529541e-01 1.523899e+02 5.183513e+02
1.538086e-01 1.516006e+02 5.099527e+02
1.555176e-01 1.499880e+02 4.935006e+02
1.572266e-01 1.483367e+02 4.775148e+02
1.589355e-01 1.466544e+02 4.620013e+02
1.606445e-01 1.449488e+02 4.469642e+02
1.623535e-01 1.432272e+02 4.324065e+02
1.640625e-01 1.414969e+02 4.183294e+02
1.657715e-01 1.397649e+02 4.047330e+02
1.674805e-01 1.380378e+02 3.916156e+02
1.691895e-01 1.363222e+02 3.789746e+02
1.708984e-01 1.346240e+02 3.668059e+02
1.717529e-01 1.337832e+02 3.608972e+02
1.726074e-01 1.329490e+02 3.551046e+02
1.734619e-01 1.321219e+02 3.494273e+02
1.743164e-01 1.313027e+02 3.438644e+02
1.751709e-01 1.304919e+02 3.384151e+02
1.760254e-01 1.296901e+02 3.330783e+02
1.768799e-01 1.288979e+02 3.278530e+02
1.777344e-01 1.281159e+02 3.227382e+02
1.785889e-01 1.273446e+02 3.177327e+02
1.794434e-01 1.265845e+02 3.128353e+02
1.796570e-01 1.263962e+02 3.116277e+02
1.798706e-01 1.262088e+02 3.104268e+02
1.800842e-01 1.260220e+02 3.092326e+02
1.802979e-01 1.258360e+02 3.080449e+02
1.805115e-01 1.256508e+02 3.068639e+02
1.807251e-01 1.254663e+02 3.056894e+02
1.809387e-01 1.252827e+02 3.045216e+02
1.811523e-01 1.250997e+02 3.033602e+02
1.813660e-01 1.249176e+02 3.022054e+02
1.815796e-01 1.247363e+02 3.010571e+02
1.816330e-01 1.246911e+02 3.007711e+02
1.816864e-01 1.246459e+02 3.004854e+02
1.817398e-01 1.246008e+02 3.002002e+02
1.817932e-01 1.245558e+02 2.999153e+02
1.818466e-01 1.245108e+02 2.996309e+02
1.819000e-01 1.244658e+02 2.993468e+02
1.819534e-01 1.244209e+02 2.990632e+02
1.820068e-01 1.243760e+02 2.987800e+02
1.820602e-01 1.243312e+02 2.984971e+02
1.821136e-01 1.242865e+02 2.982147e+02
1.821671e-01 1.242418e+02 2.979327e+02
1.822205e-01 1.241971e+02 2.976511e+02
1.822739e-01 1.241525e+02 2.973699e+02
1.823273e-01 1.241080e+02 2.970890e+02
1.823807e-01 1.240635e+02 2.968086e+02
1.824341e-01 1.240191e+02 2.965286e+02
1.824875e-01 1.239747e+02 2.962490e+02
1.825409e-01 1.239303e+02 2.959698e+02
1.825943e-01 1.238860e+02 2.956910e+02
1.826477e-01 1.238418e+02 2.954125e+02
1.827545e-01 1.237535e+02 2.948569e+02
1.828613e-01 1.236654e+02 2.943029e+02
1.829681e-01 1.235775e+02 2.937504e+02
1.830750e-01 1.234898e+02 2.931995e+02
1.831818e-01 1.234023e+02 2.926502e+02
1.832886e-01 1.233150e+02 2.921025e+02
1.833954e-01 1.232280e+02 2.915564e+02
1.835022e-01 1.231411e+02 2.910119e+02
1.836090e-01 1.230545e+02 2.904689e+02
1.837158e-01 1.229681e+02 2.899275e+02
1.841431e-01 1.226246e+02 2.877776e+02
1.845703e-01 1.222846e+02 2.856525e+02
1.849976e-01 1.219481e+02 2.835523e+02
1.854248e-01 1.216152e+02 2.814765e+02
1.858521e-01 1.212859e+02 2.794252e+02
1.862793e-01 1.209602e+02 2.773981e+02
1.867065e-01 1.206382e+02 2.753950e+02
1.871338e-01 1.203200e+02 2.734157e+02
1.875610e-01 1.200055e+02 2.714601e+02
1.879883e-01 1.196948e+02 2.695280e+02
1.888428e-01 1.190849e+02 2.657334e+02
1.896973e-01 1.184905e+02 2.620304e+02
1.905518e-01 1.179119e+02 2.584174e+02
1.914062e-01 1.173492e+02 2.548930e+02
1.922607e-01 1.168026e+02 2.514557e+02
1.931152e-01 1.162723e+02 2.481037e+02
1.939697e-01 1.157584e+02 2.448356e+02
1.948242e-01 1.152610e+02 2.416498e+02
1.956787e-01 1.147802e+02 2.385448e+02
1.965332e-01 1.143161e+02 2.355189e+02
1.973877e-01 1.138688e+02 2.325705e+02
1.982422e-01 1.134383e+02 2.296982e+02
1.990967e-01 1.130246e+02 2.269003e+02
1.999512e-01 1.126277e+02 2.241752e+02
2.008057e-01 1.122477e+02 2.215213e+02
2.016602e-01 1.118844e+02 2.189372e+02
2.025146e-01 1.115380e+02 2.164213e+02
2.033691e-01 1.112082e+02 2.139719e+02
2.042236e-01 1.108950e+02 2.115876e+02
2.050781e-01 1.105985e+02 2.092669e+02
2.059326e-01 1.103183e+02 2.070082e+02
2.067871e-01 1.100545e+02 2.048100e+02
2.076416e-01 1.098069e+02 2.026708e+02
2.084961e-01 1.095754e+02 2.005891e+02
2.093506e-01 1.093598e+02 1.985636e+02
2.102051e-01 1.091600e+02 1.965927e+02
2.110596e-01 1.089758e+02 1.946750e+02
2.119141e-01 1.088070e+02 1.928090e+02
2.127686e-01 1.086534e+02 1.909935e+02
2.136230e-01 1.085148e+02 1.892269e+02
2.144775e-01 1.083910e+02 1.875080e+02
2.153320e-01 1.082818e+02 1.858354e+02
2.161865e-01 1.081870e+02 1.842077e+02
2.170410e-01 1.081062e+02 1.826237e+02
2.178955e-01 1.080393e+02 1.810821e+02
2.187500e-01 1.079861e+02 1.795815e+02
2.196045e-01 1.079461e+02 1.781209e+02
2.204590e-01 1.079193e+02 1.766988e+02
2.213135e-01 1.079053e+02 1.753142e+02
2.221680e-01 1.079038e+02 1.739658e+02
2.230225e-01 1.079145e+02 1.726525e+02
2.238770e-01 1.079372e+02 1.713731e+02
2.247314e-01 1.079716e+02 1.701266e+02
2.255859e-01 1.080174e+02 1.689117e+02
2.264404e-01 1.080742e+02 1.677275e+02
2.272949e-01 1.081418e+02 1.665729e+02
2.281494e-01 1.082198e+02 1.654468e+02
2.290039e-01 1.083080e+02 1.643482e+02
2.298584e-01 1.084061e+02 1.632762e+02
2.307129e-01 1.085136e+02 1.622298e+02
2.315674e-01 1.086304e+02 1.612080e+02
2.324219e-01 1.087560e+02 1.602099e+02
2.332764e-01 1.088902e+02 1.592347e+02
2.341309e-01 1.090327e+02 1.582813e+02
2.349854e-01 1.091831e+02 1.573490e+02
2.358398e-01 1.093411e+02 1.564369e+02
2.366943e-01 1.095063e+02 1.555441e+02
2.375488e-01 1.096786e+02 1.546700e+02
2.384033e-01 1.098575e+02 1.538137e+02
2.392578e-01 1.100427e+02 1.529745e+02
2.426758e-01 1.108404e+02 1.497736e+02
2.460938e-01 1.117141e+02 1.467901e+02
2.495117e-01 1.126441e+02 1.439848e+02
2.529297e-01 1.136115e+02 1.413229e+02
2.563477e-01 1.145981e+02 1.387743e+02
2.597656e-01 1.155870e+02 1.363125e+02
2.631836e-01 1.165619e+02 1.339150e+02
2.666016e-01 1.175081e+02 1.315626e+02
2.700195e-01 1.184119e+02 1.292394e+02
2.734375e-01 1.192608e+02 1.269321e+02
2.768555e-01 1.200437e+02 1.246302e+02
2.802734e-01 1.207507e+02 1.223252e+02
2.836914e-01 1.213732e+02 1.200109e+02
2.871094e-01 1.219039e+02 1.176828e+02
2.905273e-01 1.223364e+02 1.153378e+02
2.939453e-01 1.226658e+02 1.129746e+02
2.973633e-01 1.228882e+02 1.105925e+02
3.007812e-01 1.230008e+02 1.081923e+02
3.041992e-01 1.230015e+02 1.057753e+02
3.076172e-01 1.228896e+02 1.033437e+02
3.093262e-01 1.227913e+02 1.021232e+02
3.110352e-01 1.226648e+02 1.009000e+02
3.127441e-01 1.225103e+02 9.967461e+01
3.144531e-01 1.223280e+02 9.844739e+01
3.161621e-01 1.221180e+02 9.721879e+01
3.178711e-01 1.218806e+02 9.598926e+01
3.195801e-01 1.216160e+02 9.475925e+01
3.212891e-01 1.213247e+02 9.352925e+01
3.229980e-01 1.210069e+02 9.229972e+01
3.247070e-01 1.206630e+02 9.107117e+01
3.264160e-01 1.202935e+02 8.984406e+01
3.281250e-01 1.198988e+02 8.861890e+01
3.298340e-01 1.194794e+02 8.739616e+01
3.315430e-01 1.190358e+02 8.617634e+01
3.332520e-01 1.185685e+02 8.495991e+01
3.349609e-01 1.180781e+02 8.374736e+01
3.366699e-01 1.175651e+02 8.253915e+01
3.383789e-01 1.170302e+02 8.133575e+01
3.400879e-01 1.164739e+02 8.013761e+01
3.417969e-01 1.158969e+02 7.894518e+01
3.435059e-01 1.152997e+02 7.775889e+01
3.452148e-01 1.146831e+02 7.657916e+01
3.469238e-01 1.140477e+02 7.540642e+01
3.486328e-01 1.133941e+02 7.424105e+01
3.503418e-01 1.127231e+02 7.308346e+01
3.520508e-01 1.120353e+02 7.193400e+01
3.537598e-01 1.113313e+02 7.079306e+01
3.554688e-01 1.106120e+02 6.966096e+01
3.571777e-01 1.098779e+02 6.853806e+01
3.588867e-01 1.091298e+02 6.742466e+01
3.593140e-01 1.089407e+02 6.714784e+01
3.597412e-01 1.087507e+02 6.687163e+01
3.601685e-01 1.085599e+02 6.659604e+01
3.605957e-01 1.083684e+02 6.632108e+01
3.610229e-01 1.081760e+02 6.604676e+01
3.614502e-01 1.079829e+02 6.577307e+01
3.618774e-01 1.077890e+02 6.550002e+01
3.623047e-01 1.075943e+02 6.522761e+01
3.627319e-01 1.073989e+02 6.495585e+01
3.631592e-01 1.072027e+02 6.468475e+01
3.633728e-01 1.071044e+02 6.454945e+01
3.635864e-01 1.070059e+02 6.441431e+01
3.638000e-01 1.069071e+02 6.427933e+01
3.640137e-01 1.068083e+02 6.414452e+01
3.642273e-01 1.067092e+02 6.400988e+01
3.644409e-01 1.066100e+02 6.387541e+01
3.646545e-01 1.065106e+02 6.374110e+01
3.648682e-01 1.064110e+02 6.360696e+01
3.650818e-01 1.063112e+02 6.347299e+01
3.652954e-01 1.062113e+02 6.333918e+01
3.655090e-01 1.061112e+02 6.320555e+01
3.657227e-01 1.060110e+02 6.307208e+01
3.659363e-01 1.059105e+02 6.293879e+01
3.661499e-01 1.058100e+02 6.280567e+01
3.663635e-01 1.057092e+02 6.267271e+01
3.665771e-01 1.056083e+02 6.253993e+01
3.667908e-01 1.055072e+02 6.240732e+01
3.670044e-01 1.054060e+02 6.227489e+01
3.672180e-01 1.053046e+02 6.214262e+01
3.674316e-01 1.052031e+02 6.201053e+01
3.682861e-01 1.047954e+02 6.148392e+01
3.691406e-01 1.043853e+02 6.096011e+01
3.699951e-01 1.039729e+02 6.043914e+01
3.708496e-01 1.035583e+02 5.992103e+01
3.717041e-01 1.031415e+02 5.940581e+01
3.725586e-01 1.027227e+02 5.889350e+01
3.734131e-01 1.023019e+02 5.838413e+01
3.742676e-01 1.018792e+02 5.787772e+01
3.751221e-01 1.014547e+02 5.737428e+01
3.759766e-01 1.010285e+02 5.687385e+01
3.793945e-01 9.930800e+01 5.490251e+01
3.828125e-01 9.756618e+01 5.298064e+01
3.862305e-01 9.580802e+01 5.110918e+01
3.896484e-01 9.403826e+01 4.928887e+01
3.930664e-01 9.226149e+01 4.752025e+01
3.964844e-01 9.048209e+01 4.580371e+01
3.999023e-01 8.870426e+01 4.413943e+01
4.033203e-01 8.693198e+01 4.252747e+01
4.067383e-01 8.516902e+01 4.096771e+01
4.101562e-01 8.341895e+01 3.945992e+01
4.118652e-01 8.254979e+01 3.872539e+01
4.135742e-01 8.168509e+01 3.800371e+01
4.152832e-01 8.082523e+01 3.729481e+01
4.169922e-01 7.997058e+01 3.659860e+01
4.187012e-01 7.912149e+01 3.591503e+01
4.204102e-01 7.827831e+01 3.524400e+01
4.221191e-01 7.744137e+01 3.458542e+01
4.238281e-01 7.661099e+01 3.393920e+01
4.255371e-01 7.578746e+01 3.330524e+01
4.272461e-01 7.497107e+01 3.268343e+01
4.289551e-01 7.416211e+01 3.207367e+01
4.306641e-01 7.336084e+01 3.147583e+01
4.323730e-01 7.256750e+01 3.088980e+01
4.340820e-01 7.178234e+01 3.031546e+01
4.357910e-01 7.100557e+01 2.975268e+01
4.375000e-01 7.023742e+01 2.920133e+01
4.392090e-01 6.947809e+01 2.866128e+01
4.409180e-01 6.872776e+01 2.813240e+01
4.426270e-01 6.798662e+01 2.761454e+01
4.443359e-01 6.725482e+01 2.710757e+01
4.451904e-01 6.689247e+01 2.685813e+01
4.460449e-01 6.653252e+01 2.661135e+01
4.468994e-01 6.617499e+01 2.636722e+01
4.477539e-01 6.581988e+01 2.612573e+01
4.486084e-01 6.546721e+01 2.588685e+01
4.494629e-01 6.511701e+01 2.565056e+01
4.503174e-01 6.476928e+01 2.541685e+01
4.511719e-01 6.442404e+01 2.518570e+01
4.520264e-01 6.408131e+01 2.495709e+01
4.528809e-01 6.374109e+01 2.473100e+01
4.537354e-01 6.340340e+01 2.450741e+01
4.545898e-01 6.306825e+01 2.428631e+01
4.554443e-01 6.273565e+01 2.406767e+01
4.562988e-01 6.240562e+01 2.385147e+01
4.571533e-01 6.207816e+01 2.363770e+01
4.580078e-01 6.175327e+01 2.342634e+01
4.588623e-01 6.143098e+01 2.321736e+01
4.597168e-01 6.111129e+01 2.301075e+01
4.605713e-01 6.079420e+01 2.280650e+01
4.614258e-01 6.047972e+01 2.260457e+01
4.631348e-01 5.985863e+01 2.220763e+01
4.648438e-01 5.924806e+01 2.181978e+01
4.665527e-01 5.864804e+01 2.144086e+01
4.682617e-01 5.805861e+01 2.107072e+01
4.699707e-01 5.747978e+01 2.070922e+01
4.716797e-01 5.691156e+01 2.035618e+01
4.733887e-01 5.635396e+01 2.001146e+01
4.750977e-01 5.580697e+01 1.967491e+01
4.768066e-01 5.527058e+01 1.934637e+01
4.785156e-01 5.474478e+01 1.902570e+01
4.802246e-01 5.422953e+01 1.871273e+01
4.819336e-01 5.372482e+01 1.840732e+01
4.836426e-01 5.323059e+01 1.810933e+01
4.853516e-01 5.274681e+01 1.781860e+01
4.870605e-01 5.227343e+01 1.753498e+01
4.887695e-01 5.181039e+01 1.725833e+01
4.904785e-01 5.135763e+01 1.698850e+01
4.921875e-01 5.091508e+01 1.672536e+01
4.938965e-01 5.048268e+01 1.646875e+01
4.956055e-01 5.006035e+01 1.621854e+01
4.973145e-01 4.964800e+01 1.597459e+01
4.990234e-01 4.924556e+01 1.573676e+01
5.007324e-01 4.885294e+01 1.550492e+01
5.024414e-01 4.847003e+01 1.527892e+01
5.041504e-01 4.809675e+01 1.505864e+01
5.058594e-01 4.773300e+01 1.484394e+01
5.075684e-01 4.737867e+01 1.463470e+01
5.092773e-01 4.703365e+01 1.443079e+01
5.109863e-01 4.669784e+01 1.423208e+01
5.126953e-01 4.637112e+01 1.403844e+01
5.144043e-01 4.605337e+01 1.384976e+01
5.161133e-01 4.574448e+01 1.366592e+01
5.178223e-01 4.544433e+01 1.348679e+01
5.195312e-01 4.515280e+01 1.331225e+01
5.212402e-01 4.486976e+01 1.314220e+01
5.229492e-01 4.459508e+01 1.297651e+01
5.246582e-01 4.432863e+01 1.281509e+01
5.263672e-01 4.407030e+01 1.265781e+01
5.280762e-01 4.381993e+01 1.250457e+01
5.297852e-01 4.357741e+01 1.235526e+01
5.314941e-01 4.334260e+01 1.220979e+01
5.332031e-01 4.311536e+01 1.206804e+01
5.349121e-01 4.289555e+01 1.192992e+01
5.366211e-01 4.268305e+01 1.179533e+01
5.383301e-01 4.247770e+01 1.166417e+01
5.400391e-01 4.227939e+01 1.153635e+01
5.417480e-01 4.208796e+01 1.141178e+01
5.434570e-01 4.190327e+01 1.129036e+01
5.451660e-01 4.172520e+01 1.117200e+01
5.468750e-01 4.155359e+01 1.105663e+01
5.502930e-01 4.122923e+01 1.083446e+01
5.537109e-01 4.092908e+01 1.062321e+01
5.571289e-01 4.065202e+01 1.042224e+01
5.605469e-01 4.039697e+01 1.023093e+01
5.639648e-01 4.016282e+01 1.004871e+01
5.673828e-01 3.994849e+01 9.875023e+00
5.708008e-01 3.975291e+01 9.709346e+00
5.742188e-01 3.957504e+01 9.551173e+00
5.776367e-01 3.941383e+01 9.400029e+00
5.810547e-01 3.926827e+01 9.255457e+00
5.844727e-01 3.913736e+01 9.117028e+00
5.878906e-01 3.902013e+01 8.984332e+00
5.913086e-01 3.891563e+01 8.856982e+00
5.947266e-01 3.882292e+01 8.734613e+00
5.981445e-01 3.874111e+01 8.616877e+00
6.015625e-01 3.866931e+01 8.503448e+00
6.049805e-01 3.860668e+01 8.394017e+00
6.083984e-01 3.855238e+01 8.288294e+00
6.118164e-01 3.850563e+01 8.186006e+00
6.152344e-01 3.846564e+01 8.086897e+00
6.220703e-01 3.840302e+01 7.897263e+00
6.289062e-01 3.835892e+01 7.717642e+00
6.357422e-01 3.832815e+01 7.546507e+00
6.425781e-01 3.830600e+01 7.382528e+00
6.494141e-01 3.828817e+01 7.224559e+00
6.562500e-01 3.827078e+01 7.071619e+00
6.630859e-01 3.825038e+01 6.922871e+00
6.699219e-01 3.822390e+01 6.777614e+00
6.767578e-01 3.818865e+01 6.635259e+00
6.835938e-01 3.814230e+01 6.495325e+00
6.870117e-01 3.811434e+01 6.426140e+00
6.904297e-01 3.808287e+01 6.357420e+00
6.938477e-01 3.804772e+01 6.289129e+00
6.972656e-01 3.800869e+01 6.221233e+00
7.006836e-01 3.796562e+01 6.153706e+00
7.041016e-01 3.791838e+01 6.086523e+00
7.075195e-01 3.786682e+01 6.019662e+00
7.109375e-01 3.781085e+01 5.953107e+00
7.143555e-01 3.775036e+01 5.886843e+00
7.177734e-01 3.768527e+01 5.820858e+00
7.186279e-01 3.766827e+01 5.804404e+00
7.194824e-01 3.765098e+01 5.787967e+00
7.203369e-01 3.763340e+01 5.771547e+00
7.211914e-01 3.761552e+01 5.755143e+00
7.220459e-01 3.759734e+01 5.738755e+00
7.229004e-01 3.757887e+01 5.722384e+00
7.237549e-01 3.756011e+01 5.706029e+00
7.246094e-01 3.754104e+01 5.689690e+00
7.254639e-01 3.752168e+01 5.673367e+00
7.263184e-01 3.750203e+01 5.657060e+00
7.271729e-01 3.748207e+01 5.640770e+00
7.280273e-01 3.746181e+01 5.624495e+00
7.288818e-01 3.744126e+01 5.608236e+00
7.297363e-01 3.742040e+01 5.591993e+00
7.305908e-01 3.739925e+01 5.575766e+00
7.314453e-01 3.737779e+01 5.559555e+00
7.322998e-01 3.735604e+01 5.543360e+00
7.331543e-01 3.733398e+01 5.527181e+00
7.340088e-01 3.731162e+01 5.511017e+00
7.348633e-01 3.728897e+01 5.494869e+00
7.365723e-01 3.724275e+01 5.462622e+00
7.382812e-01 3.719533e+01 5.430438e+00
7.399902e-01 3.714671e+01 5.398318e+00
7.416992e-01 3.709688e+01 5.366263e+00
7.434082e-01 3.704586e+01 5.334272e+00
7.451172e-01 3.699365e+01 5.302347e+00
7.468262e-01 3.694024e+01 5.270488e+00
7.485352e-01 3.688565e+01 5.238695e+00
7.502441e-01 3.682987e+01 5.206970e+00
7.519531e-01 3.677291e+01 5.175313e+00
7.553711e-01 3.665548e+01 5.112206e+00
7.587891e-01 3.653342e+01 5.049383e+00
7.622070e-01 3.640676e+01 4.986850e+00
7.656250e-01 3.627559e+01 4.924616e+00
7.690430e-01 3.613997e+01 4.862691e+00
7.724609e-01 3.599997e+01 4.801083e+00
7.758789e-01 3.585569e+01 4.739803e+00
7.792969e-01 3.570720e+01 4.678860e+00
7.827148e-01 3.555459e+01 4.618264e+00
7.861328e-01 3.539798e+01 4.558025e+00
7.895508e-01 3.523744e+01 4.498155e+00
7.929688e-01 3.507310e+01 4.438662e+00
7.963867e-01 3.490505e+01 4.379559e+00
7.998047e-01 3.473341e+01 4.320854e+00
8.032227e-01 3.455828e+01 4.262559e+00
8.066406e-01 3.437979e+01 4.204683e+00
8.100586e-01 3.419805e+01 4.147235e+00
8.134766e-01 3.401318e+01 4.090226e+00
8.168945e-01 3.382530e+01 4.033665e+00
8.203125e-01 3.363452e+01 3.977560e+00
8.271484e-01 3.324480e+01 3.866757e+00
8.339844e-01 3.284498e+01 3.757883e+00
8.408203e-01 3.243605e+01 3.650999e+00
8.476562e-01 3.201900e+01 3.546161e+00
8.544922e-01 3.159481e+01 3.443417e+00
8.613281e-01 3.116441e+01 3.342811e+00
8.681641e-01 3.072877e+01 3.244380e+00
8.750000e-01 3.028880e+01 3.148155e+00
8.818359e-01 2.984539e+01 3.054160e+00
8.886719e-01 2.939941e+01 2.962415e+00
8.903809e-01 2.928761e+01 2.939832e+00
8.920898e-01 2.917572e+01 2.917390e+00
8.937988e-01 2.906374e+01 2.895090e+00
8.955078e-01 2.895169e+01 2.872932e+00
8.972168e-01 2.883958e+01 2.850915e+00
8.989258e-01 2.872743e+01 2.829041e+00
9.006348e-01 2.861525e+01 2.807309e+00
9.023438e-01 2.850304e+01 2.785719e+00
9.040527e-01 2.839082e+01 2.764270e+00
9.057617e-01 2.827860e+01 2.742964e+00
9.066162e-01 2.822250e+01 2.732364e+00
9.074707e-01 2.816640e+01 2.721800e+00
9.083252e-01 2.811030e+01 2.711271e+00
9.091797e-01 2.805422e+01 2.700778e+00
9.100342e-01 2.799814e+01 2.690320e+00
9.108887e-01 2.794208e+01 2.679898e+00
9.117432e-01 2.788602e+01 2.669511e+00
9.125977e-01 2.782998e+01 2.659159e+00
9.134521e-01 2.777395e+01 2.648843e+00
9.143066e-01 2.771794e+01 2.638562e+00
9.151611e-01 2.766194e+01 2.628317e+00
9.160156e-01 2.760597e+01 2.618107e+00
9.168701e-01 2.755001e+01 2.607932e+00
9.177246e-01 2.749408e+01 2.597793e+00
9.185791e-01 2.743816e+01 2.587689e+00
9.194336e-01 2.738227e+01 2.577620e+00
9.202881e-01 2.732641e+01 2.567587e+00
9.211426e-01 2.727057e+01 2.557588e+00
9.219971e-01 2.721476e+01 2.547625e+00
9.228516e-01 2.715898e+01 2.537697e+00
9.262695e-01 2.693616e+01 2.498338e+00
9.296875e-01 2.671391e+01 2.459538e+00
9.331055e-01 2.649229e+01 2.421298e+00
9.365234e-01 2.627139e+01 2.383613e+00
9.399414e-01 2.605126e+01 2.346482e+00
9.433594e-01 2.583199e+01 2.309902e+00
9.467773e-01 2.561364e+01 2.273870e+00
9.501953e-01 2.539627e+01 2.238382e+00
9.536133e-01 2.517994e+01 2.203435e+00
9.570312e-01 2.496473e+01 2.169026e+00
9.638672e-01 2.453785e+01 2.101804e+00
9.707031e-01 2.411606e+01 2.036684e+00
9.775391e-01 2.369976e+01 1.973631e+00
9.843750e-01 2.328933e+01 1.912608e+00
9.912109e-01 2.288509e+01 1.853577e+00
9.980469e-01 2.248734e+01 1.796497e+00
1.004883e+00 2.209636e+01 1.741326e+00
1.011719e+00 2.171237e+01 1.688021e+00
1.018555e+00 2.133559e+01 1.636538e+00
1.025391e+00 2.096620e+01 1.586833e+00
1.032227e+00 2.060435e+01 1.538860e+00
1.039062e+00 2.025017e+01 1.492573e+00
1.045898e+00 1.990376e+01 1.447926e+00
1.052734e+00 1.956520e+01 1.404872e+00
1.059570e+00 1.923455e+01 1.363367e+00
1.066406e+00 1.891185e+01 1.323363e+00
1.073242e+00 1.859711e+01 1.284814e+00
1.080078e+00 1.829034e+01 1.247675e+00
1.086914e+00 1.799152e+01 1.211902e+00
1.093750e+00 1.770060e+01 1.177449e+00
1.100586e+00 1.741755e+01 1.144272e+00
1.107422e+00 1.714230e+01 1.112329e+00
1.114258e+00 1.687478e+01 1.081576e+00
1.121094e+00 1.661490e+01 1.051972e+00
1.127930e+00 1.636256e+01 1.023475e+00
1.134766e+00 1.611765e+01 9.960465e-01
1.141602e+00 1.588007e+01 9.696462e-01
1.148438e+00 1.564967e+01 9.442361e-01
1.155273e+00 1.542634e+01 9.197789e-01
1.162109e+00 1.520993e+01 8.962380e-01
1.168945e+00 1.500030e+01 8.735782e-01
1.175781e+00 1.479731e+01 8.517650e-01
1.182617e+00 1.460079e+01 8.307650e-01
1.189453e+00 1.441060e+01 8.105457e-01
1.196289e+00 1.422657e+01 7.910756e-01
1.203125e+00 1.404854e+01 7.723244e-01
1.209961e+00 1.387635e+01 7.542625e-01
1.216797e+00 1.370982e+01 7.368615e-01
1.223633e+00 1.354881e+01 7.200938e-01
1.230469e+00 1.339313e+01 7.039327e-01
1.237305e+00 1.324263e+01 6.883528e-01
1.244141e+00 1.309713e+01 6.733292e-01
1.250977e+00 1.295648e+01 6.588380e-01
1.257812e+00 1.282049e+01 6.448565e-01
1.264648e+00 1.268902e+01 6.313624e-01
1.271484e+00 1.256190e+01 6.183346e-01
1.278320e+00 1.243897e+01 6.057526e-01
1.285156e+00 1.232008e+01 5.935969e-01
1.291992e+00 1.220505e+01 5.818487e-01
1.298828e+00 1.209376e+01 5.704899e-01
1.305664e+00 1.198603e+01 5.595032e-01
1.312500e+00 1.188173e+01 5.488720e-01
1.319336e+00 1.178070e+01 5.385805e-01
1.326172e+00 1.168282e+01 5.286134e-01
1.333008e+00 1.158793e+01 5.189563e-01
1.339844e+00 1.149591e+01 5.095952e-01
1.346680e+00 1.140662e+01 5.005167e-01
1.353516e+00 1.131993e+01 4.917082e-01
1.360352e+00 1.123572e+01 4.831576e-01
1.367188e+00 1.115387e+01 4.748533e-01
1.374023e+00 1.107425e+01 4.667842e-01
1.380859e+00 1.099675e+01 4.589397e-01
1.387695e+00 1.092126e+01 4.513099e-01
1.394531e+00 1.084768e+01 4.438850e-01
1.401367e+00 1.077589e+01 4.366561e-01
1.408203e+00 1.070581e+01 4.296144e-01
1.415039e+00 1.063732e+01 4.227517e-01
1.421875e+00 1.057033e+01 4.160600e-01
1.428711e+00 1.050477e+01 4.095319e-01
1.435547e+00 1.044053e+01 4.031603e-01
1.442383e+00 1.037753e+01 3.969384e-01
1.449219e+00 1.031570e+01 3.908597e-01
1.456055e+00 1.025496e+01 3.849183e-01
1.462891e+00 1.019522e+01 3.791082e-01
1.469727e+00 1.013643e+01 3.734240e-01
1.476562e+00 1.007852e+01 3.678604e-01
1.483398e+00 1.002141e+01 3.624126e-01
1.490234e+00 9.965048e+00 3.570757e-01
1.497070e+00 9.909374e+00 3.518455e-01
1.503906e+00 9.854333e+00 3.467176e-01
1.517578e+00 9.745933e+00 3.367530e-01
1.531250e+00 9.639452e+00 3.271525e-01
1.544922e+00 9.534534e+00 3.178898e-01
1.558594e+00 9.430861e+00 3.089411e-01
1.572266e+00 9.328153e+00 3.002852e-01
1.585938e+00 9.226161e+00 2.919033e-01
1.599609e+00 9.124669e+00 2.837784e-01
1.613281e+00 9.023491e+00 2.758954e-01
1.626953e+00 8.922466e+00 2.682409e-01
1.640625e+00 8.821461e+00 2.608027e-01
1.654297e+00 8.720364e+00 2.535700e-01
1.667969e+00 8.619085e+00 2.465332e-01
1.681641e+00 8.517553e+00 2.396838e-01
1.695312e+00 8.415716e+00 2.330138e-01
1.708984e+00 8.313537e+00 2.265165e-01
1.722656e+00 8.210993e+00 2.201854e-01
1.736328e+00 8.108076e+00 2.140151e-01
1.750000e+00 8.004787e+00 2.080002e-01
1.763672e+00 7.901140e+00 2.021363e-01
1.777344e+00 7.797155e+00 1.964190e-01
1.784180e+00 7.745046e+00 1.936141e-01
1.791016e+00 7.692863e+00 1.908444e-01
1.797852e+00 7.640614e+00 1.881095e-01
1.804688e+00 7.588302e+00 1.854089e-01
1.811523e+00 7.535932e+00 1.827424e-01
1.818359e+00 7.483512e+00 1.801093e-01
1.825195e+00 7.431047e+00 1.775094e-01
1.832031e+00 7.378542e+00 1.749424e-01
1.838867e+00 7.326006e+00 1.724077e-01
1.845703e+00 7.273445e+00 1.699052e-01
1.852539e+00 7.220865e+00 1.674344e-01
1.859375e+00 7.168274e+00 1.649950e-01
1.866211e+00 7.115680e+00 1.625867e-01
1.873047e+00 7.063089e+00 1.602092e-01
1.879883e+00 7.010510e+00 1.578622e-01
1.886719e+00 6.957950e+00 1.555454e-01
1.893555e+00 6.905416e+00 1.532584e-01
1.900391e+00 6.852917e+00 1.510010e-01
1.907227e+00 6.800461e+00 1.487729e-01
1.914062e+00 6.748054e+00 1.465738e-01
1.941406e+00 6.539091e+00 1.380622e-01
1.968750e+00 6.331563e+00 1.299930e-01
1.996094e+00 6.125962e+00 1.223496e-01
2.023438e+00 5.922763e+00 1.151158e-01
2.050781e+00 5.722411e+00 1.082756e-01
2.078125e+00 5.525321e+00 1.018133e-01
2.105469e+00 5.331872e+00 9.571329e-02
2.132812e+00 5.142405e+00 8.996034e-02
2.160156e+00 4.957222e+00 8.453921e-02
2.187500e+00 4.776586e+00 7.943494e-02
2.214844e+00 4.600720e+00 7.463280e-02
2.242188e+00 4.429810e+00 7.011830e-02
2.269531e+00 4.264007e+00 6.587729e-02
2.296875e+00 4.103425e+00 6.189591e-02
2.324219e+00 3.948147e+00 5.816068e-02
2.351562e+00 3.798225e+00 5.465851e-02
2.378906e+00 3.653684e+00 5.137673e-02
2.406250e+00 3.514521e+00 4.830308e-02
2.433594e+00 3.380713e+00 4.542576e-02
2.460938e+00 3.252213e+00 4.273345e-02
2.488281e+00 3.128958e+00 4.021527e-02
2.515625e+00 3.010867e+00 3.786081e-02
2.542969e+00 2.897844e+00 3.566014e-02
2.570312e+00 2.789781e+00 3.360380e-02
2.597656e+00 2.686559e+00 3.168277e-02
2.625000e+00 2.588052e+00 2.988853e-02
2.652344e+00 2.494124e+00 2.821295e-02
2.679688e+00 2.404633e+00 2.664837e-02
2.707031e+00 2.319436e+00 2.518755e-02
2.734375e+00 2.238382e+00 2.382365e-02
2.748047e+00 2.199363e+00 2.317601e-02
2.761719e+00 2.161322e+00 2.255022e-02
2.775391e+00 2.124241e+00 2.194551e-02
2.789062e+00 2.088102e+00 2.136118e-02
2.802734e+00 2.052884e+00 2.079652e-02
2.816406e+00 2.018570e+00 2.025085e-02
2.830078e+00 1.985139e+00 1.972351e-02
2.843750e+00 1.952573e+00 1.921386e-02
2.857422e+00 1.920854e+00 1.872129e-02
2.871094e+00 1.889961e+00 1.824519e-02
2.877930e+00 1.874820e+00 1.801313e-02
2.884766e+00 1.859878e+00 1.778498e-02
2.891602e+00 1.845133e+00 1.756067e-02
2.898438e+00 1.830584e+00 1.734011e-02
2.905273e+00 1.816228e+00 1.712326e-02
2.912109e+00 1.802063e+00 1.691004e-02
2.918945e+00 1.788086e+00 1.670039e-02
2.925781e+00 1.774295e+00 1.649424e-02
2.932617e+00 1.760688e+00 1.629153e-02
2.939453e+00 1.747263e+00 1.609219e-02
2.946289e+00 1.734017e+00 1.589618e-02
2.953125e+00 1.720949e+00 1.570343e-02
2.959961e+00 1.708056e+00 1.551387e-02
2.966797e+00 1.695335e+00 1.532746e-02
2.973633e+00 1.682786e+00 1.514413e-02
2.980469e+00 1.670405e+00 1.496383e-02
2.987305e+00 1.658191e+00 1.478651e-02
2.994141e+00 1.646141e+00 1.461210e-02
3.000977e+00 1.634253e+00 1.444057e-02
3.007812e+00 1.622525e+00 1.427185e-02
3.035156e+00 1.577176e+00 1.362411e-02
3.062500e+00 1.534226e+00 1.301749e-02
3.089844e+00 1.493550e+00 1.244907e-02
3.117188e+00 1.455025e+00 1.191612e-02
3.144531e+00 1.418535e+00 1.141612e-02
3.171875e+00 1.383966e+00 1.094670e-02
3.199219e+00 1.351209e+00 1.050569e-02
3.226562e+00 1.320159e+00 1.009105e-02
3.253906e+00 1.290718e+00 9.700887e-03
3.281250e+00 1.262789e+00 9.333450e-03
3.308594e+00 1.236280e+00 8.987114e-03
3.335938e+00 1.211106e+00 8.660370e-03
3.363281e+00 1.187182e+00 8.351820e-03
3.390625e+00 1.164430e+00 8.060169e-03
3.417969e+00 1.142776e+00 7.784217e-03
3.445312e+00 1.122147e+00 7.522852e-03
3.472656e+00 1.102476e+00 7.275046e-03
3.500000e+00 1.083700e+00 7.039847e-03
3.527344e+00 1.065759e+00 6.816375e-03
3.554688e+00 1.048595e+00 6.603816e-03
3.582031e+00 1.032154e+00 6.401415e-03
3.609375e+00 1.016387e+00 6.208477e-03
3.636719e+00 1.001244e+00 6.024358e-03
3.664062e+00 9.866824e-01 5.848463e-03
3.691406e+00 9.726589e-01 5.680244e-03
3.718750e+00 9.591341e-01 5.519192e-03
3.746094e+00 9.460712e-01 5.364839e-03
3.773438e+00 9.334354e-01 5.216751e-03
3.800781e+00 9.211943e-01 5.074528e-03
3.828125e+00 9.093177e-01 4.937801e-03
3.882812e+00 8.865469e-01 4.679495e-03
3.937500e+00 8.649196e-01 4.439405e-03
3.992188e+00 8.442605e-01 4.215458e-03
4.046875e+00 8.244187e-01 4.005884e-03
4.101562e+00 8.052655e-01 3.809172e-03
4.156250e+00 7.866920e-01 3.624028e-03
4.210938e+00 7.686064e-01 3.449344e-03
4.265625e+00 7.509322e-01 3.284169e-03
4.320312e+00 7.336063e-01 3.127684e-03
4.375000e+00 7.165773e-01 2.979182e-03
4.484375e+00 6.832530e-01 2.703758e-03
4.593750e+00 6.507267e-01 2.453884e-03
4.703125e+00 6.188693e-01 2.226466e-03
4.812500e+00 5.876266e-01 2.019064e-03
4.921875e+00 5.569953e-01 1.829702e-03
5.031250e+00 5.270059e-01 1.656738e-03
5.140625e+00 4.977090e-01 1.498766e-03
5.250000e+00 4.691653e-01 1.354557e-03
5.359375e+00 4.414384e-01 1.223015e-03
5.468750e+00 4.145893e-01 1.103144e-03
5.523438e+00 4.015116e-01 1.047296e-03
5.578125e+00 3.886734e-01 9.940277e-04
5.632812e+00 3.760805e-01 9.432360e-04
5.687500e+00 3.637379e-01 8.948205e-04
5.742188e+00 3.516501e-01 8.486843e-04
5.796875e+00 3.398209e-01 8.047341e-04
5.851562e+00 3.282536e-01 7.628794e-04
5.906250e+00 3.169506e-01 7.230330e-04
5.960938e+00 3.059141e-01 6.851104e-04
6.015625e+00 2.951455e-01 6.490300e-04
6.070312e+00 2.846455e-01 6.147130e-04
6.125000e+00 2.744146e-01 5.820833e-04
6.179688e+00 2.644524e-01 5.510673e-04
6.234375e+00 2.547583e-01 5.215941e-04
6.289062e+00 2.453311e-01 4.935953e-04
6.343750e+00 2.361692e-01 4.670047e-04
6.398438e+00 2.272704e-01 4.417588e-04
6.453125e+00 2.186324e-01 4.177963e-04
6.507812e+00 2.102524e-01 3.950582e-04
6.562500e+00 2.021273e-01 3.734879e-04
6.671875e+00 1.866279e-01 3.336344e-04
6.781250e+00 1.721037e-01 2.978248e-04
6.890625e+00 1.585210e-01 2.656805e-04
7.000000e+00 1.458431e-01 2.368536e-04
7.109375e+00 1.340315e-01 2.110251e-04
7.218750e+00 1.230461e-01 1.879032e-04
7.328125e+00 1.128462e-01 1.672212e-04
7.437500e+00 1.033906e-01 1.487364e-04
7.546875e+00 9.463817e-02 1.322276e-04
7.656250e+00 8.654831e-02 1.174942e-04
7.765625e+00 7.908114e-02 1.043543e-04
7.875000e+00 7.219778e-02 9.264305e-05
7.984375e+00 6.586053e-02 8.221167e-05
8.093750e+00 6.003306e-02 7.292577e-05
8.203125e+00 5.468049e-02 6.466419e-05
8.312500e+00 4.976950e-02 5.731788e-05
8.421875e+00 4.526840e-02 5.078877e-05
8.531250e+00 4.114710e-02 4.498876e-05
8.640625e+00 3.737718e-02 3.983881e-05
8.750000e+00 3.393184e-02 3.526805e-05
8.968750e+00 2.791581e-02 2.761700e-05
9.187500e+00 2.291631e-02 2.160430e-05
9.406250e+00 1.877414e-02 1.688563e-05
9.625000e+00 1.535189e-02 1.318714e-05
9.843750e+00 1.253174e-02 1.029154e-05
1.006250e+01 1.021326e-02 8.026809e-06
1.028125e+01 8.311385e-03 6.257080e-06
1.050000e+01 6.754375e-03 4.875248e-06
1.071875e+01 5.482061e-03 3.797045e-06
1.093750e+01 4.444170e-03 2.956274e-06
1.115625e+01 3.598859e-03 2.301010e-06
1.137500e+01 2.911409e-03 1.790567e-06
1.159375e+01 2.353082e-03 1.393090e-06
1.181250e+01 1.900185e-03 1.083683e-06
1.203125e+01 1.533235e-03 8.429027e-07
1.225000e+01 1.236240e-03 6.555723e-07
1.246875e+01 9.960952e-04 5.098532e-07
1.268750e+01 8.020926e-04 3.965176e-07
1.290625e+01 6.454998e-04 3.083799e-07
1.312500e+01 5.192011e-04 2.398431e-07
1.356250e+01 3.354182e-04 1.451100e-07
1.400000e+01 2.163248e-04 8.782951e-08
1.443750e+01 1.393151e-04 5.318685e-08
1.487500e+01 8.960849e-05 3.222740e-08
1.531250e+01 5.757709e-05 1.954104e-08
1.575000e+01 3.696342e-05 1.185772e-08
1.618750e+01 2.371176e-05 7.201024e-09
1.662500e+01 1.520168e-05 4.376818e-09
1.706250e+01 9.740489e-06 2.662475e-09
1.750000e+01 6.237985e-06 1.620908e-09
1.837500e+01 2.554776e-06 6.021272e-10
1.925000e+01 1.046432e-06 2.247189e-10
2.012500e+01 4.281622e-07 8.412531e-11
2.100000e+01 1.740581e-07 3.140840e-11
2.187500e+01 7.154736e-08 1.189837e-11
2.275000e+01 2.980280e-08 4.582310e-12
2.362500e+01 1.140892e-08 1.626639e-12
2.450000e+01 4.730109e-09 6.270889e-13
2.537500e+01 2.565414e-09 3.170556e-13
2.625000e+01 8.160642e-10 9.424447e-14
2.712500e+01 3.395433e-10 3.672365e-14
2.800000e+01 1.435113e-10 1.456666e-14
2.887500e+01 6.236064e-11 5.951915e-15
2.975000e+01 2.914827e-11 2.620770e-15
3.062500e+01 1.636138e-11 1.388219e-15
3.150000e+01 1.163227e-11 9.328963e-16
3.237500e+01 9.707574e-12 7.370234e-16
3.325000e+01 9.102417e-12 6.551844e-16
3.412500e+01 8.992924e-12 6.145337e-16
3.500000e+01 9.024409e-12 5.862364e-16
3.850000e+01 9.799711e-12 5.261165e-16
4.200000e+01 1.046475e-11 4.720850e-16
4.550000e+01 1.093144e-11 4.201890e-16
4.900000e+01 1.127741e-11 3.737723e-16
5.250000e+01 1.158779e-11 3.345586e-16
5.600000e+01 1.190654e-11 3.021340e-16
5.950000e+01 1.223845e-11 2.750950e-16
6.300000e+01 1.256759e-11 2.519771e-16
6.650000e+01 1.288115e-11 2.317937e-16
7.000000e+01 1.321221e-11 2.145703e-16
7.700000e+01 1.406772e-11 1.888133e-16
8.400000e+01 1.569867e-11 1.770494e-16
9.100000e+01 1.644756e-11 1.580553e-16
9.800000e+01 1.560030e-11 1.292620e-16
1.050000e+02 1.535726e-11 1.108474e-16
1.120000e+02 1.668265e-11 1.058325e-16
1.190000e+02 1.695576e-11 9.528258e-17
1.260000e+02 1.250643e-11 6.268773e-17
1.330000e+02 4.275548e-12 1.923440e-17
1.400000e+02 0.000000e+00 0.000000e+00
