# 
# Output from RAtom program.
# 
# Total radial electron density.
# The first column contains radius $r$ in bohr units.
# The second column holds $\rho(r)$.
# The third column holds $\tilde{\rho}(r) = \rho(r) / (\pi * r * r)$
# 
# Use this file with gnuplot to create the plot.
# 
# R     Rho     RhoTilde
#
0.000000e+00 0.000000e+00 4.413497e+05
8.392334e-05 3.850894e-02 4.350971e+05
1.678467e-04 1.518538e-01 4.289338e+05
2.517700e-04 3.368313e-01 4.228580e+05
3.356934e-04 5.903292e-01 4.168684e+05
4.196167e-04 9.093245e-01 4.109637e+05
5.035400e-04 1.290881e+00 4.051430e+05
5.874634e-04 1.732147e+00 3.994048e+05
6.713867e-04 2.230355e+00 3.937482e+05
7.553101e-04 2.782816e+00 3.881719e+05
8.392334e-04 3.386923e+00 3.826749e+05
9.231567e-04 4.040144e+00 3.772560e+05
1.007080e-03 4.740024e+00 3.719141e+05
1.091003e-03 5.484179e+00 3.666482e+05
1.174927e-03 6.270300e+00 3.614572e+05
1.258850e-03 7.096146e+00 3.563400e+05
1.342773e-03 7.959544e+00 3.512957e+05
1.426697e-03 8.858389e+00 3.463232e+05
1.510620e-03 9.790641e+00 3.414214e+05
1.594543e-03 1.075432e+01 3.365895e+05
1.678467e-03 1.174752e+01 3.318263e+05
1.846313e-03 1.381510e+01 3.225027e+05
2.014160e-03 1.597925e+01 3.134430e+05
2.182007e-03 1.822673e+01 3.046399e+05
2.349854e-03 2.054516e+01 2.960862e+05
2.517700e-03 2.292296e+01 2.877749e+05
2.685547e-03 2.534934e+01 2.796993e+05
2.853394e-03 2.781424e+01 2.718529e+05
3.021240e-03 3.030827e+01 2.642292e+05
3.189087e-03 3.282274e+01 2.568220e+05
3.356934e-03 3.534957e+01 2.496254e+05
3.524780e-03 3.788126e+01 2.426333e+05
3.692627e-03 4.041089e+01 2.358401e+05
3.860474e-03 4.293209e+01 2.292403e+05
4.028320e-03 4.543896e+01 2.228284e+05
4.196167e-03 4.792611e+01 2.165992e+05
4.364014e-03 5.038859e+01 2.105475e+05
4.531860e-03 5.282188e+01 2.046685e+05
4.699707e-03 5.522186e+01 1.989572e+05
4.867554e-03 5.758480e+01 1.934089e+05
5.035400e-03 5.990734e+01 1.880192e+05
5.203247e-03 6.218645e+01 1.827835e+05
5.371094e-03 6.441942e+01 1.776976e+05
5.538940e-03 6.660384e+01 1.727571e+05
5.706787e-03 6.873760e+01 1.679582e+05
5.874634e-03 7.081884e+01 1.632967e+05
6.042480e-03 7.284597e+01 1.587688e+05
6.210327e-03 7.481762e+01 1.543708e+05
6.378174e-03 7.673266e+01 1.500990e+05
6.546021e-03 7.859015e+01 1.459498e+05
6.713867e-03 8.038935e+01 1.419199e+05
6.881714e-03 8.212971e+01 1.380058e+05
7.049561e-03 8.381084e+01 1.342042e+05
7.217407e-03 8.543252e+01 1.305121e+05
7.385254e-03 8.699466e+01 1.269264e+05
7.553101e-03 8.849733e+01 1.234439e+05
7.720947e-03 8.994070e+01 1.200619e+05
7.888794e-03 9.132509e+01 1.167775e+05
8.056641e-03 9.265090e+01 1.135878e+05
8.224487e-03 9.391865e+01 1.104903e+05
8.392334e-03 9.512894e+01 1.074824e+05
8.560181e-03 9.628247e+01 1.045614e+05
8.728027e-03 9.738000e+01 1.017250e+05
8.895874e-03 9.842239e+01 9.897073e+04
9.063721e-03 9.941053e+01 9.629627e+04
9.231567e-03 1.003454e+02 9.369936e+04
9.399414e-03 1.012280e+02 9.117780e+04
9.567261e-03 1.020594e+02 8.872945e+04
9.735107e-03 1.028407e+02 8.635223e+04
9.902954e-03 1.035730e+02 8.404411e+04
1.007080e-02 1.042576e+02 8.180313e+04
1.023865e-02 1.048957e+02 7.962739e+04
1.040649e-02 1.054884e+02 7.751501e+04
1.057434e-02 1.060370e+02 7.546420e+04
1.074219e-02 1.065428e+02 7.347320e+04
1.091003e-02 1.070072e+02 7.154030e+04
1.107788e-02 1.074312e+02 6.966383e+04
1.124573e-02 1.078164e+02 6.784220e+04
1.141357e-02 1.081640e+02 6.607382e+04
1.158142e-02 1.084752e+02 6.435718e+04
1.174927e-02 1.087515e+02 6.269079e+04
1.191711e-02 1.089941e+02 6.107321e+04
1.208496e-02 1.092042e+02 5.950304e+04
1.225281e-02 1.093833e+02 5.797891e+04
1.242065e-02 1.095326e+02 5.649952e+04
1.258850e-02 1.096534e+02 5.506355e+04
1.275635e-02 1.097469e+02 5.366978e+04
1.292419e-02 1.098144e+02 5.231698e+04
1.309204e-02 1.098572e+02 5.100396e+04
1.325989e-02 1.098764e+02 4.972959e+04
1.342773e-02 1.098733e+02 4.849275e+04
1.376343e-02 1.098048e+02 4.612731e+04
1.409912e-02 1.096610e+02 4.389935e+04
1.443481e-02 1.094508e+02 4.180099e+04
1.477051e-02 1.091828e+02 3.982481e+04
1.510620e-02 1.088654e+02 3.796379e+04
1.544189e-02 1.085064e+02 3.621131e+04
1.577759e-02 1.081132e+02 3.456110e+04
1.611328e-02 1.076930e+02 3.300727e+04
1.644897e-02 1.072525e+02 3.154423e+04
1.678467e-02 1.067980e+02 3.016670e+04
1.695251e-02 1.065674e+02 2.950844e+04
1.712036e-02 1.063355e+02 2.886971e+04
1.728821e-02 1.061029e+02 2.824994e+04
1.745605e-02 1.058704e+02 2.764857e+04
1.762390e-02 1.056386e+02 2.706505e+04
1.779175e-02 1.054081e+02 2.649884e+04
1.795959e-02 1.051794e+02 2.594943e+04
1.812744e-02 1.049532e+02 2.541632e+04
1.829529e-02 1.047299e+02 2.489903e+04
1.846313e-02 1.045102e+02 2.439708e+04
1.863098e-02 1.042944e+02 2.391001e+04
1.879883e-02 1.040831e+02 2.343738e+04
1.896667e-02 1.038768e+02 2.297874e+04
1.913452e-02 1.036758e+02 2.253369e+04
1.930237e-02 1.034806e+02 2.210181e+04
1.947021e-02 1.032916e+02 2.168271e+04
1.963806e-02 1.031091e+02 2.127599e+04
1.980591e-02 1.029335e+02 2.088129e+04
1.997375e-02 1.027651e+02 2.049823e+04
2.014160e-02 1.026043e+02 2.012647e+04
2.047729e-02 1.023065e+02 1.941548e+04
2.081299e-02 1.020422e+02 1.874568e+04
2.114868e-02 1.018134e+02 1.811459e+04
2.148438e-02 1.016216e+02 1.751986e+04
2.182007e-02 1.014683e+02 1.695931e+04
2.215576e-02 1.013545e+02 1.643084e+04
2.249146e-02 1.012812e+02 1.593250e+04
2.282715e-02 1.012491e+02 1.546244e+04
2.316284e-02 1.012587e+02 1.501893e+04
2.349854e-02 1.013103e+02 1.460032e+04
2.383423e-02 1.014041e+02 1.420507e+04
2.416992e-02 1.015399e+02 1.383173e+04
2.450562e-02 1.017177e+02 1.347893e+04
2.484131e-02 1.019370e+02 1.314537e+04
2.517700e-02 1.021974e+02 1.282986e+04
2.551270e-02 1.024983e+02 1.253125e+04
2.584839e-02 1.028391e+02 1.224845e+04
2.618408e-02 1.032188e+02 1.198048e+04
2.651978e-02 1.036366e+02 1.172637e+04
2.685547e-02 1.040915e+02 1.148523e+04
2.752686e-02 1.051081e+02 1.103858e+04
2.819824e-02 1.062593e+02 1.063440e+04
2.886963e-02 1.075347e+02 1.026730e+04
2.954102e-02 1.089233e+02 9.932532e+03
3.021240e-02 1.104136e+02 9.625918e+03
3.088379e-02 1.119938e+02 9.343788e+03
3.155518e-02 1.136519e+02 9.082925e+03
3.222656e-02 1.153760e+02 8.840515e+03
3.289795e-02 1.171540e+02 8.614096e+03
3.356934e-02 1.189744e+02 8.401526e+03
3.390503e-02 1.198969e+02 8.299840e+03
3.424072e-02 1.208257e+02 8.200937e+03
3.457642e-02 1.217594e+02 8.104622e+03
3.491211e-02 1.226968e+02 8.010712e+03
3.524780e-02 1.236365e+02 7.919041e+03
3.558350e-02 1.245772e+02 7.829451e+03
3.591919e-02 1.255176e+02 7.741797e+03
3.625488e-02 1.264566e+02 7.655944e+03
3.659058e-02 1.273930e+02 7.571769e+03
3.692627e-02 1.283257e+02 7.489154e+03
3.726196e-02 1.292534e+02 7.407994e+03
3.759766e-02 1.301752e+02 7.328190e+03
3.793335e-02 1.310899e+02 7.249652e+03
3.826904e-02 1.319967e+02 7.172294e+03
3.860474e-02 1.328945e+02 7.096041e+03
3.894043e-02 1.337825e+02 7.020821e+03
3.927612e-02 1.346596e+02 6.946570e+03
3.961182e-02 1.355252e+02 6.873227e+03
3.994751e-02 1.363783e+02 6.800739e+03
4.028320e-02 1.372183e+02 6.729056e+03
4.061890e-02 1.380443e+02 6.658132e+03
4.095459e-02 1.388557e+02 6.587927e+03
4.129028e-02 1.396519e+02 6.518404e+03
4.162598e-02 1.404322e+02 6.449527e+03
4.196167e-02 1.411960e+02 6.381268e+03
4.229736e-02 1.419428e+02 6.313599e+03
4.263306e-02 1.426721e+02 6.246495e+03
4.296875e-02 1.433835e+02 6.179934e+03
4.330444e-02 1.440764e+02 6.113898e+03
4.364014e-02 1.447506e+02 6.048369e+03
4.397583e-02 1.454056e+02 5.983332e+03
4.431152e-02 1.460410e+02 5.918773e+03
4.464722e-02 1.466567e+02 5.854682e+03
4.498291e-02 1.472524e+02 5.791049e+03
4.531860e-02 1.478277e+02 5.727866e+03
4.565430e-02 1.483825e+02 5.665125e+03
4.598999e-02 1.489167e+02 5.602822e+03
4.632568e-02 1.494300e+02 5.540951e+03
4.666138e-02 1.499224e+02 5.479509e+03
4.699707e-02 1.503938e+02 5.418494e+03
4.733276e-02 1.508441e+02 5.357903e+03
4.766846e-02 1.512733e+02 5.297736e+03
4.800415e-02 1.516814e+02 5.237993e+03
4.833984e-02 1.520684e+02 5.178674e+03
4.867554e-02 1.524343e+02 5.119780e+03
4.901123e-02 1.527792e+02 5.061312e+03
4.934692e-02 1.531031e+02 5.003271e+03
4.968262e-02 1.534063e+02 4.945661e+03
5.001831e-02 1.536887e+02 4.888483e+03
5.035400e-02 1.539506e+02 4.831740e+03
5.068970e-02 1.541921e+02 4.775435e+03
5.102539e-02 1.544134e+02 4.719571e+03
5.136108e-02 1.546147e+02 4.664151e+03
5.169678e-02 1.547962e+02 4.609178e+03
5.203247e-02 1.549581e+02 4.554656e+03
5.236816e-02 1.551007e+02 4.500589e+03
5.270386e-02 1.552243e+02 4.446979e+03
5.303955e-02 1.553291e+02 4.393830e+03
5.337524e-02 1.554154e+02 4.341145e+03
5.371094e-02 1.554834e+02 4.288928e+03
5.404663e-02 1.555336e+02 4.237182e+03
5.438232e-02 1.555662e+02 4.185911e+03
5.471802e-02 1.555816e+02 4.135116e+03
5.505371e-02 1.555801e+02 4.084802e+03
5.538940e-02 1.555620e+02 4.034970e+03
5.572510e-02 1.555277e+02 3.985624e+03
5.606079e-02 1.554776e+02 3.936766e+03
5.639648e-02 1.554121e+02 3.888399e+03
5.673218e-02 1.553314e+02 3.840525e+03
5.706787e-02 1.552361e+02 3.793145e+03
5.740356e-02 1.551264e+02 3.746262e+03
5.773926e-02 1.550028e+02 3.699878e+03
5.807495e-02 1.548657e+02 3.653993e+03
5.841064e-02 1.547155e+02 3.608610e+03
5.874634e-02 1.545525e+02 3.563729e+03
5.908203e-02 1.543772e+02 3.519351e+03
5.941772e-02 1.541901e+02 3.475477e+03
5.975342e-02 1.539914e+02 3.432108e+03
6.008911e-02 1.537816e+02 3.389244e+03
6.042480e-02 1.535611e+02 3.346886e+03
6.109619e-02 1.530898e+02 3.263684e+03
6.176758e-02 1.525807e+02 3.182500e+03
6.243896e-02 1.520370e+02 3.103331e+03
6.311035e-02 1.514621e+02 3.026167e+03
6.378174e-02 1.508591e+02 2.950998e+03
6.445312e-02 1.502312e+02 2.877811e+03
6.512451e-02 1.495815e+02 2.806591e+03
6.579590e-02 1.489131e+02 2.737319e+03
6.646729e-02 1.482289e+02 2.669975e+03
6.713867e-02 1.475319e+02 2.604538e+03
6.747437e-02 1.471795e+02 2.572526e+03
6.781006e-02 1.468249e+02 2.540982e+03
6.814575e-02 1.464685e+02 2.509902e+03
6.848145e-02 1.461106e+02 2.479282e+03
6.881714e-02 1.457515e+02 2.449120e+03
6.915283e-02 1.453916e+02 2.419411e+03
6.948853e-02 1.450312e+02 2.390151e+03
6.982422e-02 1.446706e+02 2.361338e+03
7.015991e-02 1.443100e+02 2.332967e+03
7.049561e-02 1.439499e+02 2.305034e+03
7.057953e-02 1.438600e+02 2.298119e+03
7.066345e-02 1.437701e+02 2.291231e+03
7.074738e-02 1.436802e+02 2.284370e+03
7.083130e-02 1.435904e+02 2.277536e+03
7.091522e-02 1.435007e+02 2.270729e+03
7.099915e-02 1.434110e+02 2.263948e+03
7.108307e-02 1.433214e+02 2.257194e+03
7.116699e-02 1.432319e+02 2.250467e+03
7.125092e-02 1.431425e+02 2.243767e+03
7.133484e-02 1.430531e+02 2.237093e+03
7.137680e-02 1.430085e+02 2.233766e+03
7.141876e-02 1.429638e+02 2.230446e+03
7.146072e-02 1.429192e+02 2.227132e+03
7.150269e-02 1.428747e+02 2.223825e+03
7.154465e-02 1.428301e+02 2.220525e+03
7.158661e-02 1.427856e+02 2.217231e+03
7.162857e-02 1.427411e+02 2.213943e+03
7.167053e-02 1.426966e+02 2.210662e+03
7.171249e-02 1.426521e+02 2.207388e+03
7.175446e-02 1.426077e+02 2.204121e+03
7.179642e-02 1.425633e+02 2.200859e+03
7.183838e-02 1.425189e+02 2.197605e+03
7.188034e-02 1.424746e+02 2.194357e+03
7.192230e-02 1.424302e+02 2.191115e+03
7.196426e-02 1.423859e+02 2.187880e+03
7.200623e-02 1.423417e+02 2.184651e+03
7.204819e-02 1.422975e+02 2.181429e+03
7.209015e-02 1.422532e+02 2.178214e+03
7.213211e-02 1.422091e+02 2.175005e+03
7.217407e-02 1.421649e+02 2.171802e+03
7.234192e-02 1.419887e+02 2.159056e+03
7.250977e-02 1.418130e+02 2.146412e+03
7.267761e-02 1.416379e+02 2.133871e+03
7.284546e-02 1.414633e+02 2.121432e+03
7.301331e-02 1.412894e+02 2.109093e+03
7.318115e-02 1.411162e+02 2.096855e+03
7.334900e-02 1.409436e+02 2.084718e+03
7.351685e-02 1.407718e+02 2.072679e+03
7.368469e-02 1.406007e+02 2.060740e+03
7.385254e-02 1.404304e+02 2.048899e+03
7.452393e-02 1.397575e+02 2.002507e+03
7.519531e-02 1.390992e+02 1.957642e+03
7.586670e-02 1.384570e+02 1.914268e+03
7.653809e-02 1.378325e+02 1.872348e+03
7.720947e-02 1.372270e+02 1.831844e+03
7.788086e-02 1.366418e+02 1.792719e+03
7.855225e-02 1.360781e+02 1.754935e+03
7.922363e-02 1.355368e+02 1.718454e+03
7.989502e-02 1.350191e+02 1.683240e+03
8.056641e-02 1.345257e+02 1.649253e+03
8.123779e-02 1.340574e+02 1.616459e+03
8.190918e-02 1.336148e+02 1.584819e+03
8.258057e-02 1.331986e+02 1.554297e+03
8.325195e-02 1.328091e+02 1.524858e+03
8.392334e-02 1.324469e+02 1.496465e+03
8.459473e-02 1.321122e+02 1.469084e+03
8.526611e-02 1.318052e+02 1.442679e+03
8.593750e-02 1.315261e+02 1.417218e+03
8.660889e-02 1.312749e+02 1.392666e+03
8.728027e-02 1.310516e+02 1.368990e+03
8.795166e-02 1.308562e+02 1.346159e+03
8.862305e-02 1.306885e+02 1.324141e+03
8.929443e-02 1.305483e+02 1.302905e+03
8.996582e-02 1.304353e+02 1.282420e+03
9.063721e-02 1.303493e+02 1.262658e+03
9.130859e-02 1.302897e+02 1.243589e+03
9.197998e-02 1.302562e+02 1.225186e+03
9.265137e-02 1.302483e+02 1.207420e+03
9.332275e-02 1.302654e+02 1.190267e+03
9.399414e-02 1.303071e+02 1.173698e+03
9.466553e-02 1.303726e+02 1.157691e+03
9.533691e-02 1.304613e+02 1.142220e+03
9.600830e-02 1.305725e+02 1.127261e+03
9.667969e-02 1.307056e+02 1.112791e+03
9.735107e-02 1.308597e+02 1.098790e+03
9.802246e-02 1.310341e+02 1.085234e+03
9.869385e-02 1.312280e+02 1.072103e+03
9.936523e-02 1.314406e+02 1.059377e+03
1.000366e-01 1.316710e+02 1.047037e+03
1.007080e-01 1.319184e+02 1.035064e+03
1.013794e-01 1.321819e+02 1.023441e+03
1.020508e-01 1.324606e+02 1.012149e+03
1.027222e-01 1.327537e+02 1.001172e+03
1.033936e-01 1.330603e+02 9.904937e+02
1.040649e-01 1.333794e+02 9.800993e+02
1.047363e-01 1.337102e+02 9.699736e+02
1.054077e-01 1.340517e+02 9.601025e+02
1.060791e-01 1.344030e+02 9.504724e+02
1.067505e-01 1.347633e+02 9.410701e+02
1.074219e-01 1.351316e+02 9.318833e+02
1.087646e-01 1.358886e+02 9.141086e+02
1.101074e-01 1.366671e+02 8.970592e+02
1.114502e-01 1.374601e+02 8.806538e+02
1.127930e-01 1.382608e+02 8.648189e+02
1.141357e-01 1.390627e+02 8.494881e+02
1.154785e-01 1.398594e+02 8.346017e+02
1.168213e-01 1.406449e+02 8.201061e+02
1.181641e-01 1.414135e+02 8.059536e+02
1.195068e-01 1.421597e+02 7.921022e+02
1.208496e-01 1.428785e+02 7.785144e+02
1.215210e-01 1.432262e+02 7.718090e+02
1.221924e-01 1.435652e+02 7.651577e+02
1.228638e-01 1.438950e+02 7.585570e+02
1.235352e-01 1.442152e+02 7.520038e+02
1.242065e-01 1.445252e+02 7.454951e+02
1.248779e-01 1.448246e+02 7.390283e+02
1.255493e-01 1.451129e+02 7.326008e+02
1.262207e-01 1.453896e+02 7.262103e+02
1.268921e-01 1.456545e+02 7.198547e+02
1.275635e-01 1.459070e+02 7.135321e+02
1.282349e-01 1.461468e+02 7.072409e+02
1.289062e-01 1.463737e+02 7.009793e+02
1.295776e-01 1.465872e+02 6.947461e+02
1.302490e-01 1.467871e+02 6.885399e+02
1.309204e-01 1.469731e+02 6.823596e+02
1.315918e-01 1.471450e+02 6.762043e+02
1.322632e-01 1.473024e+02 6.700730e+02
1.329346e-01 1.474453e+02 6.639651e+02
1.336060e-01 1.475734e+02 6.578800e+02
1.342773e-01 1.476866e+02 6.518170e+02
1.349487e-01 1.477846e+02 6.457759e+02
1.356201e-01 1.478675e+02 6.397563e+02
1.362915e-01 1.479350e+02 6.337579e+02
1.369629e-01 1.479870e+02 6.277807e+02
1.376343e-01 1.480236e+02 6.218245e+02
1.383057e-01 1.480446e+02 6.158893e+02
1.389771e-01 1.480500e+02 6.099753e+02
1.396484e-01 1.480397e+02 6.040826e+02
1.403198e-01 1.480139e+02 5.982113e+02
1.409912e-01 1.479725e+02 5.923617e+02
1.411591e-01 1.479597e+02 5.909027e+02
1.413269e-01 1.479459e+02 5.894451e+02
1.414948e-01 1.479312e+02 5.879889e+02
1.416626e-01 1.479154e+02 5.865341e+02
1.418304e-01 1.478988e+02 5.850806e+02
1.419983e-01 1.478811e+02 5.836286e+02
1.421661e-01 1.478625e+02 5.821780e+02
1.423340e-01 1.478429e+02 5.807288e+02
1.425018e-01 1.478223e+02 5.792810e+02
1.426697e-01 1.478008e+02 5.778346e+02
1.427536e-01 1.477897e+02 5.771119e+02
1.428375e-01 1.477783e+02 5.763897e+02
1.429214e-01 1.477667e+02 5.756677e+02
1.430054e-01 1.477548e+02 5.749462e+02
1.430893e-01 1.477428e+02 5.742249e+02
1.431732e-01 1.477304e+02 5.735041e+02
1.432571e-01 1.477179e+02 5.727836e+02
1.433411e-01 1.477050e+02 5.720635e+02
1.434250e-01 1.476920e+02 5.713437e+02
1.435089e-01 1.476787e+02 5.706243e+02
1.435928e-01 1.476652e+02 5.699053e+02
1.436768e-01 1.476514e+02 5.691866e+02
1.437607e-01 1.476374e+02 5.684683e+02
1.438446e-01 1.476232e+02 5.677504e+02
1.439285e-01 1.476087e+02 5.670329e+02
1.440125e-01 1.475939e+02 5.663157e+02
1.440964e-01 1.475790e+02 5.655989e+02
1.441803e-01 1.475638e+02 5.648824e+02
1.442642e-01 1.475483e+02 5.641664e+02
1.443481e-01 1.475327e+02 5.634507e+02
1.446838e-01 1.474676e+02 5.605917e+02
1.450195e-01 1.473987e+02 5.577388e+02
1.453552e-01 1.473261e+02 5.548920e+02
1.456909e-01 1.472497e+02 5.520514e+02
1.460266e-01 1.471695e+02 5.492171e+02
1.463623e-01 1.470857e+02 5.463891e+02
1.466980e-01 1.469981e+02 5.435675e+02
1.470337e-01 1.469069e+02 5.407525e+02
1.473694e-01 1.468119e+02 5.379439e+02
1.477051e-01 1.467134e+02 5.351420e+02
1.483765e-01 1.465054e+02 5.295583e+02
1.490479e-01 1.462831e+02 5.240020e+02
1.497192e-01 1.460467e+02 5.184736e+02
1.503906e-01 1.457963e+02 5.129738e+02
1.510620e-01 1.455322e+02 5.075032e+02
1.517334e-01 1.452546e+02 5.020624e+02
1.524048e-01 1.449637e+02 4.966521e+02
1.530762e-01 1.446598e+02 4.912728e+02
1.537476e-01 1.443430e+02 4.859252e+02
1.544189e-01 1.440137e+02 4.806098e+02
1.550903e-01 1.436720e+02 4.753274e+02
1.557617e-01 1.433183e+02 4.700785e+02
1.564331e-01 1.429529e+02 4.648637e+02
1.571045e-01 1.425759e+02 4.596836e+02
1.577759e-01 1.421877e+02 4.545388e+02
1.584473e-01 1.417886e+02 4.494298e+02
1.591187e-01 1.413788e+02 4.443573e+02
1.597900e-01 1.409587e+02 4.393217e+02
1.604614e-01 1.405285e+02 4.343236e+02
1.611328e-01 1.400886e+02 4.293634e+02
1.624756e-01 1.391808e+02 4.195592e+02
1.638184e-01 1.382377e+02 4.099128e+02
1.651611e-01 1.372618e+02 4.004278e+02
1.665039e-01 1.362558e+02 3.911075e+02
1.678467e-01 1.352220e+02 3.819549e+02
1.691895e-01 1.341632e+02 3.729726e+02
1.705322e-01 1.330819e+02 3.641632e+02
1.718750e-01 1.319805e+02 3.555286e+02
1.732178e-01 1.308618e+02 3.470708e+02
1.745605e-01 1.297281e+02 3.387911e+02
1.752319e-01 1.291565e+02 3.347185e+02
1.759033e-01 1.285820e+02 3.306909e+02
1.765747e-01 1.280050e+02 3.267083e+02
1.772461e-01 1.274259e+02 3.227709e+02
1.779175e-01 1.268448e+02 3.188787e+02
1.785889e-01 1.262621e+02 3.150318e+02
1.792603e-01 1.256781e+02 3.112303e+02
1.799316e-01 1.250931e+02 3.074740e+02
1.806030e-01 1.245074e+02 3.037631e+02
1.812744e-01 1.239211e+02 3.000976e+02
1.819458e-01 1.233347e+02 2.964773e+02
1.826172e-01 1.227484e+02 2.929022e+02
1.832886e-01 1.221624e+02 2.893723e+02
1.839600e-01 1.215771e+02 2.858875e+02
1.846313e-01 1.209926e+02 2.824478e+02
1.853027e-01 1.204093e+02 2.790529e+02
1.859741e-01 1.198274e+02 2.757027e+02
1.866455e-01 1.192471e+02 2.723973e+02
1.873169e-01 1.186686e+02 2.691362e+02
1.879883e-01 1.180923e+02 2.659196e+02
1.893311e-01 1.169470e+02 2.596184e+02
1.906738e-01 1.158129e+02 2.534923e+02
1.920166e-01 1.146917e+02 2.475395e+02
1.933594e-01 1.135850e+02 2.417580e+02
1.947021e-01 1.124945e+02 2.361457e+02
1.960449e-01 1.114217e+02 2.307005e+02
1.973877e-01 1.103678e+02 2.254200e+02
1.987305e-01 1.093343e+02 2.203015e+02
2.000732e-01 1.083223e+02 2.153426e+02
2.014160e-01 1.073331e+02 2.105405e+02
2.027588e-01 1.063676e+02 2.058924e+02
2.041016e-01 1.054270e+02 2.013952e+02
2.054443e-01 1.045120e+02 1.970461e+02
2.067871e-01 1.036235e+02 1.928419e+02
2.081299e-01 1.027622e+02 1.887795e+02
2.094727e-01 1.019289e+02 1.848557e+02
2.108154e-01 1.011241e+02 1.810673e+02
2.121582e-01 1.003483e+02 1.774111e+02
2.135010e-01 9.960207e+01 1.738837e+02
2.148438e-01 9.888565e+01 1.704818e+02
2.155151e-01 9.853873e+01 1.688269e+02
2.161865e-01 9.819939e+01 1.672021e+02
2.168579e-01 9.786765e+01 1.656070e+02
2.175293e-01 9.754354e+01 1.640413e+02
2.182007e-01 9.722708e+01 1.625044e+02
2.188721e-01 9.691827e+01 1.609960e+02
2.195435e-01 9.661714e+01 1.595157e+02
2.202148e-01 9.632370e+01 1.580630e+02
2.208862e-01 9.603794e+01 1.566375e+02
2.215576e-01 9.575987e+01 1.552388e+02
2.222290e-01 9.548948e+01 1.538665e+02
2.229004e-01 9.522678e+01 1.525203e+02
2.235718e-01 9.497174e+01 1.511996e+02
2.242432e-01 9.472436e+01 1.499041e+02
2.249146e-01 9.448462e+01 1.486333e+02
2.255859e-01 9.425251e+01 1.473869e+02
2.262573e-01 9.402799e+01 1.461645e+02
2.269287e-01 9.381104e+01 1.449657e+02
2.276001e-01 9.360164e+01 1.437900e+02
2.282715e-01 9.339975e+01 1.426371e+02
2.296143e-01 9.301836e+01 1.403981e+02
2.309570e-01 9.266657e+01 1.382454e+02
2.322998e-01 9.234401e+01 1.361762e+02
2.336426e-01 9.205031e+01 1.341873e+02
2.349854e-01 9.178501e+01 1.322758e+02
2.363281e-01 9.154767e+01 1.304387e+02
2.376709e-01 9.133777e+01 1.286733e+02
2.390137e-01 9.115478e+01 1.269767e+02
2.403564e-01 9.099813e+01 1.253462e+02
2.416992e-01 9.086724e+01 1.237790e+02
2.430420e-01 9.076149e+01 1.222726e+02
2.443848e-01 9.068024e+01 1.208244e+02
2.457275e-01 9.062283e+01 1.194318e+02
2.470703e-01 9.058858e+01 1.180925e+02
2.484131e-01 9.057679e+01 1.168041e+02
2.497559e-01 9.058675e+01 1.155642e+02
2.510986e-01 9.061773e+01 1.143707e+02
2.524414e-01 9.066898e+01 1.132212e+02
2.537842e-01 9.073976e+01 1.121137e+02
2.551270e-01 9.082932e+01 1.110461e+02
2.564697e-01 9.093687e+01 1.100165e+02
2.578125e-01 9.106165e+01 1.090229e+02
2.591553e-01 9.120288e+01 1.080634e+02
2.604980e-01 9.135978e+01 1.071362e+02
2.618408e-01 9.153157e+01 1.062396e+02
2.631836e-01 9.171746e+01 1.053718e+02
2.645264e-01 9.191667e+01 1.045313e+02
2.658691e-01 9.212842e+01 1.037165e+02
2.672119e-01 9.235194e+01 1.029259e+02
2.685547e-01 9.258644e+01 1.021579e+02
2.698975e-01 9.283117e+01 1.014113e+02
2.712402e-01 9.308536e+01 1.006847e+02
2.725830e-01 9.334826e+01 9.997670e+01
2.739258e-01 9.361911e+01 9.928619e+01
2.752686e-01 9.389719e+01 9.861194e+01
2.766113e-01 9.418175e+01 9.795283e+01
2.779541e-01 9.447209e+01 9.730776e+01
2.792969e-01 9.476749e+01 9.667571e+01
2.806396e-01 9.506726e+01 9.605568e+01
2.819824e-01 9.537071e+01 9.544673e+01
2.823181e-01 9.544706e+01 9.529612e+01
2.826538e-01 9.552360e+01 9.514613e+01
2.829895e-01 9.560030e+01 9.499675e+01
2.833252e-01 9.567716e+01 9.484797e+01
2.836609e-01 9.575417e+01 9.469977e+01
2.839966e-01 9.583132e+01 9.455214e+01
2.843323e-01 9.590859e+01 9.440507e+01
2.846680e-01 9.598597e+01 9.425854e+01
2.850037e-01 9.606347e+01 9.411254e+01
2.853394e-01 9.614106e+01 9.396707e+01
2.854233e-01 9.616047e+01 9.393078e+01
2.855072e-01 9.617989e+01 9.389452e+01
2.855911e-01 9.619931e+01 9.385830e+01
2.856750e-01 9.621873e+01 9.382210e+01
2.857590e-01 9.623817e+01 9.378594e+01
2.858429e-01 9.625760e+01 9.374980e+01
2.859268e-01 9.627704e+01 9.371370e+01
2.860107e-01 9.629649e+01 9.367763e+01
2.860947e-01 9.631594e+01 9.364159e+01
2.861786e-01 9.633539e+01 9.360558e+01
2.862206e-01 9.634512e+01 9.358758e+01
2.862625e-01 9.635485e+01 9.356959e+01
2.863045e-01 9.636458e+01 9.355161e+01
2.863464e-01 9.637431e+01 9.353364e+01
2.863884e-01 9.638404e+01 9.351568e+01
2.864304e-01 9.639377e+01 9.349772e+01
2.864723e-01 9.640351e+01 9.347977e+01
2.865143e-01 9.641324e+01 9.346183e+01
2.865562e-01 9.642298e+01 9.344389e+01
2.865982e-01 9.643272e+01 9.342597e+01
2.866402e-01 9.644245e+01 9.340805e+01
2.866821e-01 9.645219e+01 9.339014e+01
2.867241e-01 9.646193e+01 9.337223e+01
2.867661e-01 9.647167e+01 9.335433e+01
2.868080e-01 9.648142e+01 9.333644e+01
2.868500e-01 9.649116e+01 9.331856e+01
2.868919e-01 9.650090e+01 9.330068e+01
2.869339e-01 9.651064e+01 9.328281e+01
2.869759e-01 9.652039e+01 9.326495e+01
2.870178e-01 9.653013e+01 9.324710e+01
2.871857e-01 9.656912e+01 9.317574e+01
2.873535e-01 9.660811e+01 9.310451e+01
2.875214e-01 9.664711e+01 9.303338e+01
2.876892e-01 9.668612e+01 9.296235e+01
2.878571e-01 9.672513e+01 9.289144e+01
2.880249e-01 9.676414e+01 9.282063e+01
2.881927e-01 9.680316e+01 9.274993e+01
2.883606e-01 9.684218e+01 9.267933e+01
2.885284e-01 9.688120e+01 9.260883e+01
2.886963e-01 9.692022e+01 9.253843e+01
2.893677e-01 9.707626e+01 9.225781e+01
2.900391e-01 9.723220e+01 9.197870e+01
2.907104e-01 9.738796e+01 9.170101e+01
2.913818e-01 9.754347e+01 9.142466e+01
2.920532e-01 9.769865e+01 9.114959e+01
2.927246e-01 9.785345e+01 9.087571e+01
2.933960e-01 9.800778e+01 9.060295e+01
2.940674e-01 9.816159e+01 9.033125e+01
2.947388e-01 9.831481e+01 9.006054e+01
2.954102e-01 9.846736e+01 8.979075e+01
2.967529e-01 9.877023e+01 8.925369e+01
2.980957e-01 9.906970e+01 8.871959e+01
2.994385e-01 9.936527e+01 8.818801e+01
3.007812e-01 9.965647e+01 8.765852e+01
3.021240e-01 9.994285e+01 8.713073e+01
3.034668e-01 1.002240e+02 8.660428e+01
3.048096e-01 1.004994e+02 8.607884e+01
3.061523e-01 1.007687e+02 8.555408e+01
3.074951e-01 1.010316e+02 8.502973e+01
3.088379e-01 1.012875e+02 8.450551e+01
3.101807e-01 1.015363e+02 8.398119e+01
3.115234e-01 1.017775e+02 8.345655e+01
3.128662e-01 1.020108e+02 8.293139e+01
3.142090e-01 1.022359e+02 8.240552e+01
3.155518e-01 1.024525e+02 8.187880e+01
3.168945e-01 1.026603e+02 8.135106e+01
3.182373e-01 1.028591e+02 8.082220e+01
3.195801e-01 1.030486e+02 8.029209e+01
3.209229e-01 1.032285e+02 7.976065e+01
3.222656e-01 1.033988e+02 7.922779e+01
3.236084e-01 1.035591e+02 7.869346e+01
3.249512e-01 1.037092e+02 7.815759e+01
3.262939e-01 1.038490e+02 7.762016e+01
3.276367e-01 1.039784e+02 7.708112e+01
3.289795e-01 1.040971e+02 7.654048e+01
3.303223e-01 1.042051e+02 7.599821e+01
3.316650e-01 1.043022e+02 7.545433e+01
3.330078e-01 1.043883e+02 7.490884e+01
3.343506e-01 1.044633e+02 7.436178e+01
3.356934e-01 1.045272e+02 7.381317e+01
3.370361e-01 1.045798e+02 7.326306e+01
3.383789e-01 1.046211e+02 7.271148e+01
3.397217e-01 1.046511e+02 7.215849e+01
3.410645e-01 1.046697e+02 7.160415e+01
3.424072e-01 1.046769e+02 7.104852e+01
3.437500e-01 1.046726e+02 7.049167e+01
3.450928e-01 1.046569e+02 6.993368e+01
3.464355e-01 1.046298e+02 6.937463e+01
3.477783e-01 1.045913e+02 6.881460e+01
3.491211e-01 1.045413e+02 6.825368e+01
3.504639e-01 1.044801e+02 6.769195e+01
3.518066e-01 1.044074e+02 6.712951e+01
3.531494e-01 1.043235e+02 6.656647e+01
3.544922e-01 1.042284e+02 6.600291e+01
3.558350e-01 1.041222e+02 6.543893e+01
3.571777e-01 1.040049e+02 6.487465e+01
3.585205e-01 1.038765e+02 6.431015e+01
3.598633e-01 1.037373e+02 6.374556e+01
3.612061e-01 1.035872e+02 6.318097e+01
3.625488e-01 1.034264e+02 6.261649e+01
3.638916e-01 1.032550e+02 6.205223e+01
3.652344e-01 1.030732e+02 6.148829e+01
3.665771e-01 1.028809e+02 6.092479e+01
3.679199e-01 1.026784e+02 6.036183e+01
3.692627e-01 1.024657e+02 5.979953e+01
3.706055e-01 1.022430e+02 5.923798e+01
3.719482e-01 1.020105e+02 5.867729e+01
3.732910e-01 1.017683e+02 5.811758e+01
3.746338e-01 1.015165e+02 5.755894e+01
3.759766e-01 1.012552e+02 5.700148e+01
3.773193e-01 1.009847e+02 5.644530e+01
3.786621e-01 1.007051e+02 5.589051e+01
3.800049e-01 1.004166e+02 5.533721e+01
3.813477e-01 1.001192e+02 5.478549e+01
3.826904e-01 9.981328e+01 5.423545e+01
3.840332e-01 9.949886e+01 5.368719e+01
3.853760e-01 9.917616e+01 5.314081e+01
3.867188e-01 9.884535e+01 5.259639e+01
3.880615e-01 9.850661e+01 5.205403e+01
3.894043e-01 9.816012e+01 5.151382e+01
3.907471e-01 9.780604e+01 5.097584e+01
3.920898e-01 9.744457e+01 5.044018e+01
3.934326e-01 9.707588e+01 4.990692e+01
3.947754e-01 9.670016e+01 4.937615e+01
3.961182e-01 9.631759e+01 4.884794e+01
3.974609e-01 9.592835e+01 4.832237e+01
3.988037e-01 9.553263e+01 4.779951e+01
4.001465e-01 9.513060e+01 4.727945e+01
4.014893e-01 9.472247e+01 4.676224e+01
4.028320e-01 9.430841e+01 4.624796e+01
4.055176e-01 9.346326e+01 4.522845e+01
4.082031e-01 9.259662e+01 4.422141e+01
4.108887e-01 9.170997e+01 4.322732e+01
4.135742e-01 9.080478e+01 4.224662e+01
4.162598e-01 8.988252e+01 4.127970e+01
4.189453e-01 8.894460e+01 4.032692e+01
4.216309e-01 8.799247e+01 3.938863e+01
4.243164e-01 8.702751e+01 3.846512e+01
4.270020e-01 8.605111e+01 3.755666e+01
4.296875e-01 8.506462e+01 3.666348e+01
4.350586e-01 8.306657e+01 3.492375e+01
4.404297e-01 8.104354e+01 3.324722e+01
4.458008e-01 7.900523e+01 3.163474e+01
4.511719e-01 7.696073e+01 3.008675e+01
4.565430e-01 7.491855e+01 2.860330e+01
4.619141e-01 7.288661e+01 2.718413e+01
4.672852e-01 7.087219e+01 2.582867e+01
4.726562e-01 6.888196e+01 2.453606e+01
4.780273e-01 6.692197e+01 2.330523e+01
4.833984e-01 6.499768e+01 2.213490e+01
4.860840e-01 6.405046e+01 2.157197e+01
4.887695e-01 6.311395e+01 2.102361e+01
4.914551e-01 6.218865e+01 2.048961e+01
4.941406e-01 6.127505e+01 1.996975e+01
4.968262e-01 6.037361e+01 1.946383e+01
4.995117e-01 5.948473e+01 1.897161e+01
5.021973e-01 5.860880e+01 1.849287e+01
5.048828e-01 5.774618e+01 1.802736e+01
5.075684e-01 5.689719e+01 1.757486e+01
5.102539e-01 5.606210e+01 1.713511e+01
5.129395e-01 5.524120e+01 1.670787e+01
5.156250e-01 5.443471e+01 1.629289e+01
5.183105e-01 5.364285e+01 1.588993e+01
5.209961e-01 5.286578e+01 1.549872e+01
5.236816e-01 5.210367e+01 1.511902e+01
5.263672e-01 5.135664e+01 1.475058e+01
5.290527e-01 5.062481e+01 1.439314e+01
5.317383e-01 4.990825e+01 1.404645e+01
5.344238e-01 4.920703e+01 1.371026e+01
5.371094e-01 4.852119e+01 1.338431e+01
5.397949e-01 4.785074e+01 1.306836e+01
5.424805e-01 4.719570e+01 1.276216e+01
5.451660e-01 4.655603e+01 1.246547e+01
5.478516e-01 4.593172e+01 1.217803e+01
5.505371e-01 4.532269e+01 1.189961e+01
5.532227e-01 4.472890e+01 1.162996e+01
5.559082e-01 4.415024e+01 1.136886e+01
5.585938e-01 4.358663e+01 1.111607e+01
5.612793e-01 4.303796e+01 1.087136e+01
5.639648e-01 4.250409e+01 1.063449e+01
5.646362e-01 4.237292e+01 1.057648e+01
5.653076e-01 4.224267e+01 1.051894e+01
5.659790e-01 4.211333e+01 1.046186e+01
5.666504e-01 4.198490e+01 1.040526e+01
5.673218e-01 4.185738e+01 1.034912e+01
5.679932e-01 4.173076e+01 1.029343e+01
5.686646e-01 4.160505e+01 1.023821e+01
5.693359e-01 4.148024e+01 1.018343e+01
5.700073e-01 4.135632e+01 1.012911e+01
5.706787e-01 4.123330e+01 1.007523e+01
5.710144e-01 4.117213e+01 1.004846e+01
5.713501e-01 4.111117e+01 1.002179e+01
5.716858e-01 4.105045e+01 9.995240e+00
5.720215e-01 4.098994e+01 9.968796e+00
5.723572e-01 4.092965e+01 9.942462e+00
5.726929e-01 4.086959e+01 9.916236e+00
5.730286e-01 4.080975e+01 9.890118e+00
5.733643e-01 4.075012e+01 9.864108e+00
5.737000e-01 4.069072e+01 9.838206e+00
5.740356e-01 4.063154e+01 9.812410e+00
5.743713e-01 4.057258e+01 9.786721e+00
5.747070e-01 4.051383e+01 9.761138e+00
5.750427e-01 4.045531e+01 9.735661e+00
5.753784e-01 4.039701e+01 9.710290e+00
5.757141e-01 4.033892e+01 9.685023e+00
5.760498e-01 4.028105e+01 9.659861e+00
5.763855e-01 4.022340e+01 9.634803e+00
5.767212e-01 4.016597e+01 9.609849e+00
5.770569e-01 4.010875e+01 9.584998e+00
5.773926e-01 4.005175e+01 9.560250e+00
5.787354e-01 3.982591e+01 9.462281e+00
5.800781e-01 3.960350e+01 9.365927e+00
5.814209e-01 3.938451e+01 9.271164e+00
5.827637e-01 3.916890e+01 9.177968e+00
5.841064e-01 3.895664e+01 9.086312e+00
5.854492e-01 3.874772e+01 8.996175e+00
5.867920e-01 3.854211e+01 8.907530e+00
5.881348e-01 3.833978e+01 8.820355e+00
5.894775e-01 3.814070e+01 8.734626e+00
5.908203e-01 3.794485e+01 8.650320e+00
5.935059e-01 3.756271e+01 8.485883e+00
5.961914e-01 3.719313e+01 8.326864e+00
5.988770e-01 3.683589e+01 8.173087e+00
6.015625e-01 3.649074e+01 8.024377e+00
6.042480e-01 3.615746e+01 7.880567e+00
6.069336e-01 3.583578e+01 7.741492e+00
6.096191e-01 3.552548e+01 7.606991e+00
6.123047e-01 3.522630e+01 7.476907e+00
6.149902e-01 3.493799e+01 7.351088e+00
6.176758e-01 3.466030e+01 7.229385e+00
6.203613e-01 3.439299e+01 7.111654e+00
6.230469e-01 3.413579e+01 6.997753e+00
6.257324e-01 3.388845e+01 6.887546e+00
6.284180e-01 3.365072e+01 6.780899e+00
6.311035e-01 3.342234e+01 6.677683e+00
6.337891e-01 3.320307e+01 6.577773e+00
6.364746e-01 3.299264e+01 6.481045e+00
6.391602e-01 3.279081e+01 6.387383e+00
6.418457e-01 3.259733e+01 6.296669e+00
6.445312e-01 3.241194e+01 6.208794e+00
6.472168e-01 3.223441e+01 6.123649e+00
6.499023e-01 3.206448e+01 6.041129e+00
6.525879e-01 3.190191e+01 5.961132e+00
6.552734e-01 3.174646e+01 5.883561e+00
6.579590e-01 3.159789e+01 5.808320e+00
6.606445e-01 3.145597e+01 5.735318e+00
6.633301e-01 3.132046e+01 5.664464e+00
6.660156e-01 3.119113e+01 5.595673e+00
6.687012e-01 3.106775e+01 5.528863e+00
6.713867e-01 3.095011e+01 5.463952e+00
6.740723e-01 3.083798e+01 5.400862e+00
6.767578e-01 3.073114e+01 5.339520e+00
6.794434e-01 3.062937e+01 5.279852e+00
6.821289e-01 3.053248e+01 5.221789e+00
6.848145e-01 3.044025e+01 5.165264e+00
6.875000e-01 3.035247e+01 5.110211e+00
6.901855e-01 3.026896e+01 5.056569e+00
6.928711e-01 3.018951e+01 5.004277e+00
6.955566e-01 3.011393e+01 4.953277e+00
6.982422e-01 3.004204e+01 4.903514e+00
7.009277e-01 2.997365e+01 4.854933e+00
7.036133e-01 2.990858e+01 4.807484e+00
7.062988e-01 2.984666e+01 4.761117e+00
7.089844e-01 2.978771e+01 4.715783e+00
7.116699e-01 2.973156e+01 4.671438e+00
7.143555e-01 2.967806e+01 4.628038e+00
7.170410e-01 2.962704e+01 4.585539e+00
7.197266e-01 2.957835e+01 4.543903e+00
7.224121e-01 2.953184e+01 4.503089e+00
7.250977e-01 2.948735e+01 4.463062e+00
7.277832e-01 2.944475e+01 4.423784e+00
7.304688e-01 2.940389e+01 4.385223e+00
7.331543e-01 2.936465e+01 4.347345e+00
7.358398e-01 2.932688e+01 4.310120e+00
7.385254e-01 2.929046e+01 4.273517e+00
7.412109e-01 2.925526e+01 4.237507e+00
7.438965e-01 2.922117e+01 4.202065e+00
7.465820e-01 2.918807e+01 4.167163e+00
7.492676e-01 2.915585e+01 4.132777e+00
7.519531e-01 2.912439e+01 4.098882e+00
7.573242e-01 2.906336e+01 4.032481e+00
7.626953e-01 2.900418e+01 3.967789e+00
7.680664e-01 2.894611e+01 3.904656e+00
7.734375e-01 2.888845e+01 3.842943e+00
7.788086e-01 2.883057e+01 3.782526e+00
7.841797e-01 2.877188e+01 3.723293e+00
7.895508e-01 2.871185e+01 3.665146e+00
7.949219e-01 2.864999e+01 3.607993e+00
8.002930e-01 2.858584e+01 3.551756e+00
8.056641e-01 2.851902e+01 3.496364e+00
8.110352e-01 2.844915e+01 3.441755e+00
8.164062e-01 2.837591e+01 3.387874e+00
8.217773e-01 2.829903e+01 3.334674e+00
8.271484e-01 2.821825e+01 3.282111e+00
8.325195e-01 2.813336e+01 3.230151e+00
8.378906e-01 2.804418e+01 3.178763e+00
8.432617e-01 2.795055e+01 3.127920e+00
8.486328e-01 2.785234e+01 3.077600e+00
8.540039e-01 2.774947e+01 3.027786e+00
8.593750e-01 2.764186e+01 2.978461e+00
8.647461e-01 2.752946e+01 2.929615e+00
8.701172e-01 2.741224e+01 2.881238e+00
8.754883e-01 2.729020e+01 2.833324e+00
8.808594e-01 2.716335e+01 2.785867e+00
8.862305e-01 2.703172e+01 2.738864e+00
8.916016e-01 2.689535e+01 2.692314e+00
8.969727e-01 2.675430e+01 2.646216e+00
9.023438e-01 2.660865e+01 2.600573e+00
9.077148e-01 2.645849e+01 2.555385e+00
9.130859e-01 2.630391e+01 2.510655e+00
9.184570e-01 2.614502e+01 2.466388e+00
9.238281e-01 2.598193e+01 2.422586e+00
9.291992e-01 2.581478e+01 2.379254e+00
9.345703e-01 2.564369e+01 2.336397e+00
9.399414e-01 2.546880e+01 2.294019e+00
9.453125e-01 2.529025e+01 2.252125e+00
9.506836e-01 2.510821e+01 2.210720e+00
9.560547e-01 2.492280e+01 2.169809e+00
9.614258e-01 2.473420e+01 2.129397e+00
9.667969e-01 2.454257e+01 2.089487e+00
9.721680e-01 2.434805e+01 2.050084e+00
9.775391e-01 2.415082e+01 2.011193e+00
9.829102e-01 2.395103e+01 1.972817e+00
9.882812e-01 2.374886e+01 1.934959e+00
9.936523e-01 2.354446e+01 1.897623e+00
9.990234e-01 2.333800e+01 1.860811e+00
1.004395e+00 2.312963e+01 1.824527e+00
1.009766e+00 2.291953e+01 1.788771e+00
1.015137e+00 2.270785e+01 1.753546e+00
1.020508e+00 2.249475e+01 1.718852e+00
1.025879e+00 2.228037e+01 1.684692e+00
1.031250e+00 2.206489e+01 1.651064e+00
1.036621e+00 2.184844e+01 1.617970e+00
1.041992e+00 2.163118e+01 1.585409e+00
1.047363e+00 2.141325e+01 1.553381e+00
1.052734e+00 2.119478e+01 1.521884e+00
1.058105e+00 2.097593e+01 1.490917e+00
1.063477e+00 2.075682e+01 1.460479e+00
1.068848e+00 2.053759e+01 1.430566e+00
1.074219e+00 2.031836e+01 1.401178e+00
1.079590e+00 2.009926e+01 1.372311e+00
1.084961e+00 1.988041e+01 1.343963e+00
1.090332e+00 1.966192e+01 1.316129e+00
1.095703e+00 1.944390e+01 1.288807e+00
1.101074e+00 1.922648e+01 1.261992e+00
1.106445e+00 1.900974e+01 1.235681e+00
1.111816e+00 1.879380e+01 1.209869e+00
1.117188e+00 1.857874e+01 1.184552e+00
1.122559e+00 1.836467e+01 1.159725e+00
1.127930e+00 1.815167e+01 1.135384e+00
1.129272e+00 1.809859e+01 1.129373e+00
1.130615e+00 1.804560e+01 1.123393e+00
1.131958e+00 1.799267e+01 1.117442e+00
1.133301e+00 1.793982e+01 1.111522e+00
1.134644e+00 1.788705e+01 1.105631e+00
1.135986e+00 1.783436e+01 1.099769e+00
1.137329e+00 1.778175e+01 1.093937e+00
1.138672e+00 1.772922e+01 1.088135e+00
1.140015e+00 1.767677e+01 1.082361e+00
1.141357e+00 1.762441e+01 1.076617e+00
1.142029e+00 1.759826e+01 1.073756e+00
1.142700e+00 1.757213e+01 1.070903e+00
1.143372e+00 1.754602e+01 1.068056e+00
1.144043e+00 1.751994e+01 1.065217e+00
1.144714e+00 1.749387e+01 1.062385e+00
1.145386e+00 1.746783e+01 1.059560e+00
1.146057e+00 1.744181e+01 1.056743e+00
1.146729e+00 1.741581e+01 1.053932e+00
1.147400e+00 1.738984e+01 1.051129e+00
1.148071e+00 1.736389e+01 1.048333e+00
1.148743e+00 1.733796e+01 1.045544e+00
1.149414e+00 1.731205e+01 1.042763e+00
1.150085e+00 1.728616e+01 1.039988e+00
1.150757e+00 1.726030e+01 1.037221e+00
1.151428e+00 1.723446e+01 1.034461e+00
1.152100e+00 1.720865e+01 1.031708e+00
1.152771e+00 1.718285e+01 1.028962e+00
1.153442e+00 1.715708e+01 1.026223e+00
1.154114e+00 1.713134e+01 1.023491e+00
1.154785e+00 1.710562e+01 1.020767e+00
1.157471e+00 1.700297e+01 1.009939e+00
1.160156e+00 1.690072e+01 9.992228e-01
1.162842e+00 1.679886e+01 9.886186e-01
1.165527e+00 1.669741e+01 9.781251e-01
1.168213e+00 1.659638e+01 9.677417e-01
1.170898e+00 1.649576e+01 9.574676e-01
1.173584e+00 1.639557e+01 9.473020e-01
1.176270e+00 1.629582e+01 9.372441e-01
1.178955e+00 1.619651e+01 9.272932e-01
1.181641e+00 1.609765e+01 9.174484e-01
1.192383e+00 1.570678e+01 8.791155e-01
1.203125e+00 1.532354e+01 8.424179e-01
1.213867e+00 1.494822e+01 8.073043e-01
1.224609e+00 1.458110e+01 7.737227e-01
1.235352e+00 1.422241e+01 7.416211e-01
1.246094e+00 1.387232e+01 7.109478e-01
1.256836e+00 1.353098e+01 6.816510e-01
1.267578e+00 1.319849e+01 6.536797e-01
1.278320e+00 1.287494e+01 6.269833e-01
1.289062e+00 1.256036e+01 6.015121e-01
1.299805e+00 1.225477e+01 5.772171e-01
1.310547e+00 1.195816e+01 5.540505e-01
1.321289e+00 1.167048e+01 5.319653e-01
1.332031e+00 1.139169e+01 5.109158e-01
1.342773e+00 1.112169e+01 4.908575e-01
1.353516e+00 1.086040e+01 4.717471e-01
1.364258e+00 1.060769e+01 4.535425e-01
1.375000e+00 1.036344e+01 4.362030e-01
1.385742e+00 1.012751e+01 4.196892e-01
1.396484e+00 9.899736e+00 4.039630e-01
1.401855e+00 9.788862e+00 3.963838e-01
1.407227e+00 9.679966e+00 3.889877e-01
1.412598e+00 9.573026e+00 3.817706e-01
1.417969e+00 9.468022e+00 3.747279e-01
1.423340e+00 9.364929e+00 3.678556e-01
1.428711e+00 9.263725e+00 3.611495e-01
1.434082e+00 9.164386e+00 3.546055e-01
1.439453e+00 9.066889e+00 3.482197e-01
1.444824e+00 8.971209e+00 3.419882e-01
1.450195e+00 8.877323e+00 3.359071e-01
1.455566e+00 8.785206e+00 3.299727e-01
1.460938e+00 8.694833e+00 3.241814e-01
1.466309e+00 8.606178e+00 3.185295e-01
1.471680e+00 8.519219e+00 3.130137e-01
1.477051e+00 8.433928e+00 3.076303e-01
1.482422e+00 8.350281e+00 3.023762e-01
1.487793e+00 8.268253e+00 2.972480e-01
1.493164e+00 8.187818e+00 2.922424e-01
1.498535e+00 8.108951e+00 2.873564e-01
1.503906e+00 8.031626e+00 2.825869e-01
1.514648e+00 7.881504e+00 2.733855e-01
1.525391e+00 7.737248e+00 2.646150e-01
1.536133e+00 7.598659e+00 2.562534e-01
1.546875e+00 7.465536e+00 2.482794e-01
1.557617e+00 7.337683e+00 2.406731e-01
1.568359e+00 7.214905e+00 2.334154e-01
1.579102e+00 7.097009e+00 2.264881e-01
1.589844e+00 6.983807e+00 2.198738e-01
1.600586e+00 6.875113e+00 2.135561e-01
1.611328e+00 6.770746e+00 2.075194e-01
1.622070e+00 6.670528e+00 2.017488e-01
1.632812e+00 6.574286e+00 1.962303e-01
1.643555e+00 6.481848e+00 1.909504e-01
1.654297e+00 6.393051e+00 1.858966e-01
1.665039e+00 6.307733e+00 1.810567e-01
1.675781e+00 6.225738e+00 1.764194e-01
1.686523e+00 6.146913e+00 1.719739e-01
1.697266e+00 6.071113e+00 1.677099e-01
1.708008e+00 5.998193e+00 1.636179e-01
1.718750e+00 5.928016e+00 1.596886e-01
1.740234e+00 5.795359e+00 1.522842e-01
1.761719e+00 5.672130e+00 1.454331e-01
1.783203e+00 5.557386e+00 1.390782e-01
1.804688e+00 5.450253e+00 1.331689e-01
1.826172e+00 5.349925e+00 1.276599e-01
1.847656e+00 5.255660e+00 1.225110e-01
1.869141e+00 5.166780e+00 1.176864e-01
1.890625e+00 5.082663e+00 1.131542e-01
1.912109e+00 5.002745e+00 1.088862e-01
1.933594e+00 4.926512e+00 1.048574e-01
1.955078e+00 4.853500e+00 1.010455e-01
1.976562e+00 4.783290e+00 9.743067e-02
1.998047e+00 4.715506e+00 9.399551e-02
2.019531e+00 4.649812e+00 9.072446e-02
2.041016e+00 4.585909e+00 8.760379e-02
2.062500e+00 4.523529e+00 8.462129e-02
2.083984e+00 4.462440e+00 8.176615e-02
2.105469e+00 4.402433e+00 7.902878e-02
2.126953e+00 4.343330e+00 7.640066e-02
2.148438e+00 4.284974e+00 7.387421e-02
2.159180e+00 4.256033e+00 7.264698e-02
2.169922e+00 4.227230e+00 7.144270e-02
2.180664e+00 4.198551e+00 7.026064e-02
2.191406e+00 4.169984e+00 6.910011e-02
2.202148e+00 4.141517e+00 6.796047e-02
2.212891e+00 4.113139e+00 6.684111e-02
2.223633e+00 4.084841e+00 6.574142e-02
2.234375e+00 4.056613e+00 6.466088e-02
2.245117e+00 4.028448e+00 6.359894e-02
2.255859e+00 4.000339e+00 6.255513e-02
2.261230e+00 3.986304e+00 6.203987e-02
2.266602e+00 3.972280e+00 6.152896e-02
2.271973e+00 3.958267e+00 6.102236e-02
2.277344e+00 3.944264e+00 6.052000e-02
2.282715e+00 3.930271e+00 6.002184e-02
2.288086e+00 3.916287e+00 5.952782e-02
2.293457e+00 3.902311e+00 5.903789e-02
2.298828e+00 3.888344e+00 5.855201e-02
2.304199e+00 3.874385e+00 5.807013e-02
2.309570e+00 3.860433e+00 5.759221e-02
2.314941e+00 3.846487e+00 5.711819e-02
2.320312e+00 3.832548e+00 5.664803e-02
2.325684e+00 3.818616e+00 5.618170e-02
2.331055e+00 3.804689e+00 5.571914e-02
2.336426e+00 3.790769e+00 5.526032e-02
2.341797e+00 3.776853e+00 5.480521e-02
2.347168e+00 3.762943e+00 5.435374e-02
2.352539e+00 3.749038e+00 5.390590e-02
2.357910e+00 3.735138e+00 5.346165e-02
2.363281e+00 3.721243e+00 5.302094e-02
2.384766e+00 3.665711e+00 5.129286e-02
2.406250e+00 3.610253e+00 4.961880e-02
2.427734e+00 3.554872e+00 4.799675e-02
2.449219e+00 3.499577e+00 4.642486e-02
2.470703e+00 3.444379e+00 4.490140e-02
2.492188e+00 3.389291e+00 4.342478e-02
2.513672e+00 3.334332e+00 4.199348e-02
2.535156e+00 3.279521e+00 4.060608e-02
2.556641e+00 3.224877e+00 3.926123e-02
2.578125e+00 3.170425e+00 3.795768e-02
2.599609e+00 3.116187e+00 3.669420e-02
2.621094e+00 3.062186e+00 3.546963e-02
2.642578e+00 3.008448e+00 3.428286e-02
2.664062e+00 2.954997e+00 3.313282e-02
2.685547e+00 2.901858e+00 3.201848e-02
2.707031e+00 2.849053e+00 3.093885e-02
2.728516e+00 2.796608e+00 2.989295e-02
2.750000e+00 2.744544e+00 2.887985e-02
2.771484e+00 2.692885e+00 2.789865e-02
2.792969e+00 2.641653e+00 2.694845e-02
2.803711e+00 2.616203e+00 2.648470e-02
2.814453e+00 2.590867e+00 2.602839e-02
2.825195e+00 2.565648e+00 2.557940e-02
2.835938e+00 2.540549e+00 2.513763e-02
2.846680e+00 2.515570e+00 2.470298e-02
2.857422e+00 2.490716e+00 2.427536e-02
2.868164e+00 2.465988e+00 2.385465e-02
2.878906e+00 2.441387e+00 2.344076e-02
2.889648e+00 2.416917e+00 2.303360e-02
2.900391e+00 2.392579e+00 2.263307e-02
2.911133e+00 2.368376e+00 2.223907e-02
2.921875e+00 2.344308e+00 2.185151e-02
2.932617e+00 2.320378e+00 2.147030e-02
2.943359e+00 2.296588e+00 2.109535e-02
2.954102e+00 2.272939e+00 2.072655e-02
2.964844e+00 2.249433e+00 2.036384e-02
2.975586e+00 2.226072e+00 2.000711e-02
2.986328e+00 2.202856e+00 1.965627e-02
2.997070e+00 2.179788e+00 1.931125e-02
3.007812e+00 2.156868e+00 1.897196e-02
3.050781e+00 2.066702e+00 1.767037e-02
3.093750e+00 1.979005e+00 1.645382e-02
3.136719e+00 1.893836e+00 1.531727e-02
3.179688e+00 1.811236e+00 1.425595e-02
3.222656e+00 1.731231e+00 1.326530e-02
3.265625e+00 1.653838e+00 1.234100e-02
3.308594e+00 1.579059e+00 1.147893e-02
3.351562e+00 1.506887e+00 1.067520e-02
3.394531e+00 1.437305e+00 9.926122e-03
3.437500e+00 1.370289e+00 9.228198e-03
3.480469e+00 1.305804e+00 8.578134e-03
3.523438e+00 1.243813e+00 7.972823e-03
3.566406e+00 1.184270e+00 7.409333e-03
3.609375e+00 1.127124e+00 6.884903e-03
3.652344e+00 1.072322e+00 6.396937e-03
3.695312e+00 1.019806e+00 5.942998e-03
3.738281e+00 9.695174e-01 5.520797e-03
3.781250e+00 9.213925e-01 5.128189e-03
3.824219e+00 8.753681e-01 4.763162e-03
3.867188e+00 8.313791e-01 4.423833e-03
3.910156e+00 7.893597e-01 4.108439e-03
3.953125e+00 7.492439e-01 3.815331e-03
3.996094e+00 7.109655e-01 3.542969e-03
4.039062e+00 6.744586e-01 3.289912e-03
4.082031e+00 6.396579e-01 3.054817e-03
4.125000e+00 6.064987e-01 2.836430e-03
4.167969e+00 5.749175e-01 2.633582e-03
4.210938e+00 5.448518e-01 2.445181e-03
4.253906e+00 5.162404e-01 2.270211e-03
4.296875e+00 4.890234e-01 2.107727e-03
4.318359e+00 4.759196e-01 2.030889e-03
4.339844e+00 4.631425e-01 1.956846e-03
4.361328e+00 4.506852e-01 1.885497e-03
4.382812e+00 4.385408e-01 1.816747e-03
4.404297e+00 4.267023e-01 1.750499e-03
4.425781e+00 4.151631e-01 1.686665e-03
4.447266e+00 4.039164e-01 1.625157e-03
4.468750e+00 3.929557e-01 1.565891e-03
4.490234e+00 3.822745e-01 1.508785e-03
4.511719e+00 3.718666e-01 1.453762e-03
4.533203e+00 3.617256e-01 1.400745e-03
4.554688e+00 3.518455e-01 1.349662e-03
4.576172e+00 3.422201e-01 1.300442e-03
4.597656e+00 3.328436e-01 1.253018e-03
4.619141e+00 3.237103e-01 1.207325e-03
4.640625e+00 3.148144e-01 1.163300e-03
4.662109e+00 3.061504e-01 1.120883e-03
4.683594e+00 2.977128e-01 1.080014e-03
4.705078e+00 2.894962e-01 1.040637e-03
4.726562e+00 2.814952e-01 1.002698e-03
4.769531e+00 2.661197e-01 9.309272e-04
4.812500e+00 2.515461e-01 8.643034e-04
4.855469e+00 2.377358e-01 8.024581e-04
4.898438e+00 2.246517e-01 7.450489e-04
4.941406e+00 2.122585e-01 6.917578e-04
4.984375e+00 2.005220e-01 6.422893e-04
5.027344e+00 1.894098e-01 5.963693e-04
5.070312e+00 1.788906e-01 5.537431e-04
5.113281e+00 1.689349e-01 5.141741e-04
5.156250e+00 1.595141e-01 4.774427e-04
5.242188e+00 1.421700e-01 4.116925e-04
5.328125e+00 1.266557e-01 3.550308e-04
5.414062e+00 1.127872e-01 3.061987e-04
5.500000e+00 1.003973e-01 2.641113e-04
5.585938e+00 8.933488e-02 2.278343e-04
5.671875e+00 7.946288e-02 1.965627e-04
5.757812e+00 7.065773e-02 1.696035e-04
5.843750e+00 6.280791e-02 1.463596e-04
5.929688e+00 5.581298e-02 1.263170e-04
6.015625e+00 4.958253e-02 1.090328e-04
6.101562e+00 4.403528e-02 9.412581e-05
6.187500e+00 3.909825e-02 8.126752e-05
6.273438e+00 3.470594e-02 7.017507e-05
6.359375e+00 3.079964e-02 6.060478e-05
6.445312e+00 2.732673e-02 5.234676e-05
6.531250e+00 2.424011e-02 4.522017e-05
6.617188e+00 2.149765e-02 3.906918e-05
6.703125e+00 1.906168e-02 3.375954e-05
6.789062e+00 1.689852e-02 2.917555e-05
6.875000e+00 1.497811e-02 2.521748e-05
7.046875e+00 1.176124e-02 1.884733e-05
7.218750e+00 9.229466e-03 1.409427e-05
7.390625e+00 7.238563e-03 1.054582e-05
7.562500e+00 5.674181e-03 7.895190e-06
7.734375e+00 4.445804e-03 5.914118e-06
7.906250e+00 3.481871e-03 4.432633e-06
8.078125e+00 2.725888e-03 3.324122e-06
8.250000e+00 2.133299e-03 2.494216e-06
8.421875e+00 1.669009e-03 1.872541e-06
8.593750e+00 1.305396e-03 1.406588e-06
8.765625e+00 1.020741e-03 1.057158e-06
8.937500e+00 7.979732e-04 7.949619e-07
9.109375e+00 6.237016e-04 5.981221e-07
9.281250e+00 4.874054e-04 4.502643e-07
9.453125e+00 3.808246e-04 3.391285e-07
9.625000e+00 2.974939e-04 2.555446e-07
9.796875e+00 2.323637e-04 1.926563e-07
9.968750e+00 1.814804e-04 1.453244e-07
1.014062e+01 1.417306e-04 1.096792e-07
1.031250e+01 1.106794e-04 8.281880e-08
1.065625e+01 6.748435e-05 4.729164e-08
1.100000e+01 4.113577e-05 2.705356e-08
1.134375e+01 2.506616e-05 1.550118e-08
1.168750e+01 1.526994e-05 8.895786e-09
1.203125e+01 9.303065e-06 5.114400e-09
1.237500e+01 5.669928e-06 2.946302e-09
1.271875e+01 3.456346e-06 1.700272e-09
1.306250e+01 2.106747e-06 9.825393e-10
1.340625e+01 1.283050e-06 5.680925e-10
1.375000e+01 7.819185e-07 3.291139e-10
1.443750e+01 2.902279e-07 1.108014e-10
1.512500e+01 1.080540e-07 3.758722e-11
1.581250e+01 4.023584e-08 1.280567e-11
1.650000e+01 1.475280e-08 4.312178e-12
1.718750e+01 5.583550e-09 1.504094e-12
1.787500e+01 2.223010e-09 5.536552e-13
1.856250e+01 6.666194e-10 1.539555e-13
1.925000e+01 2.462523e-10 5.288212e-14
1.993750e+01 2.770921e-10 5.547188e-14
2.062500e+01 4.995008e-11 9.344119e-15
2.131250e+01 2.550139e-11 4.467711e-15
2.200000e+01 1.673342e-11 2.751246e-15
2.268750e+01 1.375809e-11 2.127036e-15
2.337500e+01 1.293028e-11 1.883192e-15
2.406250e+01 1.292329e-11 1.776159e-15
2.475000e+01 1.319665e-11 1.714366e-15
2.543750e+01 1.354715e-11 1.666054e-15
2.612500e+01 1.394189e-11 1.625546e-15
2.681250e+01 1.433936e-11 1.587250e-15
2.750000e+01 1.471228e-11 1.548120e-15
3.025000e+01 1.609979e-11 1.400102e-15
3.300000e+01 1.729059e-11 1.263491e-15
3.575000e+01 1.829630e-11 1.139204e-15
3.850000e+01 1.907980e-11 1.024336e-15
4.125000e+01 1.957594e-11 9.155136e-16
4.400000e+01 1.975937e-11 8.121905e-16
4.675000e+01 1.970876e-11 7.176063e-16
4.950000e+01 1.963070e-11 6.375518e-16
5.225000e+01 1.982048e-11 5.777389e-16
5.500000e+01 2.055086e-11 5.406232e-16
6.050000e+01 2.372872e-11 5.158860e-16
6.600000e+01 2.767222e-11 5.055292e-16
7.150000e+01 2.847067e-11 4.431755e-16
7.700000e+01 2.665892e-11 3.578089e-16
8.250000e+01 2.647120e-11 3.094966e-16
8.800000e+01 2.870522e-11 2.949753e-16
9.350000e+01 2.828567e-11 2.574740e-16
9.900000e+01 1.979674e-11 1.607361e-16
1.045000e+02 6.433230e-12 4.687989e-17
1.100000e+02 0.000000e+00 0.000000e+00
