# 
# Output from RAtom program.
# 
# Total radial electron density.
# The first column contains radius $r$ in bohr units.
# The second column holds $\rho(r)$.
# The third column holds $\tilde{\rho}(r) = \rho(r) / (\pi * r * r)$
# 
# Use this file with gnuplot to create the plot.
# 
# R     Rho     RhoTilde
#
0.000000e+00 0.000000e+00 7.747859e+04
1.831055e-04 3.207453e-02 7.612858e+04
3.662109e-04 1.260627e-01 7.480215e+04
5.493164e-04 2.786992e-01 7.349887e+04
7.324219e-04 4.868332e-01 7.221837e+04
9.155273e-04 7.474249e-01 7.096024e+04
1.098633e-03 1.057543e+00 6.972409e+04
1.281738e-03 1.414359e+00 6.850956e+04
1.464844e-03 1.815150e+00 6.731627e+04
1.647949e-03 2.257288e+00 6.614384e+04
1.831055e-03 2.738243e+00 6.499193e+04
2.014160e-03 3.255577e+00 6.386017e+04
2.197266e-03 3.806943e+00 6.274822e+04
2.380371e-03 4.390083e+00 6.165574e+04
2.563477e-03 5.002821e+00 6.058239e+04
2.746582e-03 5.643066e+00 5.952784e+04
2.929688e-03 6.308807e+00 5.849177e+04
3.112793e-03 6.998108e+00 5.747385e+04
3.295898e-03 7.709112e+00 5.647378e+04
3.479004e-03 8.440032e+00 5.549124e+04
3.662109e-03 9.189154e+00 5.452592e+04
4.028320e-03 1.073548e+01 5.264581e+04
4.394531e-03 1.233572e+01 5.083110e+04
4.760742e-03 1.397848e+01 4.907956e+04
5.126953e-03 1.565331e+01 4.738902e+04
5.493164e-03 1.735067e+01 4.575738e+04
5.859375e-03 1.906180e+01 4.418261e+04
6.225586e-03 2.077875e+01 4.266277e+04
6.591797e-03 2.249428e+01 4.119595e+04
6.958008e-03 2.420183e+01 3.978034e+04
7.324219e-03 2.589547e+01 3.841417e+04
7.690430e-03 2.756989e+01 3.709573e+04
8.056641e-03 2.922029e+01 3.582339e+04
8.422852e-03 3.084243e+01 3.459556e+04
8.789062e-03 3.243251e+01 3.341070e+04
9.155273e-03 3.398720e+01 3.226732e+04
9.521484e-03 3.550359e+01 3.116400e+04
9.887695e-03 3.697916e+01 3.009935e+04
1.025391e-02 3.841173e+01 2.907203e+04
1.062012e-02 3.979948e+01 2.808076e+04
1.098633e-02 4.114087e+01 2.712429e+04
1.135254e-02 4.243466e+01 2.620142e+04
1.171875e-02 4.367988e+01 2.531098e+04
1.208496e-02 4.487580e+01 2.445186e+04
1.245117e-02 4.602190e+01 2.362296e+04
1.281738e-02 4.711789e+01 2.282324e+04
1.318359e-02 4.816363e+01 2.205168e+04
1.354980e-02 4.915921e+01 2.130732e+04
1.391602e-02 5.010481e+01 2.058921e+04
1.428223e-02 5.100081e+01 1.989644e+04
1.464844e-02 5.184769e+01 1.922813e+04
1.501465e-02 5.264606e+01 1.858342e+04
1.538086e-02 5.339661e+01 1.796150e+04
1.574707e-02 5.410017e+01 1.736158e+04
1.611328e-02 5.475762e+01 1.678289e+04
1.647949e-02 5.536992e+01 1.622469e+04
1.684570e-02 5.593810e+01 1.568627e+04
1.721191e-02 5.646326e+01 1.516693e+04
1.757812e-02 5.694653e+01 1.466602e+04
1.794434e-02 5.738911e+01 1.418289e+04
1.831055e-02 5.779220e+01 1.371692e+04
1.867676e-02 5.815706e+01 1.326752e+04
1.904297e-02 5.848497e+01 1.283409e+04
1.940918e-02 5.877722e+01 1.241609e+04
1.977539e-02 5.903511e+01 1.201297e+04
2.014160e-02 5.925997e+01 1.162421e+04
2.050781e-02 5.945312e+01 1.124932e+04
2.087402e-02 5.961590e+01 1.088779e+04
2.124023e-02 5.974961e+01 1.053917e+04
2.160645e-02 5.985559e+01 1.020301e+04
2.197266e-02 5.993514e+01 9.878854e+03
2.233887e-02 5.998957e+01 9.566291e+03
2.270508e-02 6.002017e+01 9.264913e+03
2.307129e-02 6.002820e+01 8.974324e+03
2.343750e-02 6.001493e+01 8.694145e+03
2.380371e-02 5.998159e+01 8.424007e+03
2.416992e-02 5.992939e+01 8.163558e+03
2.453613e-02 5.985953e+01 7.912454e+03
2.490234e-02 5.977318e+01 7.670365e+03
2.526855e-02 5.967148e+01 7.436972e+03
2.563477e-02 5.955556e+01 7.211967e+03
2.600098e-02 5.942650e+01 6.995052e+03
2.636719e-02 5.928536e+01 6.785940e+03
2.673340e-02 5.913320e+01 6.584354e+03
2.709961e-02 5.897101e+01 6.390026e+03
2.746582e-02 5.879977e+01 6.202698e+03
2.783203e-02 5.862044e+01 6.022120e+03
2.819824e-02 5.843394e+01 5.848052e+03
2.856445e-02 5.824115e+01 5.680261e+03
2.893066e-02 5.804294e+01 5.518522e+03
2.929688e-02 5.784015e+01 5.362619e+03
3.002930e-02 5.742396e+01 5.067491e+03
3.076172e-02 5.699866e+01 4.793289e+03
3.149414e-02 5.656984e+01 4.538533e+03
3.222656e-02 5.614264e+01 4.301847e+03
3.295898e-02 5.572175e+01 4.081946e+03
3.369141e-02 5.531143e+01 3.877633e+03
3.442383e-02 5.491552e+01 3.687796e+03
3.515625e-02 5.453745e+01 3.511397e+03
3.588867e-02 5.418029e+01 3.347470e+03
3.662109e-02 5.384670e+01 3.195116e+03
3.680420e-02 5.376727e+01 3.158737e+03
3.698730e-02 5.368950e+01 3.123015e+03
3.717041e-02 5.361341e+01 3.087940e+03
3.735352e-02 5.353904e+01 3.053499e+03
3.753662e-02 5.346641e+01 3.019679e+03
3.771973e-02 5.339556e+01 2.986470e+03
3.790283e-02 5.332651e+01 2.953860e+03
3.808594e-02 5.325928e+01 2.921838e+03
3.826904e-02 5.319391e+01 2.890393e+03
3.845215e-02 5.313041e+01 2.859513e+03
3.863525e-02 5.306881e+01 2.829189e+03
3.881836e-02 5.300913e+01 2.799410e+03
3.900146e-02 5.295139e+01 2.770165e+03
3.918457e-02 5.289560e+01 2.741445e+03
3.936768e-02 5.284179e+01 2.713239e+03
3.955078e-02 5.278997e+01 2.685539e+03
3.973389e-02 5.274016e+01 2.658334e+03
3.991699e-02 5.269237e+01 2.631615e+03
4.010010e-02 5.264662e+01 2.605372e+03
4.028320e-02 5.260292e+01 2.579598e+03
4.064941e-02 5.252172e+01 2.529417e+03
4.101562e-02 5.244884e+01 2.481003e+03
4.138184e-02 5.238436e+01 2.434290e+03
4.174805e-02 5.232834e+01 2.389212e+03
4.211426e-02 5.228081e+01 2.345709e+03
4.248047e-02 5.224180e+01 2.303720e+03
4.284668e-02 5.221134e+01 2.263188e+03
4.321289e-02 5.218942e+01 2.224057e+03
4.357910e-02 5.217603e+01 2.186274e+03
4.394531e-02 5.217117e+01 2.149788e+03
4.467773e-02 5.218688e+01 2.080507e+03
4.541016e-02 5.223619e+01 2.015838e+03
4.614258e-02 5.231862e+01 1.955432e+03
4.687500e-02 5.243353e+01 1.898964e+03
4.760742e-02 5.258018e+01 1.846132e+03
4.833984e-02 5.275770e+01 1.796659e+03
4.907227e-02 5.296516e+01 1.750283e+03
4.980469e-02 5.320152e+01 1.706765e+03
5.053711e-02 5.346566e+01 1.665882e+03
5.126953e-02 5.375641e+01 1.627428e+03
5.200195e-02 5.407254e+01 1.591210e+03
5.273438e-02 5.441279e+01 1.557053e+03
5.346680e-02 5.477583e+01 1.524792e+03
5.419922e-02 5.516032e+01 1.494276e+03
5.493164e-02 5.556491e+01 1.465364e+03
5.566406e-02 5.598821e+01 1.437927e+03
5.639648e-02 5.642882e+01 1.411845e+03
5.712891e-02 5.688537e+01 1.387008e+03
5.786133e-02 5.735644e+01 1.363313e+03
5.859375e-02 5.784066e+01 1.340667e+03
6.005859e-02 5.884304e+01 1.298180e+03
6.152344e-02 5.988168e+01 1.258934e+03
6.298828e-02 6.094610e+01 1.222409e+03
6.445312e-02 6.202625e+01 1.188168e+03
6.591797e-02 6.311259e+01 1.155842e+03
6.738281e-02 6.419615e+01 1.125125e+03
6.884766e-02 6.526854e+01 1.095761e+03
7.031250e-02 6.632202e+01 1.067537e+03
7.177734e-02 6.734950e+01 1.040279e+03
7.324219e-02 6.834455e+01 1.013845e+03
7.360840e-02 6.858756e+01 1.007351e+03
7.397461e-02 6.882809e+01 1.000900e+03
7.434082e-02 6.906606e+01 9.944893e+02
7.470703e-02 6.930140e+01 9.881188e+02
7.507324e-02 6.953402e+01 9.817867e+02
7.543945e-02 6.976387e+01 9.754918e+02
7.580566e-02 6.999085e+01 9.692328e+02
7.617188e-02 7.021491e+01 9.630086e+02
7.653809e-02 7.043598e+01 9.568183e+02
7.690430e-02 7.065399e+01 9.506609e+02
7.708740e-02 7.076183e+01 9.475941e+02
7.727051e-02 7.086888e+01 9.445353e+02
7.745361e-02 7.097514e+01 9.414842e+02
7.763672e-02 7.108060e+01 9.384408e+02
7.781982e-02 7.118525e+01 9.354050e+02
7.800293e-02 7.128909e+01 9.323766e+02
7.818604e-02 7.139210e+01 9.293556e+02
7.836914e-02 7.149428e+01 9.263419e+02
7.855225e-02 7.159563e+01 9.233353e+02
7.873535e-02 7.169614e+01 9.203359e+02
7.891846e-02 7.179580e+01 9.173436e+02
7.910156e-02 7.189461e+01 9.143582e+02
7.928467e-02 7.199256e+01 9.113796e+02
7.946777e-02 7.208964e+01 9.084079e+02
7.965088e-02 7.218585e+01 9.054429e+02
7.983398e-02 7.228119e+01 9.024846e+02
8.001709e-02 7.237564e+01 8.995329e+02
8.020020e-02 7.246921e+01 8.965878e+02
8.038330e-02 7.256188e+01 8.936491e+02
8.056641e-02 7.265366e+01 8.907169e+02
8.129883e-02 7.301172e+01 8.790511e+02
8.203125e-02 7.335507e+01 8.674843e+02
8.276367e-02 7.368347e+01 8.560137e+02
8.349609e-02 7.399669e+01 8.446370e+02
8.422852e-02 7.429455e+01 8.333526e+02
8.496094e-02 7.457689e+01 8.221590e+02
8.569336e-02 7.484358e+01 8.110551e+02
8.642578e-02 7.509453e+01 8.000402e+02
8.715820e-02 7.532966e+01 7.891137e+02
8.789062e-02 7.554892e+01 7.782754e+02
8.862305e-02 7.575230e+01 7.675251e+02
8.935547e-02 7.593979e+01 7.568630e+02
9.008789e-02 7.611144e+01 7.462893e+02
9.082031e-02 7.626728e+01 7.358044e+02
9.155273e-02 7.640739e+01 7.254089e+02
9.228516e-02 7.653187e+01 7.151033e+02
9.301758e-02 7.664082e+01 7.048882e+02
9.375000e-02 7.673438e+01 6.947644e+02
9.448242e-02 7.681270e+01 6.847328e+02
9.521484e-02 7.687593e+01 6.747940e+02
9.594727e-02 7.692427e+01 6.649490e+02
9.667969e-02 7.695791e+01 6.551986e+02
9.741211e-02 7.697706e+01 6.455436e+02
9.814453e-02 7.698195e+01 6.359850e+02
9.887695e-02 7.697281e+01 6.265235e+02
9.960938e-02 7.694989e+01 6.171599e+02
1.003418e-01 7.691346e+01 6.078952e+02
1.010742e-01 7.686377e+01 5.987300e+02
1.018066e-01 7.680111e+01 5.896651e+02
1.025391e-01 7.672577e+01 5.807012e+02
1.032715e-01 7.663804e+01 5.718389e+02
1.040039e-01 7.653823e+01 5.630789e+02
1.047363e-01 7.642664e+01 5.544217e+02
1.054688e-01 7.630359e+01 5.458679e+02
1.062012e-01 7.616941e+01 5.374179e+02
1.069336e-01 7.602440e+01 5.290721e+02
1.076660e-01 7.586892e+01 5.208309e+02
1.083984e-01 7.570327e+01 5.126946e+02
1.091309e-01 7.552781e+01 5.046635e+02
1.098633e-01 7.534288e+01 4.967378e+02
1.105957e-01 7.514880e+01 4.889176e+02
1.113281e-01 7.494592e+01 4.812030e+02
1.120605e-01 7.473459e+01 4.735941e+02
1.127930e-01 7.451515e+01 4.660909e+02
1.135254e-01 7.428793e+01 4.586933e+02
1.142578e-01 7.405329e+01 4.514012e+02
1.149902e-01 7.381157e+01 4.442144e+02
1.157227e-01 7.356310e+01 4.371328e+02
1.164551e-01 7.330823e+01 4.301560e+02
1.171875e-01 7.304729e+01 4.232838e+02
1.201172e-01 7.194952e+01 3.968330e+02
1.230469e-01 7.078098e+01 3.720194e+02
1.259766e-01 6.956177e+01 3.488038e+02
1.289062e-01 6.831085e+01 3.271387e+02
1.318359e-01 6.704590e+01 3.069692e+02
1.347656e-01 6.578319e+01 2.882350e+02
1.376953e-01 6.453749e+01 2.708718e+02
1.406250e-01 6.332203e+01 2.548120e+02
1.435547e-01 6.214852e+01 2.399861e+02
1.464844e-01 6.102708e+01 2.263238e+02
1.472168e-01 6.075591e+01 2.230817e+02
1.479492e-01 6.048865e+01 2.199068e+02
1.486816e-01 6.022543e+01 2.167981e+02
1.494141e-01 5.996636e+01 2.137543e+02
1.501465e-01 5.971154e+01 2.107745e+02
1.508789e-01 5.946107e+01 2.078575e+02
1.516113e-01 5.921504e+01 2.050023e+02
1.523438e-01 5.897353e+01 2.022078e+02
1.530762e-01 5.873664e+01 1.994730e+02
1.538086e-01 5.850443e+01 1.967966e+02
1.539917e-01 5.844712e+01 1.961366e+02
1.541748e-01 5.839011e+01 1.954801e+02
1.543579e-01 5.833339e+01 1.948272e+02
1.545410e-01 5.827698e+01 1.941778e+02
1.547241e-01 5.822087e+01 1.935320e+02
1.549072e-01 5.816506e+01 1.928897e+02
1.550903e-01 5.810956e+01 1.922509e+02
1.552734e-01 5.805436e+01 1.916155e+02
1.554565e-01 5.799947e+01 1.909836e+02
1.556396e-01 5.794488e+01 1.903552e+02
1.558228e-01 5.789060e+01 1.897302e+02
1.560059e-01 5.783663e+01 1.891086e+02
1.561890e-01 5.778297e+01 1.884904e+02
1.563721e-01 5.772962e+01 1.878756e+02
1.565552e-01 5.767658e+01 1.872642e+02
1.567383e-01 5.762385e+01 1.866561e+02
1.569214e-01 5.757143e+01 1.860514e+02
1.571045e-01 5.751933e+01 1.854500e+02
1.572876e-01 5.746754e+01 1.848518e+02
1.574707e-01 5.741606e+01 1.842570e+02
1.578369e-01 5.731406e+01 1.830772e+02
1.582031e-01 5.721333e+01 1.819103e+02
1.585693e-01 5.711387e+01 1.807562e+02
1.589355e-01 5.701569e+01 1.796149e+02
1.593018e-01 5.691879e+01 1.784862e+02
1.596680e-01 5.682318e+01 1.773699e+02
1.600342e-01 5.672885e+01 1.762660e+02
1.604004e-01 5.663583e+01 1.751744e+02
1.607666e-01 5.654410e+01 1.740948e+02
1.611328e-01 5.645367e+01 1.730272e+02
1.625977e-01 5.610505e+01 1.688743e+02
1.640625e-01 5.577747e+01 1.649037e+02
1.655273e-01 5.547102e+01 1.611079e+02
1.669922e-01 5.518574e+01 1.574797e+02
1.684570e-01 5.492161e+01 1.540122e+02
1.699219e-01 5.467855e+01 1.506984e+02
1.713867e-01 5.445643e+01 1.475316e+02
1.728516e-01 5.425509e+01 1.445054e+02
1.743164e-01 5.407428e+01 1.416134e+02
1.757812e-01 5.391376e+01 1.388496e+02
1.772461e-01 5.377322e+01 1.362081e+02
1.787109e-01 5.365231e+01 1.336830e+02
1.801758e-01 5.355066e+01 1.312690e+02
1.816406e-01 5.346786e+01 1.289606e+02
1.831055e-01 5.340347e+01 1.267526e+02
1.845703e-01 5.335702e+01 1.246402e+02
1.860352e-01 5.332802e+01 1.226184e+02
1.875000e-01 5.331596e+01 1.206827e+02
1.889648e-01 5.332031e+01 1.188285e+02
1.904297e-01 5.334051e+01 1.170518e+02
1.918945e-01 5.337600e+01 1.153482e+02
1.933594e-01 5.342619e+01 1.137140e+02
1.948242e-01 5.349050e+01 1.121452e+02
1.962891e-01 5.356830e+01 1.106384e+02
1.977539e-01 5.365901e+01 1.091899e+02
1.992188e-01 5.376198e+01 1.077966e+02
2.006836e-01 5.387661e+01 1.064552e+02
2.021484e-01 5.400226e+01 1.051626e+02
2.036133e-01 5.413831e+01 1.039160e+02
2.050781e-01 5.428412e+01 1.027127e+02
2.080078e-01 5.460250e+01 1.004253e+02
2.109375e-01 5.495240e+01 9.828092e+01
2.138672e-01 5.532888e+01 9.626174e+01
2.167969e-01 5.572710e+01 9.435187e+01
2.197266e-01 5.614232e+01 9.253699e+01
2.226562e-01 5.656999e+01 9.080432e+01
2.255859e-01 5.700572e+01 8.914243e+01
2.285156e-01 5.744528e+01 8.754123e+01
2.314453e-01 5.788467e+01 8.599178e+01
2.343750e-01 5.832011e+01 8.448622e+01
2.373047e-01 5.874803e+01 8.301772e+01
2.402344e-01 5.916508e+01 8.158030e+01
2.431641e-01 5.956816e+01 8.016883e+01
2.460938e-01 5.995441e+01 7.877893e+01
2.490234e-01 6.032117e+01 7.740686e+01
2.519531e-01 6.066606e+01 7.604952e+01
2.548828e-01 6.098691e+01 7.470431e+01
2.578125e-01 6.128175e+01 7.336913e+01
2.607422e-01 6.154888e+01 7.204232e+01
2.636719e-01 6.178679e+01 7.072259e+01
2.666016e-01 6.199417e+01 6.940897e+01
2.695312e-01 6.216993e+01 6.810081e+01
2.724609e-01 6.231317e+01 6.679770e+01
2.753906e-01 6.242316e+01 6.549944e+01
2.783203e-01 6.249937e+01 6.420606e+01
2.812500e-01 6.254142e+01 6.291770e+01
2.841797e-01 6.254909e+01 6.163467e+01
2.871094e-01 6.252231e+01 6.035738e+01
2.900391e-01 6.246115e+01 5.908634e+01
2.929688e-01 6.236581e+01 5.782213e+01
2.944336e-01 6.230542e+01 5.719279e+01
2.958984e-01 6.223662e+01 5.656539e+01
2.973633e-01 6.215946e+01 5.594003e+01
2.988281e-01 6.207400e+01 5.531679e+01
3.002930e-01 6.198032e+01 5.469576e+01
3.017578e-01 6.187850e+01 5.407703e+01
3.032227e-01 6.176861e+01 5.346070e+01
3.046875e-01 6.165074e+01 5.284686e+01
3.061523e-01 6.152499e+01 5.223559e+01
3.076172e-01 6.139145e+01 5.162700e+01
3.079834e-01 6.135686e+01 5.147527e+01
3.083496e-01 6.132179e+01 5.132373e+01
3.087158e-01 6.128625e+01 5.117236e+01
3.090820e-01 6.125023e+01 5.102116e+01
3.094482e-01 6.121373e+01 5.087014e+01
3.098145e-01 6.117677e+01 5.071931e+01
3.101807e-01 6.113933e+01 5.056865e+01
3.105469e-01 6.110142e+01 5.041818e+01
3.109131e-01 6.106305e+01 5.026789e+01
3.112793e-01 6.102421e+01 5.011778e+01
3.113708e-01 6.101443e+01 5.008029e+01
3.114624e-01 6.100462e+01 5.004280e+01
3.115540e-01 6.099478e+01 5.000533e+01
3.116455e-01 6.098491e+01 4.996787e+01
3.117371e-01 6.097502e+01 4.993042e+01
3.118286e-01 6.096509e+01 4.989298e+01
3.119202e-01 6.095513e+01 4.985555e+01
3.120117e-01 6.094515e+01 4.981814e+01
3.121033e-01 6.093514e+01 4.978073e+01
3.121948e-01 6.092510e+01 4.974334e+01
3.122864e-01 6.091503e+01 4.970596e+01
3.123779e-01 6.090493e+01 4.966860e+01
3.124695e-01 6.089480e+01 4.963124e+01
3.125610e-01 6.088465e+01 4.959390e+01
3.126526e-01 6.087446e+01 4.955657e+01
3.127441e-01 6.086425e+01 4.951925e+01
3.128357e-01 6.085401e+01 4.948194e+01
3.129272e-01 6.084374e+01 4.944465e+01
3.130188e-01 6.083345e+01 4.940737e+01
3.131104e-01 6.082312e+01 4.937010e+01
3.132935e-01 6.080238e+01 4.929559e+01
3.134766e-01 6.078153e+01 4.922114e+01
3.136597e-01 6.076057e+01 4.914673e+01
3.138428e-01 6.073949e+01 4.907237e+01
3.140259e-01 6.071831e+01 4.899806e+01
3.142090e-01 6.069700e+01 4.892380e+01
3.143921e-01 6.067559e+01 4.884959e+01
3.145752e-01 6.065407e+01 4.877543e+01
3.147583e-01 6.063243e+01 4.870132e+01
3.149414e-01 6.061068e+01 4.862726e+01
3.156738e-01 6.052257e+01 4.833151e+01
3.164062e-01 6.043270e+01 4.803658e+01
3.171387e-01 6.034109e+01 4.774247e+01
3.178711e-01 6.024774e+01 4.744919e+01
3.186035e-01 6.015267e+01 4.715675e+01
3.193359e-01 6.005590e+01 4.686517e+01
3.200684e-01 5.995745e+01 4.657446e+01
3.208008e-01 5.985733e+01 4.628462e+01
3.215332e-01 5.975557e+01 4.599566e+01
3.222656e-01 5.965216e+01 4.570760e+01
3.237305e-01 5.944053e+01 4.513419e+01
3.251953e-01 5.922258e+01 4.456448e+01
3.266602e-01 5.899843e+01 4.399854e+01
3.281250e-01 5.876825e+01 4.343644e+01
3.295898e-01 5.853216e+01 4.287825e+01
3.310547e-01 5.829033e+01 4.232404e+01
3.325195e-01 5.804288e+01 4.177388e+01
3.339844e-01 5.778998e+01 4.122782e+01
3.354492e-01 5.753176e+01 4.068593e+01
3.369141e-01 5.726838e+01 4.014827e+01
3.383789e-01 5.700000e+01 3.961488e+01
3.398438e-01 5.672675e+01 3.908584e+01
3.413086e-01 5.644879e+01 3.856118e+01
3.427734e-01 5.616627e+01 3.804095e+01
3.442383e-01 5.587934e+01 3.752520e+01
3.457031e-01 5.558816e+01 3.701398e+01
3.471680e-01 5.529287e+01 3.650732e+01
3.486328e-01 5.499363e+01 3.600526e+01
3.500977e-01 5.469058e+01 3.550784e+01
3.515625e-01 5.438389e+01 3.501509e+01
3.544922e-01 5.376013e+01 3.404373e+01
3.574219e-01 5.312356e+01 3.309139e+01
3.603516e-01 5.247534e+01 3.215826e+01
3.632812e-01 5.181663e+01 3.124448e+01
3.662109e-01 5.114859e+01 3.035017e+01
3.691406e-01 5.047233e+01 2.947541e+01
3.720703e-01 4.978896e+01 2.862023e+01
3.750000e-01 4.909955e+01 2.778466e+01
3.779297e-01 4.840514e+01 2.696868e+01
3.808594e-01 4.770677e+01 2.617224e+01
3.837891e-01 4.700543e+01 2.539528e+01
3.867188e-01 4.630208e+01 2.463770e+01
3.896484e-01 4.559766e+01 2.389939e+01
3.925781e-01 4.489306e+01 2.318020e+01
3.955078e-01 4.418917e+01 2.247997e+01
3.984375e-01 4.348680e+01 2.179853e+01
4.013672e-01 4.278678e+01 2.113567e+01
4.042969e-01 4.208986e+01 2.049117e+01
4.072266e-01 4.139679e+01 1.986482e+01
4.101562e-01 4.070827e+01 1.925635e+01
4.130859e-01 4.002496e+01 1.866553e+01
4.160156e-01 3.934751e+01 1.809206e+01
4.189453e-01 3.867652e+01 1.753569e+01
4.218750e-01 3.801256e+01 1.699611e+01
4.248047e-01 3.735616e+01 1.647304e+01
4.277344e-01 3.670783e+01 1.596616e+01
4.306641e-01 3.606805e+01 1.547518e+01
4.335938e-01 3.543726e+01 1.499976e+01
4.365234e-01 3.481587e+01 1.453959e+01
4.394531e-01 3.420427e+01 1.409436e+01
4.423828e-01 3.360280e+01 1.366373e+01
4.453125e-01 3.301180e+01 1.324737e+01
4.482422e-01 3.243156e+01 1.284495e+01
4.511719e-01 3.186236e+01 1.245615e+01
4.541016e-01 3.130443e+01 1.208064e+01
4.570312e-01 3.075801e+01 1.171808e+01
4.599609e-01 3.022328e+01 1.136815e+01
4.628906e-01 2.970042e+01 1.103052e+01
4.658203e-01 2.918958e+01 1.070486e+01
4.687500e-01 2.869089e+01 1.039086e+01
4.716797e-01 2.820443e+01 1.008819e+01
4.746094e-01 2.773029e+01 9.796522e+00
4.775391e-01 2.726854e+01 9.515557e+00
4.804688e-01 2.681922e+01 9.244981e+00
4.833984e-01 2.638236e+01 8.984487e+00
4.863281e-01 2.595796e+01 8.733775e+00
4.892578e-01 2.554602e+01 8.492546e+00
4.921875e-01 2.514652e+01 8.260509e+00
4.951172e-01 2.475940e+01 8.037376e+00
4.980469e-01 2.438462e+01 7.822863e+00
5.009766e-01 2.402211e+01 7.616694e+00
5.039062e-01 2.367179e+01 7.418596e+00
5.068359e-01 2.333356e+01 7.228303e+00
5.097656e-01 2.300732e+01 7.045554e+00
5.126953e-01 2.269296e+01 6.870092e+00
5.156250e-01 2.239034e+01 6.701667e+00
5.185547e-01 2.209933e+01 6.540036e+00
5.214844e-01 2.181979e+01 6.384959e+00
5.244141e-01 2.155156e+01 6.236203e+00
5.273438e-01 2.129448e+01 6.093540e+00
5.302734e-01 2.104839e+01 5.956749e+00
5.332031e-01 2.081311e+01 5.825613e+00
5.361328e-01 2.058845e+01 5.699923e+00
5.390625e-01 2.037423e+01 5.579473e+00
5.419922e-01 2.017027e+01 5.464063e+00
5.449219e-01 1.997635e+01 5.353500e+00
5.478516e-01 1.979229e+01 5.247596e+00
5.507812e-01 1.961788e+01 5.146167e+00
5.537109e-01 1.945290e+01 5.049035e+00
5.566406e-01 1.929716e+01 4.956029e+00
5.595703e-01 1.915044e+01 4.866980e+00
5.625000e-01 1.901252e+01 4.781728e+00
5.654297e-01 1.888319e+01 4.700113e+00
5.683594e-01 1.876223e+01 4.621985e+00
5.712891e-01 1.864942e+01 4.547196e+00
5.742188e-01 1.854455e+01 4.475603e+00
5.771484e-01 1.844738e+01 4.407069e+00
5.800781e-01 1.835771e+01 4.341459e+00
5.830078e-01 1.827532e+01 4.278646e+00
5.859375e-01 1.819998e+01 4.218503e+00
5.888672e-01 1.813147e+01 4.160912e+00
5.917969e-01 1.806959e+01 4.105756e+00
5.947266e-01 1.801412e+01 4.052924e+00
5.976562e-01 1.796483e+01 4.002306e+00
6.005859e-01 1.792152e+01 3.953799e+00
6.035156e-01 1.788397e+01 3.907303e+00
6.064453e-01 1.785199e+01 3.862722e+00
6.093750e-01 1.782535e+01 3.819961e+00
6.123047e-01 1.780386e+01 3.778933e+00
6.152344e-01 1.778731e+01 3.739549e+00
6.159668e-01 1.778392e+01 3.729951e+00
6.166992e-01 1.778083e+01 3.720449e+00
6.174316e-01 1.777802e+01 3.711042e+00
6.181641e-01 1.777551e+01 3.701729e+00
6.188965e-01 1.777327e+01 3.692509e+00
6.196289e-01 1.777132e+01 3.683380e+00
6.203613e-01 1.776965e+01 3.674341e+00
6.210938e-01 1.776825e+01 3.665392e+00
6.218262e-01 1.776712e+01 3.656531e+00
6.225586e-01 1.776626e+01 3.647756e+00
6.232910e-01 1.776567e+01 3.639067e+00
6.240234e-01 1.776534e+01 3.630462e+00
6.247559e-01 1.776527e+01 3.621941e+00
6.254883e-01 1.776546e+01 3.613501e+00
6.262207e-01 1.776590e+01 3.605143e+00
6.269531e-01 1.776659e+01 3.596865e+00
6.276855e-01 1.776753e+01 3.588666e+00
6.284180e-01 1.776872e+01 3.580545e+00
6.291504e-01 1.777015e+01 3.572500e+00
6.298828e-01 1.777182e+01 3.564531e+00
6.313477e-01 1.777586e+01 3.548817e+00
6.328125e-01 1.778083e+01 3.533394e+00
6.342773e-01 1.778670e+01 3.518253e+00
6.357422e-01 1.779345e+01 3.503387e+00
6.372070e-01 1.780105e+01 3.488789e+00
6.386719e-01 1.780949e+01 3.474450e+00
6.401367e-01 1.781874e+01 3.460363e+00
6.416016e-01 1.782879e+01 3.446522e+00
6.430664e-01 1.783960e+01 3.432919e+00
6.445312e-01 1.785116e+01 3.419547e+00
6.503906e-01 1.790446e+01 3.368239e+00
6.562500e-01 1.796810e+01 3.320118e+00
6.621094e-01 1.804080e+01 3.274813e+00
6.679688e-01 1.812138e+01 3.231984e+00
6.738281e-01 1.820869e+01 3.191322e+00
6.796875e-01 1.830165e+01 3.152550e+00
6.855469e-01 1.839924e+01 3.115413e+00
6.914062e-01 1.850047e+01 3.079684e+00
6.972656e-01 1.860443e+01 3.045159e+00
7.031250e-01 1.871026e+01 3.011653e+00
7.089844e-01 1.881716e+01 2.979003e+00
7.148438e-01 1.892437e+01 2.947062e+00
7.207031e-01 1.903118e+01 2.915702e+00
7.265625e-01 1.913695e+01 2.884808e+00
7.324219e-01 1.924106e+01 2.854280e+00
7.382812e-01 1.934296e+01 2.824030e+00
7.441406e-01 1.944213e+01 2.793985e+00
7.500000e-01 1.953811e+01 2.764077e+00
7.558594e-01 1.963046e+01 2.734253e+00
7.617188e-01 1.971880e+01 2.704465e+00
7.675781e-01 1.980278e+01 2.674676e+00
7.734375e-01 1.988209e+01 2.644854e+00
7.792969e-01 1.995645e+01 2.614975e+00
7.851562e-01 2.002561e+01 2.585019e+00
7.910156e-01 2.008936e+01 2.554972e+00
7.968750e-01 2.014753e+01 2.524826e+00
8.027344e-01 2.019994e+01 2.494575e+00
8.085938e-01 2.024649e+01 2.464218e+00
8.144531e-01 2.028707e+01 2.433757e+00
8.203125e-01 2.032159e+01 2.403196e+00
8.261719e-01 2.035001e+01 2.372542e+00
8.320312e-01 2.037228e+01 2.341804e+00
8.378906e-01 2.038839e+01 2.310992e+00
8.437500e-01 2.039835e+01 2.280119e+00
8.496094e-01 2.040216e+01 2.249198e+00
8.554688e-01 2.039987e+01 2.218244e+00
8.613281e-01 2.039152e+01 2.187271e+00
8.671875e-01 2.037718e+01 2.156295e+00
8.730469e-01 2.035691e+01 2.125333e+00
8.789062e-01 2.033081e+01 2.094400e+00
8.847656e-01 2.029896e+01 2.063514e+00
8.906250e-01 2.026147e+01 2.032691e+00
8.964844e-01 2.021845e+01 2.001947e+00
9.023438e-01 2.017002e+01 1.971298e+00
9.082031e-01 2.011630e+01 1.940762e+00
9.140625e-01 2.005743e+01 1.910353e+00
9.199219e-01 1.999353e+01 1.880086e+00
9.257812e-01 1.992476e+01 1.849978e+00
9.316406e-01 1.985125e+01 1.820041e+00
9.375000e-01 1.977315e+01 1.790291e+00
9.433594e-01 1.969062e+01 1.760740e+00
9.492188e-01 1.960379e+01 1.731400e+00
9.550781e-01 1.951282e+01 1.702285e+00
9.609375e-01 1.941787e+01 1.673406e+00
9.667969e-01 1.931908e+01 1.644774e+00
9.726562e-01 1.921662e+01 1.616399e+00
9.785156e-01 1.911064e+01 1.588290e+00
9.843750e-01 1.900129e+01 1.560458e+00
9.902344e-01 1.888872e+01 1.532910e+00
9.960938e-01 1.877308e+01 1.505655e+00
1.001953e+00 1.865453e+01 1.478699e+00
1.007812e+00 1.853321e+01 1.452049e+00
1.013672e+00 1.840927e+01 1.425712e+00
1.019531e+00 1.828285e+01 1.399693e+00
1.025391e+00 1.815409e+01 1.373997e+00
1.031250e+00 1.802313e+01 1.348629e+00
1.037109e+00 1.789011e+01 1.323592e+00
1.042969e+00 1.775517e+01 1.298890e+00
1.048828e+00 1.761843e+01 1.274526e+00
1.054688e+00 1.748002e+01 1.250503e+00
1.066406e+00 1.719871e+01 1.203485e+00
1.078125e+00 1.691221e+01 1.157850e+00
1.089844e+00 1.662142e+01 1.113601e+00
1.101562e+00 1.632722e+01 1.070740e+00
1.113281e+00 1.603043e+01 1.029261e+00
1.125000e+00 1.573181e+01 9.891538e-01
1.136719e+00 1.543208e+01 9.504047e-01
1.148438e+00 1.513191e+01 9.129963e-01
1.160156e+00 1.483190e+01 8.769079e-01
1.171875e+00 1.453264e+01 8.421163e-01
1.177734e+00 1.438345e+01 8.251988e-01
1.183594e+00 1.423464e+01 8.085957e-01
1.189453e+00 1.408627e+01 7.923035e-01
1.195312e+00 1.393839e+01 7.763186e-01
1.201172e+00 1.379106e+01 7.606373e-01
1.207031e+00 1.364433e+01 7.452558e-01
1.212891e+00 1.349825e+01 7.301704e-01
1.218750e+00 1.335285e+01 7.153770e-01
1.224609e+00 1.320820e+01 7.008717e-01
1.230469e+00 1.306432e+01 6.866506e-01
1.231934e+00 1.302848e+01 6.831393e-01
1.233398e+00 1.299269e+01 6.796453e-01
1.234863e+00 1.295695e+01 6.761688e-01
1.236328e+00 1.292126e+01 6.727096e-01
1.237793e+00 1.288563e+01 6.692676e-01
1.239258e+00 1.285005e+01 6.658428e-01
1.240723e+00 1.281453e+01 6.624351e-01
1.242188e+00 1.277906e+01 6.590445e-01
1.243652e+00 1.274365e+01 6.556709e-01
1.245117e+00 1.270829e+01 6.523142e-01
1.245850e+00 1.269063e+01 6.506422e-01
1.246582e+00 1.267299e+01 6.489744e-01
1.247314e+00 1.265536e+01 6.473108e-01
1.248047e+00 1.263775e+01 6.456514e-01
1.248779e+00 1.262015e+01 6.439962e-01
1.249512e+00 1.260257e+01 6.423451e-01
1.250244e+00 1.258499e+01 6.406982e-01
1.250977e+00 1.256744e+01 6.390555e-01
1.251709e+00 1.254990e+01 6.374169e-01
1.252441e+00 1.253237e+01 6.357824e-01
1.253174e+00 1.251486e+01 6.341521e-01
1.253906e+00 1.249736e+01 6.325259e-01
1.254639e+00 1.247988e+01 6.309038e-01
1.255371e+00 1.246241e+01 6.292858e-01
1.256104e+00 1.244496e+01 6.276720e-01
1.256836e+00 1.242752e+01 6.260622e-01
1.257568e+00 1.241010e+01 6.244565e-01
1.258301e+00 1.239269e+01 6.228549e-01
1.259033e+00 1.237530e+01 6.212574e-01
1.259766e+00 1.235793e+01 6.196639e-01
1.262695e+00 1.228858e+01 6.133305e-01
1.265625e+00 1.221948e+01 6.070615e-01
1.268555e+00 1.215063e+01 6.008562e-01
1.271484e+00 1.208204e+01 5.947143e-01
1.274414e+00 1.201371e+01 5.886351e-01
1.277344e+00 1.194564e+01 5.826182e-01
1.280273e+00 1.187784e+01 5.766630e-01
1.283203e+00 1.181030e+01 5.707690e-01
1.286133e+00 1.174304e+01 5.649358e-01
1.289062e+00 1.167605e+01 5.591627e-01
1.300781e+00 1.141088e+01 5.366618e-01
1.312500e+00 1.115027e+01 5.150826e-01
1.324219e+00 1.089435e+01 4.943924e-01
1.335938e+00 1.064321e+01 4.745594e-01
1.347656e+00 1.039695e+01 4.555518e-01
1.359375e+00 1.015562e+01 4.373388e-01
1.371094e+00 9.919274e+00 4.198902e-01
1.382812e+00 9.687940e+00 4.031763e-01
1.394531e+00 9.461637e+00 3.871684e-01
1.406250e+00 9.240368e+00 3.718385e-01
1.417969e+00 9.024125e+00 3.571593e-01
1.429688e+00 8.812889e+00 3.431043e-01
1.441406e+00 8.606632e+00 3.296481e-01
1.453125e+00 8.405316e+00 3.167658e-01
1.464844e+00 8.208896e+00 3.044334e-01
1.476562e+00 8.017319e+00 2.926278e-01
1.488281e+00 7.830527e+00 2.813268e-01
1.500000e+00 7.648455e+00 2.705088e-01
1.511719e+00 7.471034e+00 2.601530e-01
1.523438e+00 7.298191e+00 2.502396e-01
1.535156e+00 7.129848e+00 2.407494e-01
1.546875e+00 6.965925e+00 2.316640e-01
1.558594e+00 6.806340e+00 2.229656e-01
1.570312e+00 6.651006e+00 2.146373e-01
1.582031e+00 6.499837e+00 2.066629e-01
1.593750e+00 6.352745e+00 1.990266e-01
1.605469e+00 6.209641e+00 1.917136e-01
1.617188e+00 6.070434e+00 1.847095e-01
1.628906e+00 5.935035e+00 1.780005e-01
1.640625e+00 5.803353e+00 1.715736e-01
1.652344e+00 5.675297e+00 1.654162e-01
1.664062e+00 5.550779e+00 1.595162e-01
1.675781e+00 5.429707e+00 1.538622e-01
1.687500e+00 5.311995e+00 1.484432e-01
1.699219e+00 5.197553e+00 1.432486e-01
1.710938e+00 5.086294e+00 1.382685e-01
1.722656e+00 4.978134e+00 1.334933e-01
1.734375e+00 4.872987e+00 1.289138e-01
1.746094e+00 4.770770e+00 1.245213e-01
1.757812e+00 4.671402e+00 1.203074e-01
1.769531e+00 4.574801e+00 1.162642e-01
1.781250e+00 4.480889e+00 1.123840e-01
1.792969e+00 4.389587e+00 1.086597e-01
1.804688e+00 4.300821e+00 1.050842e-01
1.816406e+00 4.214516e+00 1.016510e-01
1.828125e+00 4.130598e+00 9.835383e-02
1.839844e+00 4.048997e+00 9.518657e-02
1.851562e+00 3.969642e+00 9.214351e-02
1.863281e+00 3.892466e+00 8.921917e-02
1.875000e+00 3.817403e+00 8.640832e-02
1.898438e+00 3.673364e+00 8.110760e-02
1.921875e+00 3.537032e+00 7.620419e-02
1.945312e+00 3.407936e+00 7.166430e-02
1.968750e+00 3.285634e+00 6.745718e-02
1.992188e+00 3.169708e+00 6.355489e-02
2.015625e+00 3.059764e+00 5.993197e-02
2.039062e+00 2.955432e+00 5.656529e-02
2.062500e+00 2.856364e+00 5.343377e-02
2.085938e+00 2.762234e+00 5.051821e-02
2.109375e+00 2.672733e+00 4.780113e-02
2.132812e+00 2.587576e+00 4.526661e-02
2.156250e+00 2.506493e+00 4.290011e-02
2.179688e+00 2.429231e+00 4.068839e-02
2.203125e+00 2.355555e+00 3.861936e-02
2.226562e+00 2.285243e+00 3.668198e-02
2.250000e+00 2.218091e+00 3.486618e-02
2.273438e+00 2.153904e+00 3.316274e-02
2.296875e+00 2.092504e+00 3.156325e-02
2.320312e+00 2.033722e+00 3.005999e-02
2.343750e+00 1.977402e+00 2.864591e-02
2.355469e+00 1.950120e+00 2.797027e-02
2.367188e+00 1.923398e+00 2.731454e-02
2.378906e+00 1.897221e+00 2.667801e-02
2.390625e+00 1.871572e+00 2.605997e-02
2.402344e+00 1.846437e+00 2.545976e-02
2.414062e+00 1.821799e+00 2.487674e-02
2.425781e+00 1.797643e+00 2.431031e-02
2.437500e+00 1.773957e+00 2.375987e-02
2.449219e+00 1.750726e+00 2.322487e-02
2.460938e+00 1.727938e+00 2.270477e-02
2.466797e+00 1.716705e+00 2.245014e-02
2.472656e+00 1.705578e+00 2.219905e-02
2.478516e+00 1.694556e+00 2.195142e-02
2.484375e+00 1.683636e+00 2.170721e-02
2.490234e+00 1.672818e+00 2.146635e-02
2.496094e+00 1.662099e+00 2.122879e-02
2.501953e+00 1.651479e+00 2.099446e-02
2.507812e+00 1.640956e+00 2.076332e-02
2.513672e+00 1.630528e+00 2.053531e-02
2.519531e+00 1.620195e+00 2.031038e-02
2.525391e+00 1.609955e+00 2.008847e-02
2.531250e+00 1.599807e+00 1.986953e-02
2.537109e+00 1.589749e+00 1.965352e-02
2.542969e+00 1.579781e+00 1.944039e-02
2.548828e+00 1.569900e+00 1.923008e-02
2.554688e+00 1.560106e+00 1.902255e-02
2.560547e+00 1.550397e+00 1.881775e-02
2.566406e+00 1.540773e+00 1.861565e-02
2.572266e+00 1.531233e+00 1.841618e-02
2.578125e+00 1.521774e+00 1.821932e-02
2.601562e+00 1.484737e+00 1.745706e-02
2.625000e+00 1.448928e+00 1.673317e-02
2.648438e+00 1.414282e+00 1.604526e-02
2.671875e+00 1.380741e+00 1.539111e-02
2.695312e+00 1.348247e+00 1.476867e-02
2.718750e+00 1.316750e+00 1.417604e-02
2.742188e+00 1.286201e+00 1.361145e-02
2.765625e+00 1.256553e+00 1.307327e-02
2.789062e+00 1.227765e+00 1.255998e-02
2.812500e+00 1.199797e+00 1.207015e-02
2.859375e+00 1.146173e+00 1.115574e-02
2.906250e+00 1.095412e+00 1.032052e-02
2.953125e+00 1.047275e+00 9.556241e-03
3.000000e+00 1.001553e+00 8.855672e-03
3.046875e+00 9.580619e-01 8.212482e-03
3.093750e+00 9.166386e-01 7.621104e-03
3.140625e+00 8.771383e-01 7.076623e-03
3.187500e+00 8.394324e-01 6.574693e-03
3.234375e+00 8.034060e-01 6.111453e-03
3.281250e+00 7.689566e-01 5.683467e-03
3.328125e+00 7.359917e-01 5.287664e-03
3.375000e+00 7.044284e-01 4.921295e-03
3.421875e+00 6.741913e-01 4.581894e-03
3.468750e+00 6.452120e-01 4.267235e-03
3.515625e+00 6.174282e-01 3.975315e-03
3.562500e+00 5.907827e-01 3.704317e-03
3.609375e+00 5.652230e-01 3.452598e-03
3.656250e+00 5.407005e-01 3.218660e-03
3.703125e+00 5.171701e-01 3.001144e-03
3.750000e+00 4.945900e-01 2.798807e-03
3.843750e+00 4.521260e-01 2.435226e-03
3.937500e+00 4.130221e-01 2.119934e-03
4.031250e+00 3.770228e-01 1.846198e-03
4.125000e+00 3.438973e-01 1.608315e-03
4.218750e+00 3.134353e-01 1.401427e-03
4.312500e+00 2.854431e-01 1.221382e-03
4.406250e+00 2.597414e-01 1.064616e-03
4.500000e+00 2.361635e-01 9.280639e-04
4.593750e+00 2.145539e-01 8.090807e-04
4.687500e+00 1.947671e-01 7.053801e-04
4.734375e+00 1.855144e-01 6.586313e-04
4.781250e+00 1.766670e-01 6.149822e-04
4.828125e+00 1.682092e-01 5.742259e-04
4.875000e+00 1.601258e-01 5.361698e-04
4.921875e+00 1.524023e-01 5.006340e-04
4.968750e+00 1.450242e-01 4.674512e-04
5.015625e+00 1.379779e-01 4.364652e-04
5.062500e+00 1.312501e-01 4.075302e-04
5.109375e+00 1.248280e-01 3.805103e-04
5.156250e+00 1.186989e-01 3.552786e-04
5.203125e+00 1.128511e-01 3.317167e-04
5.250000e+00 1.072728e-01 3.097143e-04
5.296875e+00 1.019529e-01 2.891681e-04
5.343750e+00 9.688058e-02 2.699819e-04
5.390625e+00 9.204537e-02 2.520658e-04
5.437500e+00 8.743724e-02 2.353358e-04
5.484375e+00 8.304647e-02 2.197137e-04
5.531250e+00 7.886373e-02 2.051261e-04
5.578125e+00 7.488000e-02 1.915047e-04
5.625000e+00 7.108662e-02 1.787858e-04
5.812500e+00 5.765427e-02 1.357987e-04
6.000000e+00 4.665452e-02 1.031291e-04
6.187500e+00 3.767382e-02 7.830678e-05
6.375000e+00 3.036208e-02 5.945129e-05
6.562500e+00 2.442469e-02 4.513158e-05
6.750000e+00 1.961501e-02 3.425872e-05
6.937500e+00 1.572763e-02 2.600443e-05
7.125000e+00 1.259223e-02 1.973890e-05
7.312500e+00 1.006823e-02 1.498344e-05
7.500000e+00 8.040068e-03 1.137437e-05
7.687500e+00 6.413020e-03 8.635401e-06
7.875000e+00 5.109758e-03 6.556761e-06
8.062500e+00 4.067314e-03 4.979186e-06
8.250000e+00 3.234577e-03 3.781811e-06
8.437500e+00 2.570166e-03 2.872921e-06
8.625000e+00 2.040643e-03 2.182925e-06
8.812500e+00 1.619054e-03 1.659026e-06
9.000000e+00 1.283713e-03 1.261168e-06
9.187500e+00 1.017207e-03 9.589691e-07
9.375000e+00 8.055746e-04 7.293792e-07
9.562500e+00 6.376435e-04 5.549133e-07
9.750000e+00 5.044792e-04 4.223030e-07
9.937500e+00 3.989523e-04 3.214821e-07
1.012500e+01 3.153738e-04 2.448080e-07
1.031250e+01 2.492091e-04 1.864774e-07
1.050000e+01 1.968535e-04 1.420871e-07
1.068750e+01 1.554467e-04 1.082978e-07
1.087500e+01 1.227174e-04 8.257292e-08
1.106250e+01 9.685548e-05 6.298074e-08
1.125000e+01 7.642594e-05 4.805359e-08
1.162500e+01 4.755574e-05 2.800317e-08
1.200000e+01 2.956801e-05 1.633991e-08
1.237500e+01 1.837024e-05 9.545851e-09
1.275000e+01 1.140585e-05 5.583382e-09
1.312500e+01 7.079133e-06 3.270179e-09
1.350000e+01 4.393061e-06 1.918182e-09
1.387500e+01 2.725621e-06 1.126651e-09
1.425000e+01 1.690520e-06 6.624921e-10
1.462500e+01 1.047765e-06 3.898185e-10
1.500000e+01 6.495030e-07 2.297147e-10
1.575000e+01 2.493693e-07 7.999668e-11
1.650000e+01 9.594872e-08 2.804539e-11
1.725000e+01 3.693936e-08 9.878733e-12
1.800000e+01 1.411603e-08 3.467031e-12
1.875000e+01 5.567457e-09 1.260214e-12
1.950000e+01 2.304081e-09 4.821906e-13
2.025000e+01 8.510736e-10 1.651609e-13
2.100000e+01 4.350424e-10 7.850244e-14
2.175000e+01 3.674062e-10 6.180421e-14
2.250000e+01 2.216531e-10 3.484167e-14
2.325000e+01 2.058017e-10 3.029655e-14
2.400000e+01 1.996818e-10 2.758711e-14
2.475000e+01 1.894154e-10 2.460680e-14
2.550000e+01 1.695884e-10 2.075420e-14
2.625000e+01 1.398077e-10 1.614592e-14
2.700000e+01 1.030832e-10 1.125254e-14
2.775000e+01 6.473473e-11 6.689620e-15
2.850000e+01 3.113068e-11 3.049924e-15
2.925000e+01 8.166801e-12 7.596094e-16
3.000000e+01 1.057394e-314 9.349402e-319
