# 
# Output from RAtom program.
# 
# Total radial electron density.
# The first column contains radius $r$ in bohr units.
# The second column holds $\rho(r)$.
# The third column holds $\tilde{\rho}(r) = \rho(r) / (\pi * r * r)$
# 
# Use this file with gnuplot to create the plot.
# 
# R     Rho     RhoTilde
#
0.000000e+00 0.000000e+00 8.251505e+04
1.831055e-04 3.414700e-02 8.104758e+04
3.662109e-04 1.341590e-01 7.960628e+04
5.493164e-04 2.964899e-01 7.819067e+04
7.324219e-04 5.177206e-01 7.680030e+04
9.155273e-04 7.945547e-01 7.543473e+04
1.098633e-03 1.123816e+00 7.409351e+04
1.281738e-03 1.502443e+00 7.277622e+04
1.464844e-03 1.927489e+00 7.148245e+04
1.647949e-03 2.396114e+00 7.021177e+04
1.831055e-03 2.905585e+00 6.896378e+04
2.014160e-03 3.453271e+00 6.773807e+04
2.197266e-03 4.036643e+00 6.653427e+04
2.380371e-03 4.653267e+00 6.535198e+04
2.563477e-03 5.300801e+00 6.419082e+04
2.746582e-03 5.976996e+00 6.305041e+04
2.929688e-03 6.679691e+00 6.193041e+04
3.112793e-03 7.406811e+00 6.083043e+04
3.295898e-03 8.156361e+00 5.975014e+04
3.479004e-03 8.926429e+00 5.868918e+04
3.662109e-03 9.715179e+00 5.764721e+04
4.028320e-03 1.134176e+01 5.561891e+04
4.394531e-03 1.302288e+01 5.366264e+04
4.760742e-03 1.474641e+01 5.177585e+04
5.126953e-03 1.650127e+01 4.995613e+04
5.493164e-03 1.827730e+01 4.820112e+04
5.859375e-03 2.006528e+01 4.650854e+04
6.225586e-03 2.185680e+01 4.487621e+04
6.591797e-03 2.364426e+01 4.330202e+04
6.958008e-03 2.542078e+01 4.178391e+04
7.324219e-03 2.718017e+01 4.031993e+04
7.690430e-03 2.891690e+01 3.890816e+04
8.056641e-03 3.062601e+01 3.754678e+04
8.422852e-03 3.230311e+01 3.623400e+04
8.789062e-03 3.394433e+01 3.496811e+04
9.155273e-03 3.554625e+01 3.374748e+04
9.521484e-03 3.710595e+01 3.257050e+04
9.887695e-03 3.862088e+01 3.143563e+04
1.025391e-02 4.008889e+01 3.034139e+04
1.062012e-02 4.150818e+01 2.928634e+04
1.098633e-02 4.287728e+01 2.826912e+04
1.135254e-02 4.419502e+01 2.728836e+04
1.171875e-02 4.546052e+01 2.634280e+04
1.208496e-02 4.667314e+01 2.543119e+04
1.245117e-02 4.783248e+01 2.455232e+04
1.281738e-02 4.893836e+01 2.370505e+04
1.318359e-02 4.999079e+01 2.288824e+04
1.354980e-02 5.098995e+01 2.210083e+04
1.391602e-02 5.193621e+01 2.134178e+04
1.428223e-02 5.283006e+01 2.061007e+04
1.464844e-02 5.367214e+01 1.990474e+04
1.501465e-02 5.446320e+01 1.922485e+04
1.538086e-02 5.520411e+01 1.856951e+04
1.574707e-02 5.589582e+01 1.793783e+04
1.611328e-02 5.653937e+01 1.732898e+04
1.647949e-02 5.713588e+01 1.674216e+04
1.684570e-02 5.768653e+01 1.617656e+04
1.721191e-02 5.819256e+01 1.563145e+04
1.757812e-02 5.865525e+01 1.510609e+04
1.794434e-02 5.907594e+01 1.459977e+04
1.831055e-02 5.945599e+01 1.411182e+04
1.867676e-02 5.979677e+01 1.364159e+04
1.904297e-02 6.009971e+01 1.318843e+04
1.940918e-02 6.036623e+01 1.275175e+04
1.977539e-02 6.059777e+01 1.233095e+04
2.014160e-02 6.079576e+01 1.192547e+04
2.050781e-02 6.096165e+01 1.153475e+04
2.087402e-02 6.109687e+01 1.115827e+04
2.124023e-02 6.120288e+01 1.079552e+04
2.160645e-02 6.128108e+01 1.044600e+04
2.197266e-02 6.133290e+01 1.010924e+04
2.270508e-02 6.136294e+01 9.472188e+03
2.343750e-02 6.130397e+01 8.880883e+03
2.416992e-02 6.116657e+01 8.332087e+03
2.490234e-02 6.096097e+01 7.822788e+03
2.563477e-02 6.069691e+01 7.350181e+03
2.636719e-02 6.038367e+01 6.911654e+03
2.709961e-02 6.003002e+01 6.504779e+03
2.783203e-02 5.964423e+01 6.127294e+03
2.856445e-02 5.923402e+01 5.777095e+03
2.929688e-02 5.880660e+01 5.452223e+03
3.002930e-02 5.836865e+01 5.150857e+03
3.076172e-02 5.792633e+01 4.871301e+03
3.149414e-02 5.748528e+01 4.611979e+03
3.222656e-02 5.705066e+01 4.371423e+03
3.295898e-02 5.662713e+01 4.148270e+03
3.369141e-02 5.621889e+01 3.941251e+03
3.442383e-02 5.582969e+01 3.749186e+03
3.515625e-02 5.546284e+01 3.570978e+03
3.588867e-02 5.512128e+01 3.405608e+03
3.662109e-02 5.480750e+01 3.252127e+03
3.680420e-02 5.473366e+01 3.215510e+03
3.698730e-02 5.466172e+01 3.179568e+03
3.717041e-02 5.459172e+01 3.144287e+03
3.735352e-02 5.452367e+01 3.109655e+03
3.753662e-02 5.445761e+01 3.075660e+03
3.771973e-02 5.439356e+01 3.042290e+03
3.790283e-02 5.433155e+01 3.009532e+03
3.808594e-02 5.427159e+01 2.977374e+03
3.826904e-02 5.421372e+01 2.945806e+03
3.845215e-02 5.415794e+01 2.914815e+03
3.854370e-02 5.413084e+01 2.899533e+03
3.863525e-02 5.410428e+01 2.884391e+03
3.872681e-02 5.407825e+01 2.869389e+03
3.881836e-02 5.405275e+01 2.854523e+03
3.890991e-02 5.402779e+01 2.839794e+03
3.900146e-02 5.400338e+01 2.825200e+03
3.909302e-02 5.397950e+01 2.810740e+03
3.918457e-02 5.395617e+01 2.796412e+03
3.927612e-02 5.393339e+01 2.782214e+03
3.936768e-02 5.391115e+01 2.768147e+03
3.945923e-02 5.388946e+01 2.754208e+03
3.955078e-02 5.386832e+01 2.740397e+03
3.964233e-02 5.384773e+01 2.726711e+03
3.973389e-02 5.382770e+01 2.713150e+03
3.982544e-02 5.380822e+01 2.699713e+03
3.991699e-02 5.378930e+01 2.686398e+03
4.000854e-02 5.377093e+01 2.673204e+03
4.010010e-02 5.375312e+01 2.660131e+03
4.019165e-02 5.373587e+01 2.647176e+03
4.028320e-02 5.371918e+01 2.634338e+03
4.064941e-02 5.365805e+01 2.584142e+03
4.101562e-02 5.360595e+01 2.535739e+03
4.138184e-02 5.356293e+01 2.489058e+03
4.174805e-02 5.352901e+01 2.444033e+03
4.211426e-02 5.350420e+01 2.400599e+03
4.248047e-02 5.348850e+01 2.358696e+03
4.284668e-02 5.348189e+01 2.318262e+03
4.321289e-02 5.348436e+01 2.279241e+03
4.357910e-02 5.349586e+01 2.241577e+03
4.394531e-02 5.351634e+01 2.205218e+03
4.467773e-02 5.358402e+01 2.136206e+03
4.541016e-02 5.368680e+01 2.071818e+03
4.614258e-02 5.382395e+01 2.011694e+03
4.687500e-02 5.399461e+01 1.955501e+03
4.760742e-02 5.419781e+01 1.902929e+03
4.833984e-02 5.443246e+01 1.853692e+03
4.907227e-02 5.469740e+01 1.807526e+03
4.980469e-02 5.499139e+01 1.764186e+03
5.053711e-02 5.531310e+01 1.723445e+03
5.126953e-02 5.566118e+01 1.685093e+03
5.200195e-02 5.603420e+01 1.648937e+03
5.273438e-02 5.643072e+01 1.614798e+03
5.346680e-02 5.684925e+01 1.582510e+03
5.419922e-02 5.728830e+01 1.551922e+03
5.493164e-02 5.774635e+01 1.522893e+03
5.566406e-02 5.822187e+01 1.495294e+03
5.639648e-02 5.871335e+01 1.469004e+03
5.712891e-02 5.921926e+01 1.443914e+03
5.786133e-02 5.973810e+01 1.419923e+03
5.859375e-02 6.026838e+01 1.396938e+03
6.005859e-02 6.135737e+01 1.353651e+03
6.152344e-02 6.247474e+01 1.313450e+03
6.298828e-02 6.360947e+01 1.275829e+03
6.445312e-02 6.475111e+01 1.240365e+03
6.591797e-02 6.588981e+01 1.206704e+03
6.738281e-02 6.701642e+01 1.174554e+03
6.884766e-02 6.812249e+01 1.143674e+03
7.031250e-02 6.920027e+01 1.113866e+03
7.177734e-02 7.024278e+01 1.084968e+03
7.324219e-02 7.124377e+01 1.056853e+03
7.360840e-02 7.148686e+01 1.049933e+03
7.397461e-02 7.172693e+01 1.043055e+03
7.434082e-02 7.196390e+01 1.036216e+03
7.470703e-02 7.219770e+01 1.029415e+03
7.507324e-02 7.242825e+01 1.022652e+03
7.543945e-02 7.265549e+01 1.015925e+03
7.580566e-02 7.287935e+01 1.009233e+03
7.617188e-02 7.309977e+01 1.002575e+03
7.653809e-02 7.331669e+01 9.959506e+02
7.690430e-02 7.353005e+01 9.893588e+02
7.699585e-02 7.358283e+01 9.877158e+02
7.708740e-02 7.363538e+01 9.860748e+02
7.717896e-02 7.368771e+01 9.844358e+02
7.727051e-02 7.373980e+01 9.827987e+02
7.736206e-02 7.379167e+01 9.811636e+02
7.745361e-02 7.384331e+01 9.795304e+02
7.754517e-02 7.389471e+01 9.778991e+02
7.763672e-02 7.394589e+01 9.762697e+02
7.772827e-02 7.399683e+01 9.746422e+02
7.781982e-02 7.404754e+01 9.730167e+02
7.791138e-02 7.409802e+01 9.713930e+02
7.800293e-02 7.414826e+01 9.697711e+02
7.809448e-02 7.419826e+01 9.681512e+02
7.818604e-02 7.424803e+01 9.665330e+02
7.827759e-02 7.429756e+01 9.649167e+02
7.836914e-02 7.434686e+01 9.633023e+02
7.846069e-02 7.439591e+01 9.616896e+02
7.855225e-02 7.444473e+01 9.600788e+02
7.864380e-02 7.449331e+01 9.584698e+02
7.873535e-02 7.454164e+01 9.568625e+02
7.891846e-02 7.463759e+01 9.536535e+02
7.910156e-02 7.473258e+01 9.504515e+02
7.928467e-02 7.482658e+01 9.472566e+02
7.946777e-02 7.491961e+01 9.440686e+02
7.965088e-02 7.501166e+01 9.408876e+02
7.983398e-02 7.510272e+01 9.377135e+02
8.001709e-02 7.519279e+01 9.345463e+02
8.020020e-02 7.528186e+01 9.313858e+02
8.038330e-02 7.536993e+01 9.282320e+02
8.056641e-02 7.545699e+01 9.250850e+02
8.129883e-02 7.579514e+01 9.125632e+02
8.203125e-02 7.611694e+01 9.001457e+02
8.276367e-02 7.642221e+01 8.878308e+02
8.349609e-02 7.671078e+01 8.756171e+02
8.422852e-02 7.698254e+01 8.635035e+02
8.496094e-02 7.723741e+01 8.514893e+02
8.569336e-02 7.747530e+01 8.395742e+02
8.642578e-02 7.769621e+01 8.277579e+02
8.715820e-02 7.790012e+01 8.160405e+02
8.789062e-02 7.808705e+01 8.044222e+02
8.862305e-02 7.825706e+01 7.929035e+02
8.935547e-02 7.841022e+01 7.814848e+02
9.008789e-02 7.854662e+01 7.701668e+02
9.082031e-02 7.866639e+01 7.589503e+02
9.155273e-02 7.876966e+01 7.478362e+02
9.228516e-02 7.885659e+01 7.368252e+02
9.301758e-02 7.892737e+01 7.259183e+02
9.375000e-02 7.898220e+01 7.151165e+02
9.448242e-02 7.902127e+01 7.044207e+02
9.521484e-02 7.904484e+01 6.938320e+02
9.594727e-02 7.905314e+01 6.833513e+02
9.667969e-02 7.904643e+01 6.729796e+02
9.741211e-02 7.902499e+01 6.627178e+02
9.814453e-02 7.898909e+01 6.525669e+02
9.887695e-02 7.893905e+01 6.425277e+02
9.960938e-02 7.887516e+01 6.326011e+02
1.003418e-01 7.879774e+01 6.227879e+02
1.010742e-01 7.870712e+01 6.130888e+02
1.018066e-01 7.860364e+01 6.035046e+02
1.025391e-01 7.848762e+01 5.940358e+02
1.032715e-01 7.835942e+01 5.846831e+02
1.040039e-01 7.821939e+01 5.754469e+02
1.047363e-01 7.806790e+01 5.663279e+02
1.054688e-01 7.790529e+01 5.573262e+02
1.062012e-01 7.773195e+01 5.484424e+02
1.069336e-01 7.754823e+01 5.396767e+02
1.076660e-01 7.735451e+01 5.310293e+02
1.083984e-01 7.715117e+01 5.225004e+02
1.091309e-01 7.693857e+01 5.140899e+02
1.098633e-01 7.671710e+01 5.057981e+02
1.105957e-01 7.648713e+01 4.976248e+02
1.113281e-01 7.624904e+01 4.895700e+02
1.120605e-01 7.600321e+01 4.816334e+02
1.127930e-01 7.575000e+01 4.738149e+02
1.135254e-01 7.548980e+01 4.661142e+02
1.142578e-01 7.522296e+01 4.585311e+02
1.149902e-01 7.494987e+01 4.510650e+02
1.157227e-01 7.467090e+01 4.437156e+02
1.164551e-01 7.438639e+01 4.364824e+02
1.171875e-01 7.409672e+01 4.293649e+02
1.186523e-01 7.350330e+01 4.154744e+02
1.201172e-01 7.289343e+01 4.020390e+02
1.215820e-01 7.226985e+01 3.890527e+02
1.230469e-01 7.163521e+01 3.765091e+02
1.245117e-01 7.099208e+01 3.644010e+02
1.259766e-01 7.034293e+01 3.527208e+02
1.274414e-01 6.969015e+01 3.414605e+02
1.289062e-01 6.903602e+01 3.306115e+02
1.303711e-01 6.838271e+01 3.201650e+02
1.318359e-01 6.773229e+01 3.101118e+02
1.333008e-01 6.708674e+01 3.004425e+02
1.347656e-01 6.644790e+01 2.911475e+02
1.362305e-01 6.581752e+01 2.822170e+02
1.376953e-01 6.519724e+01 2.736409e+02
1.391602e-01 6.458858e+01 2.654093e+02
1.406250e-01 6.399297e+01 2.575119e+02
1.420898e-01 6.341172e+01 2.499387e+02
1.435547e-01 6.284603e+01 2.426796e+02
1.450195e-01 6.229699e+01 2.357242e+02
1.464844e-01 6.176562e+01 2.290627e+02
1.472168e-01 6.150684e+01 2.258389e+02
1.479492e-01 6.125280e+01 2.226849e+02
1.486816e-01 6.100361e+01 2.195993e+02
1.494141e-01 6.075934e+01 2.165809e+02
1.501465e-01 6.052009e+01 2.136286e+02
1.508789e-01 6.028594e+01 2.107410e+02
1.516113e-01 6.005696e+01 2.079171e+02
1.523438e-01 5.983322e+01 2.051555e+02
1.530762e-01 5.961477e+01 2.024552e+02
1.538086e-01 5.940168e+01 1.998148e+02
1.539917e-01 5.934926e+01 1.991640e+02
1.541748e-01 5.929717e+01 1.985168e+02
1.543579e-01 5.924542e+01 1.978733e+02
1.545410e-01 5.919401e+01 1.972334e+02
1.547241e-01 5.914294e+01 1.965970e+02
1.549072e-01 5.909221e+01 1.959643e+02
1.550903e-01 5.904183e+01 1.953352e+02
1.552734e-01 5.899179e+01 1.947096e+02
1.554565e-01 5.894209e+01 1.940875e+02
1.556396e-01 5.889274e+01 1.934690e+02
1.558228e-01 5.884373e+01 1.928540e+02
1.560059e-01 5.879506e+01 1.922424e+02
1.561890e-01 5.874675e+01 1.916343e+02
1.563721e-01 5.869878e+01 1.910297e+02
1.565552e-01 5.865115e+01 1.904285e+02
1.567383e-01 5.860388e+01 1.898307e+02
1.569214e-01 5.855695e+01 1.892363e+02
1.571045e-01 5.851038e+01 1.886452e+02
1.572876e-01 5.846415e+01 1.880576e+02
1.574707e-01 5.841827e+01 1.874732e+02
1.578369e-01 5.832756e+01 1.863145e+02
1.582031e-01 5.823825e+01 1.851690e+02
1.585693e-01 5.815035e+01 1.840365e+02
1.589355e-01 5.806385e+01 1.829169e+02
1.593018e-01 5.797876e+01 1.818101e+02
1.596680e-01 5.789509e+01 1.807158e+02
1.600342e-01 5.781282e+01 1.796341e+02
1.604004e-01 5.773197e+01 1.785647e+02
1.607666e-01 5.765254e+01 1.775076e+02
1.611328e-01 5.757452e+01 1.764625e+02
1.625977e-01 5.727661e+01 1.724006e+02
1.640625e-01 5.700135e+01 1.685220e+02
1.655273e-01 5.674866e+01 1.648186e+02
1.669922e-01 5.651842e+01 1.612827e+02
1.684570e-01 5.631044e+01 1.579068e+02
1.699219e-01 5.612448e+01 1.546835e+02
1.713867e-01 5.596026e+01 1.516057e+02
1.728516e-01 5.581744e+01 1.486666e+02
1.743164e-01 5.569564e+01 1.458595e+02
1.757812e-01 5.559445e+01 1.431781e+02
1.787109e-01 5.545205e+01 1.381674e+02
1.816406e-01 5.538622e+01 1.335875e+02
1.845703e-01 5.539250e+01 1.293950e+02
1.875000e-01 5.546606e+01 1.255495e+02
1.904297e-01 5.560178e+01 1.220140e+02
1.933594e-01 5.579433e+01 1.187544e+02
1.962891e-01 5.603822e+01 1.157397e+02
1.992188e-01 5.632790e+01 1.129414e+02
2.021484e-01 5.665777e+01 1.103339e+02
2.050781e-01 5.702226e+01 1.078936e+02
2.080078e-01 5.741585e+01 1.055997e+02
2.109375e-01 5.783314e+01 1.034330e+02
2.138672e-01 5.826887e+01 1.013768e+02
2.167969e-01 5.871793e+01 9.941567e+01
2.197266e-01 5.917543e+01 9.753633e+01
2.226562e-01 5.963666e+01 9.572683e+01
2.255859e-01 6.009717e+01 9.397668e+01
2.285156e-01 6.055273e+01 9.227670e+01
2.314453e-01 6.099939e+01 9.061891e+01
2.343750e-01 6.143344e+01 8.899640e+01
2.358398e-01 6.164466e+01 8.819648e+01
2.373047e-01 6.185146e+01 8.740323e+01
2.387695e-01 6.205346e+01 8.661603e+01
2.402344e-01 6.225028e+01 8.583435e+01
2.416992e-01 6.244157e+01 8.505766e+01
2.431641e-01 6.262700e+01 8.428551e+01
2.446289e-01 6.280624e+01 8.351748e+01
2.460938e-01 6.297900e+01 8.275318e+01
2.475586e-01 6.314498e+01 8.199227e+01
2.490234e-01 6.330391e+01 8.123445e+01
2.504883e-01 6.345555e+01 8.047943e+01
2.519531e-01 6.359965e+01 7.972699e+01
2.534180e-01 6.373598e+01 7.897689e+01
2.548828e-01 6.386435e+01 7.822895e+01
2.563477e-01 6.398455e+01 7.748303e+01
2.578125e-01 6.409642e+01 7.673897e+01
2.592773e-01 6.419978e+01 7.599666e+01
2.607422e-01 6.429449e+01 7.525602e+01
2.622070e-01 6.438041e+01 7.451697e+01
2.636719e-01 6.445742e+01 7.377946e+01
2.651367e-01 6.452542e+01 7.304344e+01
2.666016e-01 6.458431e+01 7.230890e+01
2.680664e-01 6.463401e+01 7.157584e+01
2.695312e-01 6.467444e+01 7.084424e+01
2.709961e-01 6.470556e+01 7.011415e+01
2.724609e-01 6.472731e+01 6.938558e+01
2.739258e-01 6.473966e+01 6.865857e+01
2.753906e-01 6.474260e+01 6.793318e+01
2.768555e-01 6.473610e+01 6.720946e+01
2.783203e-01 6.472016e+01 6.648749e+01
2.797852e-01 6.469480e+01 6.576732e+01
2.812500e-01 6.466003e+01 6.504905e+01
2.827148e-01 6.461587e+01 6.433275e+01
2.841797e-01 6.456237e+01 6.361852e+01
2.856445e-01 6.449958e+01 6.290645e+01
2.871094e-01 6.442753e+01 6.219663e+01
2.885742e-01 6.434630e+01 6.148917e+01
2.900391e-01 6.425595e+01 6.078417e+01
2.915039e-01 6.415657e+01 6.008174e+01
2.929688e-01 6.404822e+01 5.938197e+01
2.944336e-01 6.393101e+01 5.868499e+01
2.958984e-01 6.380503e+01 5.799089e+01
2.973633e-01 6.367039e+01 5.729978e+01
2.988281e-01 6.352719e+01 5.661178e+01
3.002930e-01 6.337554e+01 5.592700e+01
3.017578e-01 6.321558e+01 5.524554e+01
3.032227e-01 6.304741e+01 5.456750e+01
3.046875e-01 6.287117e+01 5.389300e+01
3.061523e-01 6.268699e+01 5.322215e+01
3.076172e-01 6.249502e+01 5.255504e+01
3.079834e-01 6.244582e+01 5.238886e+01
3.083496e-01 6.239615e+01 5.222292e+01
3.087158e-01 6.234601e+01 5.205722e+01
3.090820e-01 6.229539e+01 5.189177e+01
3.094482e-01 6.224430e+01 5.172657e+01
3.098145e-01 6.219275e+01 5.156162e+01
3.101807e-01 6.214073e+01 5.139691e+01
3.105469e-01 6.208825e+01 5.123246e+01
3.109131e-01 6.203530e+01 5.106826e+01
3.112793e-01 6.198190e+01 5.090431e+01
3.113708e-01 6.196848e+01 5.086336e+01
3.114624e-01 6.195503e+01 5.082243e+01
3.115540e-01 6.194155e+01 5.078152e+01
3.116455e-01 6.192805e+01 5.074062e+01
3.117371e-01 6.191451e+01 5.069974e+01
3.118286e-01 6.190095e+01 5.065887e+01
3.119202e-01 6.188736e+01 5.061802e+01
3.120117e-01 6.187374e+01 5.057719e+01
3.121033e-01 6.186009e+01 5.053637e+01
3.121948e-01 6.184642e+01 5.049557e+01
3.122864e-01 6.183271e+01 5.045478e+01
3.123779e-01 6.181898e+01 5.041401e+01
3.124695e-01 6.180522e+01 5.037326e+01
3.125610e-01 6.179143e+01 5.033253e+01
3.126526e-01 6.177762e+01 5.029181e+01
3.127441e-01 6.176377e+01 5.025110e+01
3.128357e-01 6.174990e+01 5.021042e+01
3.129272e-01 6.173600e+01 5.016975e+01
3.130188e-01 6.172208e+01 5.012909e+01
3.131104e-01 6.170812e+01 5.008845e+01
3.132935e-01 6.168013e+01 5.000723e+01
3.134766e-01 6.165203e+01 4.992607e+01
3.136597e-01 6.162382e+01 4.984497e+01
3.138428e-01 6.159549e+01 4.976395e+01
3.140259e-01 6.156706e+01 4.968299e+01
3.142090e-01 6.153852e+01 4.960209e+01
3.143921e-01 6.150987e+01 4.952126e+01
3.145752e-01 6.148111e+01 4.944050e+01
3.147583e-01 6.145224e+01 4.935981e+01
3.149414e-01 6.142326e+01 4.927918e+01
3.156738e-01 6.130628e+01 4.895735e+01
3.164062e-01 6.118759e+01 4.863662e+01
3.171387e-01 6.106721e+01 4.831698e+01
3.178711e-01 6.094517e+01 4.799846e+01
3.186035e-01 6.082148e+01 4.768107e+01
3.193359e-01 6.069616e+01 4.736481e+01
3.200684e-01 6.056925e+01 4.704969e+01
3.208008e-01 6.044074e+01 4.673574e+01
3.215332e-01 6.031068e+01 4.642294e+01
3.222656e-01 6.017907e+01 4.611133e+01
3.251953e-01 5.963763e+01 4.487680e+01
3.281250e-01 5.907320e+01 4.366183e+01
3.310547e-01 5.848715e+01 4.246695e+01
3.339844e-01 5.788085e+01 4.129265e+01
3.369141e-01 5.725569e+01 4.013937e+01
3.398438e-01 5.661305e+01 3.900750e+01
3.427734e-01 5.595429e+01 3.789738e+01
3.457031e-01 5.528079e+01 3.680931e+01
3.486328e-01 5.459389e+01 3.574355e+01
3.515625e-01 5.389493e+01 3.470028e+01
3.544922e-01 5.318523e+01 3.367967e+01
3.574219e-01 5.246608e+01 3.268184e+01
3.603516e-01 5.173874e+01 3.170686e+01
3.632812e-01 5.100447e+01 3.075476e+01
3.662109e-01 5.026446e+01 2.982556e+01
3.691406e-01 4.951991e+01 2.891920e+01
3.720703e-01 4.877195e+01 2.803562e+01
3.750000e-01 4.802170e+01 2.717472e+01
3.779297e-01 4.727023e+01 2.633637e+01
3.808594e-01 4.651859e+01 2.552040e+01
3.837891e-01 4.576778e+01 2.472662e+01
3.867188e-01 4.501876e+01 2.395483e+01
3.896484e-01 4.427245e+01 2.320480e+01
3.925781e-01 4.352974e+01 2.247626e+01
3.955078e-01 4.279148e+01 2.176894e+01
3.984375e-01 4.205847e+01 2.108255e+01
4.013672e-01 4.133147e+01 2.041678e+01
4.042969e-01 4.061123e+01 1.977131e+01
4.072266e-01 3.989841e+01 1.914580e+01
4.101562e-01 3.919368e+01 1.853991e+01
4.130859e-01 3.849764e+01 1.795327e+01
4.160156e-01 3.781087e+01 1.738551e+01
4.189453e-01 3.713389e+01 1.683627e+01
4.218750e-01 3.646721e+01 1.630516e+01
4.248047e-01 3.581129e+01 1.579180e+01
4.277344e-01 3.516656e+01 1.529578e+01
4.306641e-01 3.453340e+01 1.481672e+01
4.335938e-01 3.391218e+01 1.435423e+01
4.365234e-01 3.330322e+01 1.390789e+01
4.394531e-01 3.270682e+01 1.347731e+01
4.423828e-01 3.212324e+01 1.306210e+01
4.453125e-01 3.155271e+01 1.266185e+01
4.482422e-01 3.099545e+01 1.227616e+01
4.511719e-01 3.045162e+01 1.190464e+01
4.541016e-01 2.992137e+01 1.154691e+01
4.570312e-01 2.940484e+01 1.120256e+01
4.599609e-01 2.890211e+01 1.087121e+01
4.628906e-01 2.841328e+01 1.055248e+01
4.658203e-01 2.793838e+01 1.024600e+01
4.687500e-01 2.747746e+01 9.951399e+00
4.716797e-01 2.703050e+01 9.668293e+00
4.746094e-01 2.659749e+01 9.396330e+00
4.775391e-01 2.617842e+01 9.135152e+00
4.804688e-01 2.577323e+01 8.884411e+00
4.833984e-01 2.538184e+01 8.643763e+00
4.863281e-01 2.500419e+01 8.412870e+00
4.892578e-01 2.464016e+01 8.191401e+00
4.921875e-01 2.428965e+01 7.979034e+00
4.951172e-01 2.395253e+01 7.775450e+00
4.980469e-01 2.362865e+01 7.580340e+00
5.009766e-01 2.331787e+01 7.393401e+00
5.039062e-01 2.302002e+01 7.214336e+00
5.068359e-01 2.273492e+01 7.042856e+00
5.097656e-01 2.246239e+01 6.878680e+00
5.126953e-01 2.220224e+01 6.721532e+00
5.156250e-01 2.195427e+01 6.571146e+00
5.185547e-01 2.171825e+01 6.427260e+00
5.214844e-01 2.149399e+01 6.289622e+00
5.244141e-01 2.128125e+01 6.157983e+00
5.273438e-01 2.107980e+01 6.032106e+00
5.302734e-01 2.088941e+01 5.911757e+00
5.332031e-01 2.070985e+01 5.796711e+00
5.361328e-01 2.054086e+01 5.686748e+00
5.390625e-01 2.038221e+01 5.581656e+00
5.419922e-01 2.023363e+01 5.481229e+00
5.449219e-01 2.009489e+01 5.385268e+00
5.478516e-01 1.996572e+01 5.293579e+00
5.507812e-01 1.984588e+01 5.205976e+00
5.537109e-01 1.973509e+01 5.122277e+00
5.566406e-01 1.963311e+01 5.042310e+00
5.595703e-01 1.953968e+01 4.965904e+00
5.625000e-01 1.945454e+01 4.892897e+00
5.654297e-01 1.937743e+01 4.823131e+00
5.683594e-01 1.930809e+01 4.756455e+00
5.712891e-01 1.924627e+01 4.692722e+00
5.742188e-01 1.919171e+01 4.631792e+00
5.771484e-01 1.914416e+01 4.573528e+00
5.800781e-01 1.910337e+01 4.517800e+00
5.830078e-01 1.906908e+01 4.464482e+00
5.859375e-01 1.904105e+01 4.413453e+00
5.888672e-01 1.901904e+01 4.364596e+00
5.917969e-01 1.900280e+01 4.317799e+00
5.947266e-01 1.899209e+01 4.272955e+00
5.976562e-01 1.898668e+01 4.229961e+00
6.005859e-01 1.898634e+01 4.188717e+00
6.035156e-01 1.899083e+01 4.149129e+00
6.064453e-01 1.899992e+01 4.111106e+00
6.093750e-01 1.901340e+01 4.074560e+00
6.123047e-01 1.903105e+01 4.039407e+00
6.152344e-01 1.905264e+01 4.005569e+00
6.159668e-01 1.905863e+01 3.997305e+00
6.166992e-01 1.906486e+01 3.989118e+00
6.174316e-01 1.907131e+01 3.981006e+00
6.181641e-01 1.907798e+01 3.972967e+00
6.188965e-01 1.908487e+01 3.965002e+00
6.196289e-01 1.909198e+01 3.957108e+00
6.203613e-01 1.909931e+01 3.949284e+00
6.210938e-01 1.910685e+01 3.941530e+00
6.218262e-01 1.911459e+01 3.933844e+00
6.225586e-01 1.912254e+01 3.926226e+00
6.232910e-01 1.913069e+01 3.918674e+00
6.240234e-01 1.913904e+01 3.911187e+00
6.247559e-01 1.914759e+01 3.903764e+00
6.254883e-01 1.915633e+01 3.896404e+00
6.262207e-01 1.916525e+01 3.889107e+00
6.269531e-01 1.917437e+01 3.881871e+00
6.276855e-01 1.918367e+01 3.874695e+00
6.284180e-01 1.919314e+01 3.867578e+00
6.291504e-01 1.920280e+01 3.860519e+00
6.298828e-01 1.921263e+01 3.853518e+00
6.313477e-01 1.923280e+01 3.839685e+00
6.328125e-01 1.925364e+01 3.826069e+00
6.342773e-01 1.927511e+01 3.812665e+00
6.357422e-01 1.929720e+01 3.799465e+00
6.372070e-01 1.931989e+01 3.786462e+00
6.386719e-01 1.934314e+01 3.773650e+00
6.401367e-01 1.936695e+01 3.761022e+00
6.416016e-01 1.939129e+01 3.748573e+00
6.430664e-01 1.941613e+01 3.736294e+00
6.445312e-01 1.944145e+01 3.724182e+00
6.503906e-01 1.954719e+01 3.677274e+00
6.562500e-01 1.965907e+01 3.632573e+00
6.621094e-01 1.977584e+01 3.589762e+00
6.679688e-01 1.989637e+01 3.548556e+00
6.738281e-01 2.001954e+01 3.508698e+00
6.796875e-01 2.014435e+01 3.469963e+00
6.855469e-01 2.026984e+01 3.432148e+00
6.914062e-01 2.039510e+01 3.395076e+00
6.972656e-01 2.051933e+01 3.358588e+00
7.031250e-01 2.064174e+01 3.322549e+00
7.089844e-01 2.076164e+01 3.286839e+00
7.148438e-01 2.087837e+01 3.251356e+00
7.207031e-01 2.099135e+01 3.216012e+00
7.265625e-01 2.110002e+01 3.180732e+00
7.324219e-01 2.120391e+01 3.145455e+00
7.382812e-01 2.130258e+01 3.110130e+00
7.441406e-01 2.139563e+01 3.074717e+00
7.500000e-01 2.148271e+01 3.039182e+00
7.558594e-01 2.156353e+01 3.003503e+00
7.617188e-01 2.163782e+01 2.967662e+00
7.646484e-01 2.167245e+01 2.949677e+00
7.675781e-01 2.170536e+01 2.931648e+00
7.705078e-01 2.173653e+01 2.913575e+00
7.734375e-01 2.176595e+01 2.895458e+00
7.763672e-01 2.179359e+01 2.877296e+00
7.792969e-01 2.181944e+01 2.859090e+00
7.822266e-01 2.184349e+01 2.840841e+00
7.851562e-01 2.186571e+01 2.822550e+00
7.880859e-01 2.188611e+01 2.804217e+00
7.910156e-01 2.190467e+01 2.785844e+00
7.939453e-01 2.192139e+01 2.767433e+00
7.968750e-01 2.193626e+01 2.748984e+00
7.998047e-01 2.194927e+01 2.730501e+00
8.027344e-01 2.196042e+01 2.711984e+00
8.056641e-01 2.196972e+01 2.693436e+00
8.085938e-01 2.197716e+01 2.674860e+00
8.115234e-01 2.198275e+01 2.656257e+00
8.144531e-01 2.198649e+01 2.637630e+00
8.173828e-01 2.198838e+01 2.618981e+00
8.203125e-01 2.198842e+01 2.600312e+00
8.261719e-01 2.198302e+01 2.562930e+00
8.320312e-01 2.197035e+01 2.525502e+00
8.378906e-01 2.195049e+01 2.488053e+00
8.437500e-01 2.192355e+01 2.450605e+00
8.496094e-01 2.188963e+01 2.413181e+00
8.554688e-01 2.184886e+01 2.375804e+00
8.613281e-01 2.180138e+01 2.338498e+00
8.671875e-01 2.174734e+01 2.301284e+00
8.730469e-01 2.168688e+01 2.264186e+00
8.789062e-01 2.162017e+01 2.227226e+00
8.847656e-01 2.154738e+01 2.190424e+00
8.906250e-01 2.146869e+01 2.153803e+00
8.964844e-01 2.138427e+01 2.117381e+00
9.023438e-01 2.129430e+01 2.081179e+00
9.082031e-01 2.119898e+01 2.045216e+00
9.140625e-01 2.109850e+01 2.009509e+00
9.199219e-01 2.099304e+01 1.974074e+00
9.257812e-01 2.088280e+01 1.938930e+00
9.316406e-01 2.076797e+01 1.904090e+00
9.375000e-01 2.064875e+01 1.869569e+00
9.492188e-01 2.039791e+01 1.801537e+00
9.609375e-01 2.013180e+01 1.734932e+00
9.726562e-01 1.985194e+01 1.669838e+00
9.843750e-01 1.955980e+01 1.606325e+00
9.960938e-01 1.925682e+01 1.544452e+00
1.007812e+00 1.894438e+01 1.484264e+00
1.019531e+00 1.862381e+01 1.425796e+00
1.031250e+00 1.829636e+01 1.369074e+00
1.042969e+00 1.796324e+01 1.314111e+00
1.054688e+00 1.762557e+01 1.260915e+00
1.066406e+00 1.728444e+01 1.209484e+00
1.078125e+00 1.694084e+01 1.159810e+00
1.089844e+00 1.659570e+01 1.111878e+00
1.101562e+00 1.624989e+01 1.065669e+00
1.113281e+00 1.590422e+01 1.021158e+00
1.125000e+00 1.555943e+01 9.783153e-01
1.136719e+00 1.521620e+01 9.371097e-01
1.148438e+00 1.487516e+01 8.975054e-01
1.160156e+00 1.453687e+01 8.594645e-01
1.171875e+00 1.420183e+01 8.229472e-01
1.177734e+00 1.403569e+01 8.052470e-01
1.183594e+00 1.387053e+01 7.879120e-01
1.189453e+00 1.370640e+01 7.709370e-01
1.195312e+00 1.354336e+01 7.543164e-01
1.201172e+00 1.338144e+01 7.380448e-01
1.207031e+00 1.322069e+01 7.221167e-01
1.212891e+00 1.306116e+01 7.065265e-01
1.218750e+00 1.290286e+01 6.912688e-01
1.224609e+00 1.274585e+01 6.763380e-01
1.230469e+00 1.259015e+01 6.617285e-01
1.231934e+00 1.255143e+01 6.581257e-01
1.233398e+00 1.251280e+01 6.545425e-01
1.234863e+00 1.247425e+01 6.509789e-01
1.236328e+00 1.243579e+01 6.474347e-01
1.237793e+00 1.239741e+01 6.439100e-01
1.239258e+00 1.235912e+01 6.404046e-01
1.240723e+00 1.232092e+01 6.369183e-01
1.242188e+00 1.228280e+01 6.334512e-01
1.243652e+00 1.224477e+01 6.300032e-01
1.245117e+00 1.220683e+01 6.265741e-01
1.246582e+00 1.216897e+01 6.231639e-01
1.248047e+00 1.213120e+01 6.197724e-01
1.249512e+00 1.209353e+01 6.163997e-01
1.250977e+00 1.205594e+01 6.130456e-01
1.252441e+00 1.201844e+01 6.097100e-01
1.253906e+00 1.198103e+01 6.063928e-01
1.255371e+00 1.194371e+01 6.030940e-01
1.256836e+00 1.190648e+01 5.998134e-01
1.258301e+00 1.186934e+01 5.965511e-01
1.259766e+00 1.183229e+01 5.933068e-01
1.262695e+00 1.175846e+01 5.868722e-01
1.265625e+00 1.168501e+01 5.805090e-01
1.268555e+00 1.161192e+01 5.742165e-01
1.271484e+00 1.153920e+01 5.679941e-01
1.274414e+00 1.146686e+01 5.618409e-01
1.277344e+00 1.139489e+01 5.557565e-01
1.280273e+00 1.132329e+01 5.497401e-01
1.283203e+00 1.125208e+01 5.437911e-01
1.286133e+00 1.118124e+01 5.379087e-01
1.289062e+00 1.111079e+01 5.320924e-01
1.300781e+00 1.083280e+01 5.094746e-01
1.312500e+00 1.056100e+01 4.878617e-01
1.324219e+00 1.029544e+01 4.672135e-01
1.335938e+00 1.003613e+01 4.474906e-01
1.347656e+00 9.783084e+00 4.286548e-01
1.359375e+00 9.536301e+00 4.106686e-01
1.371094e+00 9.295755e+00 3.934962e-01
1.382812e+00 9.061408e+00 3.771024e-01
1.394531e+00 8.833212e+00 3.614534e-01
1.406250e+00 8.611107e+00 3.465166e-01
1.417969e+00 8.395021e+00 3.322604e-01
1.429688e+00 8.184877e+00 3.186545e-01
1.441406e+00 7.980588e+00 3.056696e-01
1.453125e+00 7.782060e+00 2.932775e-01
1.464844e+00 7.589196e+00 2.814513e-01
1.476562e+00 7.401892e+00 2.701651e-01
1.488281e+00 7.220038e+00 2.593938e-01
1.500000e+00 7.043525e+00 2.491137e-01
1.511719e+00 6.872236e+00 2.393019e-01
1.523438e+00 6.706057e+00 2.299366e-01
1.529297e+00 6.624847e+00 2.254148e-01
1.535156e+00 6.544869e+00 2.209968e-01
1.541016e+00 6.466108e+00 2.166801e-01
1.546875e+00 6.388551e+00 2.124624e-01
1.552734e+00 6.312181e+00 2.083412e-01
1.558594e+00 6.236984e+00 2.043144e-01
1.564453e+00 6.162944e+00 2.003795e-01
1.570312e+00 6.090046e+00 1.965344e-01
1.576172e+00 6.018276e+00 1.927769e-01
1.582031e+00 5.947618e+00 1.891050e-01
1.587891e+00 5.878057e+00 1.855166e-01
1.593750e+00 5.809579e+00 1.820096e-01
1.599609e+00 5.742167e+00 1.785822e-01
1.605469e+00 5.675808e+00 1.752323e-01
1.611328e+00 5.610486e+00 1.719581e-01
1.617188e+00 5.546187e+00 1.687578e-01
1.623047e+00 5.482896e+00 1.656296e-01
1.628906e+00 5.420599e+00 1.625718e-01
1.634766e+00 5.359280e+00 1.595826e-01
1.640625e+00 5.298926e+00 1.566604e-01
1.652344e+00 5.181053e+00 1.510106e-01
1.664062e+00 5.066868e+00 1.456098e-01
1.675781e+00 4.956259e+00 1.404460e-01
1.687500e+00 4.849116e+00 1.355081e-01
1.699219e+00 4.745332e+00 1.307851e-01
1.710938e+00 4.644801e+00 1.262667e-01
1.722656e+00 4.547420e+00 1.219433e-01
1.734375e+00 4.453088e+00 1.178054e-01
1.746094e+00 4.361706e+00 1.138443e-01
1.757812e+00 4.273178e+00 1.100515e-01
1.769531e+00 4.187409e+00 1.064190e-01
1.781250e+00 4.104310e+00 1.029391e-01
1.792969e+00 4.023789e+00 9.960471e-02
1.804688e+00 3.945760e+00 9.640882e-02
1.816406e+00 3.870139e+00 9.334492e-02
1.828125e+00 3.796843e+00 9.040678e-02
1.839844e+00 3.725793e+00 8.758848e-02
1.851562e+00 3.656911e+00 8.488438e-02
1.863281e+00 3.590122e+00 8.228915e-02
1.875000e+00 3.525354e+00 7.979768e-02
1.898438e+00 3.401595e+00 7.510696e-02
1.921875e+00 3.285098e+00 7.077636e-02
1.945312e+00 3.175356e+00 6.677345e-02
1.968750e+00 3.071895e+00 6.306892e-02
1.992188e+00 2.974273e+00 5.963628e-02
2.015625e+00 2.882077e+00 5.645160e-02
2.039062e+00 2.794923e+00 5.349323e-02
2.062500e+00 2.712451e+00 5.074161e-02
2.085938e+00 2.634331e+00 4.817900e-02
2.109375e+00 2.560250e+00 4.578939e-02
2.132812e+00 2.489922e+00 4.355826e-02
2.156250e+00 2.423079e+00 4.147243e-02
2.179688e+00 2.359475e+00 3.952000e-02
2.203125e+00 2.298879e+00 3.769015e-02
2.226562e+00 2.241078e+00 3.597306e-02
2.250000e+00 2.185878e+00 3.435983e-02
2.273438e+00 2.133094e+00 3.284235e-02
2.296875e+00 2.082560e+00 3.141326e-02
2.320312e+00 2.034120e+00 3.006587e-02
2.343750e+00 1.987630e+00 2.879408e-02
2.355469e+00 1.965075e+00 2.818477e-02
2.367188e+00 1.942958e+00 2.759232e-02
2.378906e+00 1.921265e+00 2.701610e-02
2.390625e+00 1.899981e+00 2.645553e-02
2.402344e+00 1.879093e+00 2.591004e-02
2.414062e+00 1.858586e+00 2.537908e-02
2.425781e+00 1.838450e+00 2.486215e-02
2.437500e+00 1.818670e+00 2.435874e-02
2.449219e+00 1.799236e+00 2.386839e-02
2.460938e+00 1.780136e+00 2.339064e-02
2.472656e+00 1.761358e+00 2.292506e-02
2.484375e+00 1.742894e+00 2.247123e-02
2.496094e+00 1.724732e+00 2.202876e-02
2.507812e+00 1.706864e+00 2.159727e-02
2.519531e+00 1.689279e+00 2.117640e-02
2.531250e+00 1.671970e+00 2.076580e-02
2.542969e+00 1.654927e+00 2.036512e-02
2.554688e+00 1.638143e+00 1.997406e-02
2.566406e+00 1.621609e+00 1.959230e-02
2.578125e+00 1.605319e+00 1.921956e-02
2.601562e+00 1.573438e+00 1.849998e-02
2.625000e+00 1.542447e+00 1.781319e-02
2.648438e+00 1.512295e+00 1.715723e-02
2.671875e+00 1.482936e+00 1.653028e-02
2.695312e+00 1.454328e+00 1.593068e-02
2.718750e+00 1.426432e+00 1.535687e-02
2.742188e+00 1.399211e+00 1.480741e-02
2.765625e+00 1.372632e+00 1.428097e-02
2.789062e+00 1.346665e+00 1.377632e-02
2.812500e+00 1.321282e+00 1.329231e-02
2.859375e+00 1.272162e+00 1.238199e-02
2.906250e+00 1.225088e+00 1.154228e-02
2.953125e+00 1.179901e+00 1.076644e-02
3.000000e+00 1.136466e+00 1.004856e-02
3.046875e+00 1.094666e+00 9.383446e-03
3.093750e+00 1.054401e+00 8.766485e-03
3.140625e+00 1.015585e+00 8.193589e-03
3.187500e+00 9.781417e-01 7.661107e-03
3.234375e+00 9.420055e-01 7.165770e-03
3.281250e+00 9.071178e-01 6.704635e-03
3.328125e+00 8.734266e-01 6.275051e-03
3.375000e+00 8.408853e-01 5.874614e-03
3.421875e+00 8.094518e-01 5.501142e-03
3.468750e+00 7.790875e-01 5.152646e-03
3.515625e+00 7.497568e-01 4.827313e-03
3.562500e+00 7.214267e-01 4.523479e-03
3.609375e+00 6.940662e-01 4.239621e-03
3.656250e+00 6.676460e-01 3.974337e-03
3.703125e+00 6.421382e-01 3.726335e-03
3.750000e+00 6.175161e-01 3.494426e-03
3.843750e+00 5.708264e-01 3.074567e-03
3.937500e+00 5.273805e-01 2.706905e-03
4.031250e+00 4.869914e-01 2.384690e-03
4.125000e+00 4.494804e-01 2.102098e-03
4.218750e+00 4.146760e-01 1.854093e-03
4.312500e+00 3.824127e-01 1.636305e-03
4.406250e+00 3.525313e-01 1.444939e-03
4.500000e+00 3.248789e-01 1.276694e-03
4.593750e+00 2.993089e-01 1.128691e-03
4.687500e+00 2.756811e-01 9.984231e-04
4.734375e+00 2.645537e-01 9.392445e-04
4.781250e+00 2.538623e-01 8.837012e-04
4.828125e+00 2.435914e-01 8.315629e-04
4.875000e+00 2.337258e-01 7.826138e-04
4.921875e+00 2.242506e-01 7.366523e-04
4.968750e+00 2.151515e-01 6.934900e-04
5.015625e+00 2.064146e-01 6.529507e-04
5.062500e+00 1.980263e-01 6.148696e-04
5.109375e+00 1.899736e-01 5.790924e-04
5.156250e+00 1.822438e-01 5.454750e-04
5.203125e+00 1.748244e-01 5.138824e-04
5.250000e+00 1.677038e-01 4.841884e-04
5.296875e+00 1.608703e-01 4.562748e-04
5.343750e+00 1.543128e-01 4.300310e-04
5.390625e+00 1.480206e-01 4.053537e-04
5.437500e+00 1.419834e-01 3.821458e-04
5.484375e+00 1.361910e-01 3.603167e-04
5.531250e+00 1.306340e-01 3.397815e-04
5.578125e+00 1.253028e-01 3.204605e-04
5.625000e+00 1.201887e-01 3.022794e-04
5.812500e+00 1.017335e-01 2.396227e-04
6.000000e+00 8.611314e-02 1.903518e-04
6.187500e+00 7.289569e-02 1.515171e-04
6.375000e+00 6.171262e-02 1.208381e-04
6.562500e+00 5.225071e-02 9.654809e-05
6.750000e+00 4.424428e-02 7.727513e-05
6.937500e+00 3.746844e-02 6.195121e-05
7.125000e+00 3.173302e-02 4.974298e-05
7.312500e+00 2.687732e-02 3.999856e-05
7.500000e+00 2.276564e-02 3.220679e-05
7.687500e+00 1.928337e-02 2.596586e-05
7.875000e+00 1.633370e-02 2.095915e-05
8.062500e+00 1.383485e-02 1.693656e-05
8.250000e+00 1.171772e-02 1.370015e-05
8.437500e+00 9.923873e-03 1.109287e-05
8.625000e+00 8.403903e-03 8.989861e-06
8.812500e+00 7.115989e-03 7.291672e-06
9.000000e+00 6.024727e-03 5.918920e-06
9.187500e+00 5.100137e-03 4.808142e-06
9.375000e+00 4.316824e-03 3.908516e-06
9.562500e+00 3.653269e-03 3.179281e-06
9.750000e+00 3.091229e-03 2.587689e-06
9.937500e+00 2.615237e-03 2.107399e-06
1.012500e+01 2.212176e-03 1.717196e-06
1.031250e+01 1.870925e-03 1.399969e-06
1.050000e+01 1.582051e-03 1.141910e-06
1.068750e+01 1.337560e-03 9.318610e-07
1.087500e+01 1.130672e-03 7.607957e-07
1.106250e+01 9.556330e-04 6.214050e-07
1.125000e+01 8.075670e-04 5.077661e-07
1.162500e+01 5.764461e-04 3.394399e-07
1.200000e+01 4.112376e-04 2.272587e-07
1.237500e+01 2.932240e-04 1.523699e-07
1.275000e+01 2.089775e-04 1.022985e-07
1.312500e+01 1.488730e-04 6.877134e-08
1.350000e+01 1.060155e-04 4.629052e-08
1.387500e+01 7.547043e-05 3.119615e-08
1.425000e+01 5.371027e-05 2.104834e-08
1.462500e+01 3.821443e-05 1.421758e-08
1.500000e+01 2.718339e-05 9.614157e-09
1.575000e+01 1.374704e-05 4.409997e-09
1.650000e+01 6.949876e-06 2.031418e-09
1.725000e+01 3.512284e-06 9.392941e-10
1.800000e+01 1.773791e-06 4.356600e-10
1.875000e+01 8.966877e-07 2.029686e-10
1.950000e+01 4.536477e-07 9.493789e-11
2.025000e+01 2.285295e-07 4.434885e-11
2.100000e+01 1.156769e-07 2.087363e-11
2.175000e+01 5.918707e-08 9.956311e-12
2.250000e+01 2.974502e-08 4.675622e-12
2.325000e+01 1.514909e-08 2.230133e-12
2.400000e+01 7.771613e-09 1.073690e-12
2.475000e+01 4.029791e-09 5.235067e-13
2.550000e+01 2.115916e-09 2.589454e-13
2.625000e+01 1.121556e-09 1.295247e-13
2.700000e+01 5.874582e-10 6.412681e-14
2.775000e+01 2.873227e-10 2.969163e-14
2.850000e+01 1.175291e-10 1.151452e-14
2.925000e+01 2.883531e-11 2.682026e-15
3.000000e+01 5.019707e-321 0.000000e+00
