# 
# Output from RAtom program.
# 
# Total radial electron density.
# The first column contains radius $r$ in bohr units.
# The second column holds $\rho(r)$.
# The third column holds $\tilde{\rho}(r) = \rho(r) / (\pi * r * r)$
# 
# Use this file with gnuplot to create the plot.
# 
# R     Rho     RhoTilde
#
0.000000e+00 0.000000e+00 3.398698e+05
7.629395e-05 2.456596e-02 3.358488e+05
1.525879e-04 9.710128e-02 3.318753e+05
2.288818e-04 2.158931e-01 3.279490e+05
3.051758e-04 3.792693e-01 3.240691e+05
3.814697e-04 5.855975e-01 3.202353e+05
4.577637e-04 8.332847e-01 3.164469e+05
5.340576e-04 1.120776e+00 3.127035e+05
6.103516e-04 1.446554e+00 3.090044e+05
6.866455e-04 1.809139e+00 3.053492e+05
7.629395e-04 2.207086e+00 3.017374e+05
8.392334e-04 2.638986e+00 2.981685e+05
9.155273e-04 3.103466e+00 2.946419e+05
9.918213e-04 3.599185e+00 2.911572e+05
1.068115e-03 4.124837e+00 2.877138e+05
1.144409e-03 4.679148e+00 2.843114e+05
1.220703e-03 5.260875e+00 2.809493e+05
1.296997e-03 5.868808e+00 2.776272e+05
1.373291e-03 6.501768e+00 2.743446e+05
1.449585e-03 7.158605e+00 2.711010e+05
1.525879e-03 7.838198e+00 2.678960e+05
1.678467e-03 9.261317e+00 2.615998e+05
1.831055e-03 1.076273e+01 2.554525e+05
1.983643e-03 1.233449e+01 2.494506e+05
2.136230e-03 1.396905e+01 2.435908e+05
2.288818e-03 1.565927e+01 2.378697e+05
2.441406e-03 1.739840e+01 2.322841e+05
2.593994e-03 1.918006e+01 2.268308e+05
2.746582e-03 2.099820e+01 2.215068e+05
2.899170e-03 2.284715e+01 2.163091e+05
3.051758e-03 2.472152e+01 2.112346e+05
3.356934e-03 2.852661e+01 2.014442e+05
3.662109e-03 3.237652e+01 1.921134e+05
3.967285e-03 3.623862e+01 1.832209e+05
4.272461e-03 4.008431e+01 1.747464e+05
4.577637e-03 4.388863e+01 1.666708e+05
4.882812e-03 4.762994e+01 1.589754e+05
5.187988e-03 5.128964e+01 1.516428e+05
5.493164e-03 5.485192e+01 1.446561e+05
5.798340e-03 5.830343e+01 1.379993e+05
6.103516e-03 6.163314e+01 1.316571e+05
6.256104e-03 6.324943e+01 1.285994e+05
6.408691e-03 6.483205e+01 1.256149e+05
6.561279e-03 6.638016e+01 1.227019e+05
6.713867e-03 6.789302e+01 1.198588e+05
6.866455e-03 6.937002e+01 1.170838e+05
7.019043e-03 7.081060e+01 1.143754e+05
7.171631e-03 7.221433e+01 1.117320e+05
7.324219e-03 7.358084e+01 1.091521e+05
7.476807e-03 7.490983e+01 1.066342e+05
7.629395e-03 7.620111e+01 1.041769e+05
7.781982e-03 7.745452e+01 1.017786e+05
7.934570e-03 7.867001e+01 9.943803e+04
8.087158e-03 7.984755e+01 9.715381e+04
8.239746e-03 8.098720e+01 9.492462e+04
8.392334e-03 8.208906e+01 9.274914e+04
8.544922e-03 8.315329e+01 9.062612e+04
8.697510e-03 8.418009e+01 8.855431e+04
8.850098e-03 8.516972e+01 8.653250e+04
9.002686e-03 8.612247e+01 8.455951e+04
9.155273e-03 8.703867e+01 8.263418e+04
9.307861e-03 8.791869e+01 8.075539e+04
9.460449e-03 8.876294e+01 7.892204e+04
9.613037e-03 8.957186e+01 7.713305e+04
9.765625e-03 9.034591e+01 7.538736e+04
9.918213e-03 9.108559e+01 7.368396e+04
1.007080e-02 9.179141e+01 7.202184e+04
1.022339e-02 9.246393e+01 7.040001e+04
1.037598e-02 9.310369e+01 6.881753e+04
1.052856e-02 9.371128e+01 6.727345e+04
1.068115e-02 9.428731e+01 6.576687e+04
1.083374e-02 9.483238e+01 6.429689e+04
1.098633e-02 9.534713e+01 6.286264e+04
1.113892e-02 9.583220e+01 6.146328e+04
1.129150e-02 9.628823e+01 6.009797e+04
1.144409e-02 9.671590e+01 5.876589e+04
1.159668e-02 9.711586e+01 5.746627e+04
1.174927e-02 9.748881e+01 5.619832e+04
1.190186e-02 9.783541e+01 5.496128e+04
1.205444e-02 9.815635e+01 5.375442e+04
1.220703e-02 9.845233e+01 5.257702e+04
1.251221e-02 9.897216e+01 5.030780e+04
1.281738e-02 9.940044e+01 4.814816e+04
1.312256e-02 9.974272e+01 4.609293e+04
1.342773e-02 1.000045e+02 4.413715e+04
1.373291e-02 1.001913e+02 4.227609e+04
1.403809e-02 1.003084e+02 4.050527e+04
1.434326e-02 1.003611e+02 3.882037e+04
1.464844e-02 1.003547e+02 3.721732e+04
1.495361e-02 1.002941e+02 3.569219e+04
1.525879e-02 1.001843e+02 3.424127e+04
1.541138e-02 1.001125e+02 3.354252e+04
1.556396e-02 1.000302e+02 3.286100e+04
1.571655e-02 9.993793e+01 3.219630e+04
1.586914e-02 9.983630e+01 3.154800e+04
1.602173e-02 9.972585e+01 3.091570e+04
1.617432e-02 9.960713e+01 3.029903e+04
1.632690e-02 9.948067e+01 2.969759e+04
1.647949e-02 9.934701e+01 2.911101e+04
1.663208e-02 9.920665e+01 2.853894e+04
1.678467e-02 9.906010e+01 2.798101e+04
1.693726e-02 9.890785e+01 2.743688e+04
1.708984e-02 9.875038e+01 2.690622e+04
1.724243e-02 9.858817e+01 2.638870e+04
1.739502e-02 9.842168e+01 2.588398e+04
1.754761e-02 9.825136e+01 2.539176e+04
1.770020e-02 9.807764e+01 2.491174e+04
1.785278e-02 9.790096e+01 2.444360e+04
1.800537e-02 9.772173e+01 2.398707e+04
1.815796e-02 9.754037e+01 2.354184e+04
1.831055e-02 9.735727e+01 2.310765e+04
1.861572e-02 9.698736e+01 2.227130e+04
1.892090e-02 9.661499e+01 2.147589e+04
1.922607e-02 9.624294e+01 2.071943e+04
1.953125e-02 9.587384e+01 2.000001e+04
1.983643e-02 9.551015e+01 1.931580e+04
2.014160e-02 9.515417e+01 1.866509e+04
2.044678e-02 9.480807e+01 1.804620e+04
2.075195e-02 9.447383e+01 1.745757e+04
2.105713e-02 9.415331e+01 1.689769e+04
2.136230e-02 9.384820e+01 1.636515e+04
2.166748e-02 9.356007e+01 1.585856e+04
2.197266e-02 9.329036e+01 1.537665e+04
2.227783e-02 9.304035e+01 1.491817e+04
2.258301e-02 9.281122e+01 1.448195e+04
2.288818e-02 9.260402e+01 1.406686e+04
2.319336e-02 9.241967e+01 1.367185e+04
2.349854e-02 9.225900e+01 1.329589e+04
2.380371e-02 9.212270e+01 1.293801e+04
2.410889e-02 9.201140e+01 1.259730e+04
2.441406e-02 9.192559e+01 1.227288e+04
2.471924e-02 9.186568e+01 1.196391e+04
2.502441e-02 9.183200e+01 1.166961e+04
2.532959e-02 9.182477e+01 1.138921e+04
2.563477e-02 9.184416e+01 1.112200e+04
2.593994e-02 9.189023e+01 1.086730e+04
2.624512e-02 9.196298e+01 1.062444e+04
2.655029e-02 9.206236e+01 1.039282e+04
2.685547e-02 9.218822e+01 1.017185e+04
2.716064e-02 9.234037e+01 9.960970e+03
2.746582e-02 9.251856e+01 9.759642e+03
2.777100e-02 9.272249e+01 9.567364e+03
2.807617e-02 9.295179e+01 9.383656e+03
2.838135e-02 9.320605e+01 9.208062e+03
2.868652e-02 9.348484e+01 9.040147e+03
2.899170e-02 9.378767e+01 8.879500e+03
2.929688e-02 9.411400e+01 8.725730e+03
2.960205e-02 9.446327e+01 8.578464e+03
2.990723e-02 9.483490e+01 8.437350e+03
3.021240e-02 9.522826e+01 8.302052e+03
3.051758e-02 9.564271e+01 8.172254e+03
3.067017e-02 9.585763e+01 8.109323e+03
3.082275e-02 9.607757e+01 8.047654e+03
3.097534e-02 9.630244e+01 7.987212e+03
3.112793e-02 9.653216e+01 7.927964e+03
3.128052e-02 9.676663e+01 7.869876e+03
3.143311e-02 9.700576e+01 7.812914e+03
3.158569e-02 9.724946e+01 7.757049e+03
3.173828e-02 9.749765e+01 7.702247e+03
3.189087e-02 9.775022e+01 7.648480e+03
3.204346e-02 9.800708e+01 7.595719e+03
3.211975e-02 9.813709e+01 7.569706e+03
3.219604e-02 9.826814e+01 7.543933e+03
3.227234e-02 9.840022e+01 7.518398e+03
3.234863e-02 9.853331e+01 7.493097e+03
3.242493e-02 9.866741e+01 7.468026e+03
3.250122e-02 9.880249e+01 7.443183e+03
3.257751e-02 9.893855e+01 7.418563e+03
3.265381e-02 9.907558e+01 7.394164e+03
3.273010e-02 9.921356e+01 7.369982e+03
3.280640e-02 9.935248e+01 7.346015e+03
3.288269e-02 9.949233e+01 7.322258e+03
3.295898e-02 9.963310e+01 7.298710e+03
3.303528e-02 9.977477e+01 7.275368e+03
3.311157e-02 9.991734e+01 7.252227e+03
3.318787e-02 1.000608e+02 7.229286e+03
3.326416e-02 1.002051e+02 7.206541e+03
3.334045e-02 1.003503e+02 7.183989e+03
3.341675e-02 1.004963e+02 7.161629e+03
3.349304e-02 1.006431e+02 7.139456e+03
3.356934e-02 1.007908e+02 7.117469e+03
3.387451e-02 1.013894e+02 7.031318e+03
3.417969e-02 1.020002e+02 6.947921e+03
3.448486e-02 1.026223e+02 6.867122e+03
3.479004e-02 1.032549e+02 6.788770e+03
3.509521e-02 1.038973e+02 6.712724e+03
3.540039e-02 1.045488e+02 6.638851e+03
3.570557e-02 1.052084e+02 6.567026e+03
3.601074e-02 1.058755e+02 6.497129e+03
3.631592e-02 1.065493e+02 6.429047e+03
3.662109e-02 1.072290e+02 6.362676e+03
3.723145e-02 1.086033e+02 6.234670e+03
3.784180e-02 1.099926e+02 6.112377e+03
3.845215e-02 1.113912e+02 5.995147e+03
3.906250e-02 1.127937e+02 5.882405e+03
3.967285e-02 1.141948e+02 5.773641e+03
4.028320e-02 1.155897e+02 5.668408e+03
4.089355e-02 1.169734e+02 5.566311e+03
4.150391e-02 1.183415e+02 5.467003e+03
4.211426e-02 1.196898e+02 5.370183e+03
4.272461e-02 1.210144e+02 5.275588e+03
4.302979e-02 1.216665e+02 5.229052e+03
4.333496e-02 1.223114e+02 5.182989e+03
4.364014e-02 1.229485e+02 5.137375e+03
4.394531e-02 1.235775e+02 5.092188e+03
4.425049e-02 1.241980e+02 5.047409e+03
4.455566e-02 1.248095e+02 5.003017e+03
4.486084e-02 1.254118e+02 4.958996e+03
4.516602e-02 1.260045e+02 4.915330e+03
4.547119e-02 1.265873e+02 4.872004e+03
4.577637e-02 1.271599e+02 4.829004e+03
4.608154e-02 1.277219e+02 4.786318e+03
4.638672e-02 1.282732e+02 4.743935e+03
4.669189e-02 1.288134e+02 4.701845e+03
4.699707e-02 1.293424e+02 4.660037e+03
4.730225e-02 1.298598e+02 4.618504e+03
4.760742e-02 1.303655e+02 4.577238e+03
4.791260e-02 1.308593e+02 4.536232e+03
4.821777e-02 1.313410e+02 4.495480e+03
4.852295e-02 1.318104e+02 4.454976e+03
4.882812e-02 1.322674e+02 4.414715e+03
4.943848e-02 1.331435e+02 4.334908e+03
5.004883e-02 1.339684e+02 4.256029e+03
5.065918e-02 1.347413e+02 4.178059e+03
5.126953e-02 1.354617e+02 4.100983e+03
5.187988e-02 1.361292e+02 4.024792e+03
5.249023e-02 1.367436e+02 3.949483e+03
5.310059e-02 1.373050e+02 3.875056e+03
5.371094e-02 1.378135e+02 3.801512e+03
5.432129e-02 1.382694e+02 3.728859e+03
5.493164e-02 1.386731e+02 3.657103e+03
5.523682e-02 1.388556e+02 3.621565e+03
5.554199e-02 1.390253e+02 3.586254e+03
5.584717e-02 1.391823e+02 3.551173e+03
5.615234e-02 1.393267e+02 3.516323e+03
5.645752e-02 1.394586e+02 3.481704e+03
5.676270e-02 1.395781e+02 3.447319e+03
5.706787e-02 1.396854e+02 3.413168e+03
5.737305e-02 1.397805e+02 3.379255e+03
5.767822e-02 1.398636e+02 3.345579e+03
5.798340e-02 1.399349e+02 3.312142e+03
5.828857e-02 1.399945e+02 3.278946e+03
5.859375e-02 1.400425e+02 3.245992e+03
5.889893e-02 1.400791e+02 3.213282e+03
5.920410e-02 1.401045e+02 3.180817e+03
5.950928e-02 1.401188e+02 3.148599e+03
5.981445e-02 1.401222e+02 3.116628e+03
6.011963e-02 1.401149e+02 3.084906e+03
6.042480e-02 1.400970e+02 3.053434e+03
6.072998e-02 1.400688e+02 3.022214e+03
6.103516e-02 1.400304e+02 2.991247e+03
6.134033e-02 1.399819e+02 2.960533e+03
6.164551e-02 1.399237e+02 2.930074e+03
6.195068e-02 1.398558e+02 2.899870e+03
6.225586e-02 1.397786e+02 2.869923e+03
6.256104e-02 1.396921e+02 2.840234e+03
6.286621e-02 1.395966e+02 2.810803e+03
6.317139e-02 1.394923e+02 2.781630e+03
6.347656e-02 1.393793e+02 2.752718e+03
6.378174e-02 1.392580e+02 2.724065e+03
6.408691e-02 1.391284e+02 2.695674e+03
6.416321e-02 1.390948e+02 2.688617e+03
6.423950e-02 1.390607e+02 2.681576e+03
6.431580e-02 1.390260e+02 2.674552e+03
6.439209e-02 1.389909e+02 2.667543e+03
6.446838e-02 1.389553e+02 2.660552e+03
6.454468e-02 1.389192e+02 2.653576e+03
6.462097e-02 1.388826e+02 2.646617e+03
6.469727e-02 1.388456e+02 2.639675e+03
6.477356e-02 1.388081e+02 2.632748e+03
6.484985e-02 1.387701e+02 2.625839e+03
6.492615e-02 1.387316e+02 2.618945e+03
6.500244e-02 1.386927e+02 2.612068e+03
6.507874e-02 1.386533e+02 2.605207e+03
6.515503e-02 1.386135e+02 2.598363e+03
6.523132e-02 1.385732e+02 2.591535e+03
6.530762e-02 1.385325e+02 2.584724e+03
6.538391e-02 1.384913e+02 2.577928e+03
6.546021e-02 1.384497e+02 2.571150e+03
6.553650e-02 1.384076e+02 2.564387e+03
6.561279e-02 1.383651e+02 2.557642e+03
6.576538e-02 1.382788e+02 2.544199e+03
6.591797e-02 1.381908e+02 2.530822e+03
6.607056e-02 1.381011e+02 2.517511e+03
6.622314e-02 1.380098e+02 2.504265e+03
6.637573e-02 1.379168e+02 2.491085e+03
6.652832e-02 1.378222e+02 2.477971e+03
6.668091e-02 1.377261e+02 2.464922e+03
6.683350e-02 1.376284e+02 2.451939e+03
6.698608e-02 1.375291e+02 2.439022e+03
6.713867e-02 1.374284e+02 2.426170e+03
6.774902e-02 1.370112e+02 2.375418e+03
6.835938e-02 1.365721e+02 2.325712e+03
6.896973e-02 1.361129e+02 2.277049e+03
6.958008e-02 1.356353e+02 2.229426e+03
7.019043e-02 1.351408e+02 2.182835e+03
7.080078e-02 1.346312e+02 2.137272e+03
7.141113e-02 1.341081e+02 2.092730e+03
7.202148e-02 1.335729e+02 2.049200e+03
7.263184e-02 1.330273e+02 2.006674e+03
7.324219e-02 1.324728e+02 1.965143e+03
7.385254e-02 1.319108e+02 1.924596e+03
7.446289e-02 1.313428e+02 1.885023e+03
7.507324e-02 1.307702e+02 1.846413e+03
7.568359e-02 1.301945e+02 1.808753e+03
7.629395e-02 1.296168e+02 1.772031e+03
7.690430e-02 1.290385e+02 1.736234e+03
7.751465e-02 1.284609e+02 1.701349e+03
7.812500e-02 1.278851e+02 1.667362e+03
7.873535e-02 1.273123e+02 1.634259e+03
7.934570e-02 1.267436e+02 1.602026e+03
7.995605e-02 1.261801e+02 1.570646e+03
8.056641e-02 1.256229e+02 1.540107e+03
8.117676e-02 1.250728e+02 1.510392e+03
8.178711e-02 1.245308e+02 1.481485e+03
8.239746e-02 1.239978e+02 1.453371e+03
8.300781e-02 1.234747e+02 1.426035e+03
8.361816e-02 1.229621e+02 1.399459e+03
8.422852e-02 1.224610e+02 1.373629e+03
8.483887e-02 1.219719e+02 1.348528e+03
8.544922e-02 1.214955e+02 1.324141e+03
8.605957e-02 1.210324e+02 1.300450e+03
8.666992e-02 1.205833e+02 1.277440e+03
8.728027e-02 1.201486e+02 1.255095e+03
8.789062e-02 1.197287e+02 1.233398e+03
8.850098e-02 1.193242e+02 1.212335e+03
8.911133e-02 1.189355e+02 1.191889e+03
8.972168e-02 1.185628e+02 1.172043e+03
9.033203e-02 1.182065e+02 1.152784e+03
9.094238e-02 1.178669e+02 1.134094e+03
9.155273e-02 1.175442e+02 1.115960e+03
9.216309e-02 1.172386e+02 1.098365e+03
9.277344e-02 1.169503e+02 1.081295e+03
9.338379e-02 1.166794e+02 1.064735e+03
9.399414e-02 1.164260e+02 1.048670e+03
9.460449e-02 1.161902e+02 1.033085e+03
9.521484e-02 1.159720e+02 1.017968e+03
9.582520e-02 1.157715e+02 1.003303e+03
9.643555e-02 1.155885e+02 9.890776e+02
9.704590e-02 1.154230e+02 9.752774e+02
9.765625e-02 1.152750e+02 9.618894e+02
9.826660e-02 1.151443e+02 9.489006e+02
9.887695e-02 1.150308e+02 9.362981e+02
9.948730e-02 1.149343e+02 9.240694e+02
1.000977e-01 1.148547e+02 9.122023e+02
1.007080e-01 1.147917e+02 9.006847e+02
1.013184e-01 1.147452e+02 8.895049e+02
1.019287e-01 1.147148e+02 8.786512e+02
1.025391e-01 1.147003e+02 8.681126e+02
1.031494e-01 1.147014e+02 8.578779e+02
1.037598e-01 1.147179e+02 8.479365e+02
1.043701e-01 1.147493e+02 8.382777e+02
1.049805e-01 1.147954e+02 8.288916e+02
1.055908e-01 1.148558e+02 8.197679e+02
1.062012e-01 1.149302e+02 8.108971e+02
1.068115e-01 1.150182e+02 8.022697e+02
1.074219e-01 1.151193e+02 7.938765e+02
1.080322e-01 1.152333e+02 7.857085e+02
1.086426e-01 1.153596e+02 7.777570e+02
1.092529e-01 1.154980e+02 7.700136e+02
1.098633e-01 1.156479e+02 7.624700e+02
1.110840e-01 1.159807e+02 7.479507e+02
1.123047e-01 1.163545e+02 7.341380e+02
1.135254e-01 1.167659e+02 7.209747e+02
1.147461e-01 1.172110e+02 7.084069e+02
1.159668e-01 1.176864e+02 6.963844e+02
1.171875e-01 1.181883e+02 6.848602e+02
1.184082e-01 1.187130e+02 6.737904e+02
1.196289e-01 1.192570e+02 6.631345e+02
1.208496e-01 1.198165e+02 6.528545e+02
1.220703e-01 1.203882e+02 6.429156e+02
1.226807e-01 1.206775e+02 6.380638e+02
1.232910e-01 1.209685e+02 6.332854e+02
1.239014e-01 1.212608e+02 6.285766e+02
1.245117e-01 1.215539e+02 6.239341e+02
1.251221e-01 1.218476e+02 6.193544e+02
1.257324e-01 1.221413e+02 6.148344e+02
1.263428e-01 1.224347e+02 6.103711e+02
1.269531e-01 1.227274e+02 6.059613e+02
1.275635e-01 1.230190e+02 6.016025e+02
1.281738e-01 1.233091e+02 5.972919e+02
1.283264e-01 1.233814e+02 5.962215e+02
1.284790e-01 1.234535e+02 5.951539e+02
1.286316e-01 1.235255e+02 5.940890e+02
1.287842e-01 1.235974e+02 5.930270e+02
1.289368e-01 1.236691e+02 5.919676e+02
1.290894e-01 1.237407e+02 5.909108e+02
1.292419e-01 1.238122e+02 5.898567e+02
1.293945e-01 1.238835e+02 5.888052e+02
1.295471e-01 1.239546e+02 5.877563e+02
1.296997e-01 1.240256e+02 5.867099e+02
1.298523e-01 1.240964e+02 5.856659e+02
1.300049e-01 1.241670e+02 5.846245e+02
1.301575e-01 1.242374e+02 5.835854e+02
1.303101e-01 1.243077e+02 5.825487e+02
1.304626e-01 1.243778e+02 5.815144e+02
1.306152e-01 1.244476e+02 5.804824e+02
1.307678e-01 1.245173e+02 5.794527e+02
1.309204e-01 1.245868e+02 5.784253e+02
1.310730e-01 1.246560e+02 5.774001e+02
1.312256e-01 1.247250e+02 5.763771e+02
1.315308e-01 1.248624e+02 5.743375e+02
1.318359e-01 1.249989e+02 5.723064e+02
1.321411e-01 1.251343e+02 5.702834e+02
1.324463e-01 1.252688e+02 5.682684e+02
1.327515e-01 1.254022e+02 5.662612e+02
1.330566e-01 1.255346e+02 5.642615e+02
1.333618e-01 1.256658e+02 5.622692e+02
1.336670e-01 1.257959e+02 5.602839e+02
1.339722e-01 1.259247e+02 5.583056e+02
1.342773e-01 1.260524e+02 5.563341e+02
1.354980e-01 1.265499e+02 5.485116e+02
1.367188e-01 1.270250e+02 5.407832e+02
1.379395e-01 1.274757e+02 5.331391e+02
1.391602e-01 1.279001e+02 5.255708e+02
1.403809e-01 1.282965e+02 5.180708e+02
1.416016e-01 1.286633e+02 5.106327e+02
1.428223e-01 1.289990e+02 5.032512e+02
1.440430e-01 1.293025e+02 4.959215e+02
1.452637e-01 1.295725e+02 4.886398e+02
1.464844e-01 1.298080e+02 4.814031e+02
1.477051e-01 1.300081e+02 4.742090e+02
1.489258e-01 1.301722e+02 4.670555e+02
1.501465e-01 1.302995e+02 4.599414e+02
1.513672e-01 1.303896e+02 4.528660e+02
1.525879e-01 1.304422e+02 4.458287e+02
1.538086e-01 1.304569e+02 4.388297e+02
1.550293e-01 1.304337e+02 4.318694e+02
1.562500e-01 1.303725e+02 4.249483e+02
1.574707e-01 1.302734e+02 4.180674e+02
1.586914e-01 1.301366e+02 4.112280e+02
1.593018e-01 1.300541e+02 4.078242e+02
1.599121e-01 1.299623e+02 4.044313e+02
1.605225e-01 1.298612e+02 4.010494e+02
1.611328e-01 1.297509e+02 3.976789e+02
1.617432e-01 1.296314e+02 3.943198e+02
1.623535e-01 1.295029e+02 3.909724e+02
1.629639e-01 1.293653e+02 3.876370e+02
1.635742e-01 1.292187e+02 3.843137e+02
1.641846e-01 1.290633e+02 3.810029e+02
1.647949e-01 1.288991e+02 3.777046e+02
1.654053e-01 1.287262e+02 3.744193e+02
1.660156e-01 1.285446e+02 3.711471e+02
1.666260e-01 1.283545e+02 3.678883e+02
1.672363e-01 1.281560e+02 3.646431e+02
1.678467e-01 1.279492e+02 3.614118e+02
1.684570e-01 1.277342e+02 3.581946e+02
1.690674e-01 1.275111e+02 3.549918e+02
1.696777e-01 1.272799e+02 3.518037e+02
1.702881e-01 1.270409e+02 3.486304e+02
1.708984e-01 1.267942e+02 3.454723e+02
1.721191e-01 1.262778e+02 3.392024e+02
1.733398e-01 1.257320e+02 3.329961e+02
1.745605e-01 1.251577e+02 3.268552e+02
1.757812e-01 1.245559e+02 3.207816e+02
1.770020e-01 1.239279e+02 3.147771e+02
1.782227e-01 1.232747e+02 3.088435e+02
1.794434e-01 1.225976e+02 3.029823e+02
1.806641e-01 1.218977e+02 2.971953e+02
1.818848e-01 1.211761e+02 2.914839e+02
1.831055e-01 1.204342e+02 2.858495e+02
1.843262e-01 1.196732e+02 2.802935e+02
1.855469e-01 1.188942e+02 2.748171e+02
1.867676e-01 1.180986e+02 2.694214e+02
1.879883e-01 1.172876e+02 2.641074e+02
1.892090e-01 1.164623e+02 2.588762e+02
1.904297e-01 1.156241e+02 2.537285e+02
1.916504e-01 1.147742e+02 2.486652e+02
1.928711e-01 1.139138e+02 2.436868e+02
1.940918e-01 1.130440e+02 2.387940e+02
1.953125e-01 1.121662e+02 2.339871e+02
1.977539e-01 1.103908e+02 2.246327e+02
2.001953e-01 1.085970e+02 2.156255e+02
2.026367e-01 1.067935e+02 2.069658e+02
2.050781e-01 1.049889e+02 1.986529e+02
2.075195e-01 1.031913e+02 1.906845e+02
2.099609e-01 1.014085e+02 1.830575e+02
2.124023e-01 9.964760e+01 1.757674e+02
2.148438e-01 9.791538e+01 1.688090e+02
2.172852e-01 9.621811e+01 1.621761e+02
2.197266e-01 9.456154e+01 1.558617e+02
2.209473e-01 9.375017e+01 1.528217e+02
2.221680e-01 9.295091e+01 1.498583e+02
2.233887e-01 9.216432e+01 1.469707e+02
2.246094e-01 9.139095e+01 1.441576e+02
2.258301e-01 9.063133e+01 1.414181e+02
2.270508e-01 8.988592e+01 1.387509e+02
2.282715e-01 8.915519e+01 1.361550e+02
2.294922e-01 8.843955e+01 1.336290e+02
2.307129e-01 8.773940e+01 1.311720e+02
2.319336e-01 8.705510e+01 1.287826e+02
2.331543e-01 8.638698e+01 1.264595e+02
2.343750e-01 8.573535e+01 1.242017e+02
2.355957e-01 8.510048e+01 1.220077e+02
2.368164e-01 8.448261e+01 1.198765e+02
2.380371e-01 8.388198e+01 1.178066e+02
2.392578e-01 8.329877e+01 1.157968e+02
2.404785e-01 8.273315e+01 1.138458e+02
2.416992e-01 8.218527e+01 1.119525e+02
2.429199e-01 8.165524e+01 1.101154e+02
2.441406e-01 8.114315e+01 1.083333e+02
2.453613e-01 8.064908e+01 1.066049e+02
2.465820e-01 8.017307e+01 1.049291e+02
2.478027e-01 7.971514e+01 1.033044e+02
2.490234e-01 7.927530e+01 1.017297e+02
2.502441e-01 7.885354e+01 1.002036e+02
2.514648e-01 7.844980e+01 9.872507e+01
2.526855e-01 7.806405e+01 9.729273e+01
2.539062e-01 7.769619e+01 9.590540e+01
2.551270e-01 7.734613e+01 9.456187e+01
2.563477e-01 7.701377e+01 9.326094e+01
2.566528e-01 7.693343e+01 9.294223e+01
2.569580e-01 7.685418e+01 9.262609e+01
2.572632e-01 7.677603e+01 9.231250e+01
2.575684e-01 7.669897e+01 9.200144e+01
2.578735e-01 7.662299e+01 9.169290e+01
2.581787e-01 7.654811e+01 9.138685e+01
2.584839e-01 7.647430e+01 9.108329e+01
2.587891e-01 7.640158e+01 9.078219e+01
2.590942e-01 7.632994e+01 9.048353e+01
2.593994e-01 7.625937e+01 9.018730e+01
2.595520e-01 7.622449e+01 9.004009e+01
2.597046e-01 7.618988e+01 8.989348e+01
2.598572e-01 7.615553e+01 8.974746e+01
2.600098e-01 7.612146e+01 8.960204e+01
2.601624e-01 7.608765e+01 8.945722e+01
2.603149e-01 7.605410e+01 8.931298e+01
2.604675e-01 7.602082e+01 8.916933e+01
2.606201e-01 7.598781e+01 8.902628e+01
2.607727e-01 7.595507e+01 8.888380e+01
2.609253e-01 7.592259e+01 8.874191e+01
2.610779e-01 7.589037e+01 8.860060e+01
2.612305e-01 7.585842e+01 8.845987e+01
2.613831e-01 7.582674e+01 8.831971e+01
2.615356e-01 7.579531e+01 8.818013e+01
2.616882e-01 7.576416e+01 8.804111e+01
2.618408e-01 7.573326e+01 8.790267e+01
2.619934e-01 7.570262e+01 8.776480e+01
2.621460e-01 7.567225e+01 8.762748e+01
2.622986e-01 7.564214e+01 8.749073e+01
2.624512e-01 7.561229e+01 8.735455e+01
2.630615e-01 7.549550e+01 8.681536e+01
2.636719e-01 7.538286e+01 8.628496e+01
2.642822e-01 7.527434e+01 8.576324e+01
2.648926e-01 7.516991e+01 8.525003e+01
2.655029e-01 7.506954e+01 8.474523e+01
2.661133e-01 7.497321e+01 8.424868e+01
2.667236e-01 7.488088e+01 8.376027e+01
2.673340e-01 7.479253e+01 8.327986e+01
2.679443e-01 7.470811e+01 8.280732e+01
2.685547e-01 7.462761e+01 8.234253e+01
2.709961e-01 7.434404e+01 8.055829e+01
2.734375e-01 7.412031e+01 7.888805e+01
2.758789e-01 7.395411e+01 7.732420e+01
2.783203e-01 7.384299e+01 7.585944e+01
2.807617e-01 7.378444e+01 7.448677e+01
2.832031e-01 7.377583e+01 7.319951e+01
2.856445e-01 7.381450e+01 7.199129e+01
2.880859e-01 7.389770e+01 7.085605e+01
2.905273e-01 7.402268e+01 6.978802e+01
2.929688e-01 7.418664e+01 6.878176e+01
2.941895e-01 7.428237e+01 6.830016e+01
2.954102e-01 7.438680e+01 6.783209e+01
2.966309e-01 7.449958e+01 6.737694e+01
2.978516e-01 7.462036e+01 6.693414e+01
2.990723e-01 7.474878e+01 6.650312e+01
3.002930e-01 7.488452e+01 6.608332e+01
3.015137e-01 7.502721e+01 6.567422e+01
3.027344e-01 7.517653e+01 6.527531e+01
3.039551e-01 7.533212e+01 6.488608e+01
3.051758e-01 7.549366e+01 6.450605e+01
3.063965e-01 7.566080e+01 6.413476e+01
3.076172e-01 7.583321e+01 6.377176e+01
3.088379e-01 7.601057e+01 6.341660e+01
3.100586e-01 7.619255e+01 6.306888e+01
3.112793e-01 7.637882e+01 6.272817e+01
3.125000e-01 7.656908e+01 6.239410e+01
3.137207e-01 7.676300e+01 6.206628e+01
3.149414e-01 7.696028e+01 6.174435e+01
3.161621e-01 7.716060e+01 6.142796e+01
3.173828e-01 7.736368e+01 6.111677e+01
3.186035e-01 7.756920e+01 6.081046e+01
3.198242e-01 7.777689e+01 6.050872e+01
3.210449e-01 7.798644e+01 6.021125e+01
3.222656e-01 7.819759e+01 5.991776e+01
3.234863e-01 7.841005e+01 5.962797e+01
3.247070e-01 7.862356e+01 5.934162e+01
3.259277e-01 7.883783e+01 5.905847e+01
3.271484e-01 7.905262e+01 5.877826e+01
3.283691e-01 7.926767e+01 5.850077e+01
3.295898e-01 7.948272e+01 5.822577e+01
3.308105e-01 7.969754e+01 5.795305e+01
3.320312e-01 7.991187e+01 5.768243e+01
3.332520e-01 8.012549e+01 5.741369e+01
3.344727e-01 8.033817e+01 5.714666e+01
3.356934e-01 8.054969e+01 5.688117e+01
3.369141e-01 8.075983e+01 5.661705e+01
3.381348e-01 8.096837e+01 5.635415e+01
3.393555e-01 8.117511e+01 5.609231e+01
3.405762e-01 8.137986e+01 5.583140e+01
3.417969e-01 8.158241e+01 5.557129e+01
3.442383e-01 8.198018e+01 5.505296e+01
3.466797e-01 8.236699e+01 5.453641e+01
3.491211e-01 8.274148e+01 5.402083e+01
3.515625e-01 8.310238e+01 5.350551e+01
3.540039e-01 8.344853e+01 5.298985e+01
3.564453e-01 8.377883e+01 5.247333e+01
3.588867e-01 8.409229e+01 5.195550e+01
3.613281e-01 8.438797e+01 5.143600e+01
3.637695e-01 8.466505e+01 5.091452e+01
3.662109e-01 8.492277e+01 5.039085e+01
3.686523e-01 8.516045e+01 4.986480e+01
3.710938e-01 8.537747e+01 4.933625e+01
3.735352e-01 8.557332e+01 4.880514e+01
3.759766e-01 8.574752e+01 4.827143e+01
3.784180e-01 8.589969e+01 4.773514e+01
3.808594e-01 8.602950e+01 4.719633e+01
3.833008e-01 8.613668e+01 4.665507e+01
3.857422e-01 8.622103e+01 4.611148e+01
3.881836e-01 8.628241e+01 4.556570e+01
3.906250e-01 8.632073e+01 4.501789e+01
3.918457e-01 8.633123e+01 4.474329e+01
3.930664e-01 8.633595e+01 4.446824e+01
3.942871e-01 8.633490e+01 4.419278e+01
3.955078e-01 8.632807e+01 4.391694e+01
3.967285e-01 8.631549e+01 4.364073e+01
3.979492e-01 8.629716e+01 4.336420e+01
3.991699e-01 8.627310e+01 4.308736e+01
4.003906e-01 8.624333e+01 4.281026e+01
4.016113e-01 8.620786e+01 4.253291e+01
4.028320e-01 8.616671e+01 4.225535e+01
4.040527e-01 8.611992e+01 4.197761e+01
4.052734e-01 8.606751e+01 4.169972e+01
4.064941e-01 8.600951e+01 4.142171e+01
4.077148e-01 8.594595e+01 4.114362e+01
4.089355e-01 8.587686e+01 4.086548e+01
4.101562e-01 8.580228e+01 4.058731e+01
4.113770e-01 8.572225e+01 4.030917e+01
4.125977e-01 8.563681e+01 4.003106e+01
4.138184e-01 8.554600e+01 3.975304e+01
4.150391e-01 8.544986e+01 3.947513e+01
4.162598e-01 8.534844e+01 3.919736e+01
4.174805e-01 8.524178e+01 3.891978e+01
4.187012e-01 8.512993e+01 3.864240e+01
4.199219e-01 8.501295e+01 3.836527e+01
4.211426e-01 8.489088e+01 3.808841e+01
4.223633e-01 8.476378e+01 3.781187e+01
4.235840e-01 8.463169e+01 3.753566e+01
4.248047e-01 8.449468e+01 3.725983e+01
4.260254e-01 8.435280e+01 3.698441e+01
4.272461e-01 8.420611e+01 3.670942e+01
4.284668e-01 8.405467e+01 3.643491e+01
4.296875e-01 8.389854e+01 3.616089e+01
4.309082e-01 8.373777e+01 3.588740e+01
4.321289e-01 8.357243e+01 3.561447e+01
4.333496e-01 8.340258e+01 3.534214e+01
4.345703e-01 8.322829e+01 3.507042e+01
4.357910e-01 8.304962e+01 3.479936e+01
4.370117e-01 8.286664e+01 3.452897e+01
4.382324e-01 8.267940e+01 3.425930e+01
4.394531e-01 8.248798e+01 3.399035e+01
4.418945e-01 8.209285e+01 3.345478e+01
4.443359e-01 8.168179e+01 3.292248e+01
4.467773e-01 8.125534e+01 3.239364e+01
4.492188e-01 8.081407e+01 3.186848e+01
4.516602e-01 8.035852e+01 3.134718e+01
4.541016e-01 7.988926e+01 3.082993e+01
4.565430e-01 7.940684e+01 3.031690e+01
4.589844e-01 7.891184e+01 2.980825e+01
4.614258e-01 7.840482e+01 2.930415e+01
4.638672e-01 7.788634e+01 2.880475e+01
4.663086e-01 7.735695e+01 2.831018e+01
4.687500e-01 7.681722e+01 2.782058e+01
4.711914e-01 7.626770e+01 2.733607e+01
4.736328e-01 7.570894e+01 2.685677e+01
4.760742e-01 7.514148e+01 2.638278e+01
4.785156e-01 7.456586e+01 2.591421e+01
4.809570e-01 7.398262e+01 2.545114e+01
4.833984e-01 7.339228e+01 2.499367e+01
4.858398e-01 7.279535e+01 2.454186e+01
4.882812e-01 7.219235e+01 2.409579e+01
4.907227e-01 7.158377e+01 2.365552e+01
4.931641e-01 7.097011e+01 2.322110e+01
4.956055e-01 7.035186e+01 2.279258e+01
4.980469e-01 6.972948e+01 2.237001e+01
5.004883e-01 6.910344e+01 2.195341e+01
5.029297e-01 6.847419e+01 2.154282e+01
5.053711e-01 6.784218e+01 2.113825e+01
5.078125e-01 6.720784e+01 2.073974e+01
5.102539e-01 6.657159e+01 2.034728e+01
5.126953e-01 6.593385e+01 1.996089e+01
5.133057e-01 6.577423e+01 1.986524e+01
5.139160e-01 6.561455e+01 1.976997e+01
5.145264e-01 6.545481e+01 1.967508e+01
5.151367e-01 6.529502e+01 1.958056e+01
5.157471e-01 6.513519e+01 1.948643e+01
5.163574e-01 6.497532e+01 1.939267e+01
5.169678e-01 6.481541e+01 1.929930e+01
5.175781e-01 6.465549e+01 1.920630e+01
5.181885e-01 6.449554e+01 1.911368e+01
5.187988e-01 6.433558e+01 1.902144e+01
5.189514e-01 6.429559e+01 1.899844e+01
5.191040e-01 6.425559e+01 1.897546e+01
5.192566e-01 6.421560e+01 1.895251e+01
5.194092e-01 6.417561e+01 1.892958e+01
5.195618e-01 6.413561e+01 1.890667e+01
5.197144e-01 6.409562e+01 1.888379e+01
5.198669e-01 6.405563e+01 1.886093e+01
5.200195e-01 6.401564e+01 1.883809e+01
5.201721e-01 6.397564e+01 1.881528e+01
5.203247e-01 6.393565e+01 1.879249e+01
5.204773e-01 6.389566e+01 1.876972e+01
5.206299e-01 6.385567e+01 1.874698e+01
5.207825e-01 6.381568e+01 1.872427e+01
5.209351e-01 6.377568e+01 1.870157e+01
5.210876e-01 6.373569e+01 1.867890e+01
5.212402e-01 6.369570e+01 1.865625e+01
5.213928e-01 6.365572e+01 1.863363e+01
5.215454e-01 6.361573e+01 1.861103e+01
5.216980e-01 6.357574e+01 1.858845e+01
5.218506e-01 6.353575e+01 1.856590e+01
5.221558e-01 6.345579e+01 1.852086e+01
5.224609e-01 6.337583e+01 1.847592e+01
5.227661e-01 6.329587e+01 1.843107e+01
5.230713e-01 6.321592e+01 1.838632e+01
5.233765e-01 6.313598e+01 1.834166e+01
5.236816e-01 6.305605e+01 1.829710e+01
5.239868e-01 6.297612e+01 1.825263e+01
5.242920e-01 6.289621e+01 1.820825e+01
5.245972e-01 6.281630e+01 1.816396e+01
5.249023e-01 6.273641e+01 1.811977e+01
5.261230e-01 6.241696e+01 1.794395e+01
5.273438e-01 6.209774e+01 1.776963e+01
5.285645e-01 6.177880e+01 1.759680e+01
5.297852e-01 6.146016e+01 1.742546e+01
5.310059e-01 6.114187e+01 1.725561e+01
5.322266e-01 6.082398e+01 1.708724e+01
5.334473e-01 6.050651e+01 1.692035e+01
5.346680e-01 6.018951e+01 1.675493e+01
5.358887e-01 5.987301e+01 1.659098e+01
5.371094e-01 5.955706e+01 1.642850e+01
5.419922e-01 5.829936e+01 1.579312e+01
5.468750e-01 5.705308e+01 1.518074e+01
5.517578e-01 5.582023e+01 1.459099e+01
5.566406e-01 5.460266e+01 1.402343e+01
5.615234e-01 5.340208e+01 1.347760e+01
5.664062e-01 5.222001e+01 1.295302e+01
5.712891e-01 5.105784e+01 1.244918e+01
5.761719e-01 4.991682e+01 1.196556e+01
5.810547e-01 4.879804e+01 1.150161e+01
5.859375e-01 4.770246e+01 1.105677e+01
5.883789e-01 4.716364e+01 1.084135e+01
5.908203e-01 4.663093e+01 1.063049e+01
5.932617e-01 4.610441e+01 1.042413e+01
5.957031e-01 4.558416e+01 1.022220e+01
5.981445e-01 4.507025e+01 1.002462e+01
6.005859e-01 4.456274e+01 9.831318e+00
6.030273e-01 4.406171e+01 9.642229e+00
6.054688e-01 4.356718e+01 9.457278e+00
6.079102e-01 4.307922e+01 9.276394e+00
6.103516e-01 4.259787e+01 9.099507e+00
6.127930e-01 4.212314e+01 8.926544e+00
6.152344e-01 4.165508e+01 8.757435e+00
6.176758e-01 4.119370e+01 8.592110e+00
6.201172e-01 4.073903e+01 8.430499e+00
6.225586e-01 4.029107e+01 8.272532e+00
6.250000e-01 3.984983e+01 8.118141e+00
6.274414e-01 3.941531e+01 7.967256e+00
6.298828e-01 3.898752e+01 7.819811e+00
6.323242e-01 3.856644e+01 7.675737e+00
6.347656e-01 3.815207e+01 7.534968e+00
6.359863e-01 3.794739e+01 7.465802e+00
6.372070e-01 3.774438e+01 7.397437e+00
6.384277e-01 3.754304e+01 7.329867e+00
6.396484e-01 3.734336e+01 7.263081e+00
6.408691e-01 3.714535e+01 7.197072e+00
6.420898e-01 3.694899e+01 7.131833e+00
6.433105e-01 3.675430e+01 7.067355e+00
6.445312e-01 3.656125e+01 7.003630e+00
6.457520e-01 3.636985e+01 6.940650e+00
6.469727e-01 3.618009e+01 6.878409e+00
6.481934e-01 3.599198e+01 6.816896e+00
6.494141e-01 3.580550e+01 6.756106e+00
6.506348e-01 3.562065e+01 6.696031e+00
6.518555e-01 3.543743e+01 6.636662e+00
6.530762e-01 3.525582e+01 6.577992e+00
6.542969e-01 3.507584e+01 6.520013e+00
6.555176e-01 3.489746e+01 6.462719e+00
6.567383e-01 3.472069e+01 6.406102e+00
6.579590e-01 3.454552e+01 6.350153e+00
6.591797e-01 3.437194e+01 6.294867e+00
6.616211e-01 3.402954e+01 6.186252e+00
6.640625e-01 3.369345e+01 6.080197e+00
6.665039e-01 3.336360e+01 5.976647e+00
6.689453e-01 3.303995e+01 5.875546e+00
6.713867e-01 3.272243e+01 5.776839e+00
6.738281e-01 3.241100e+01 5.680470e+00
6.762695e-01 3.210559e+01 5.586388e+00
6.787109e-01 3.180614e+01 5.494540e+00
6.811523e-01 3.151258e+01 5.404874e+00
6.835938e-01 3.122486e+01 5.317340e+00
6.884766e-01 3.066663e+01 5.148467e+00
6.933594e-01 3.013093e+01 4.987534e+00
6.982422e-01 2.961718e+01 4.834167e+00
7.031250e-01 2.912481e+01 4.688006e+00
7.080078e-01 2.865322e+01 4.548703e+00
7.128906e-01 2.820183e+01 4.415925e+00
7.177734e-01 2.777003e+01 4.289352e+00
7.226562e-01 2.735719e+01 4.168676e+00
7.275391e-01 2.696272e+01 4.053603e+00
7.324219e-01 2.658600e+01 3.943851e+00
7.373047e-01 2.622641e+01 3.839149e+00
7.421875e-01 2.588333e+01 3.739238e+00
7.470703e-01 2.555617e+01 3.643871e+00
7.519531e-01 2.524432e+01 3.552812e+00
7.568359e-01 2.494717e+01 3.465836e+00
7.617188e-01 2.466414e+01 3.382727e+00
7.666016e-01 2.439465e+01 3.303280e+00
7.714844e-01 2.413813e+01 3.227301e+00
7.763672e-01 2.389400e+01 3.154603e+00
7.812500e-01 2.366172e+01 3.085009e+00
7.861328e-01 2.344075e+01 3.018351e+00
7.910156e-01 2.323056e+01 2.954470e+00
7.958984e-01 2.303063e+01 2.893214e+00
8.007812e-01 2.284046e+01 2.834439e+00
8.056641e-01 2.265955e+01 2.778007e+00
8.105469e-01 2.248743e+01 2.723790e+00
8.154297e-01 2.232363e+01 2.671665e+00
8.203125e-01 2.216771e+01 2.621515e+00
8.251953e-01 2.201922e+01 2.573230e+00
8.300781e-01 2.187775e+01 2.526706e+00
8.349609e-01 2.174287e+01 2.481845e+00
8.398438e-01 2.161420e+01 2.438554e+00
8.447266e-01 2.149136e+01 2.396744e+00
8.496094e-01 2.137397e+01 2.356334e+00
8.544922e-01 2.126169e+01 2.317243e+00
8.593750e-01 2.115416e+01 2.279400e+00
8.642578e-01 2.105107e+01 2.242733e+00
8.691406e-01 2.095209e+01 2.207178e+00
8.740234e-01 2.085693e+01 2.172673e+00
8.789062e-01 2.076530e+01 2.139160e+00
8.886719e-01 2.059151e+01 2.074892e+00
8.984375e-01 2.042867e+01 2.013977e+00
9.082031e-01 2.027488e+01 1.956061e+00
9.179688e-01 2.012844e+01 1.900835e+00
9.277344e-01 1.998781e+01 1.848026e+00
9.375000e-01 1.985161e+01 1.797394e+00
9.472656e-01 1.971862e+01 1.748732e+00
9.570312e-01 1.958775e+01 1.701854e+00
9.667969e-01 1.945803e+01 1.656603e+00
9.765625e-01 1.932863e+01 1.612839e+00
9.814453e-01 1.926382e+01 1.591477e+00
9.863281e-01 1.919882e+01 1.570442e+00
9.912109e-01 1.913357e+01 1.549723e+00
9.960938e-01 1.906799e+01 1.529307e+00
1.000977e+00 1.900202e+01 1.509184e+00
1.005859e+00 1.893560e+01 1.489343e+00
1.010742e+00 1.886869e+01 1.469776e+00
1.015625e+00 1.880122e+01 1.450472e+00
1.020508e+00 1.873317e+01 1.431425e+00
1.025391e+00 1.866449e+01 1.412627e+00
1.026611e+00 1.864721e+01 1.407965e+00
1.027832e+00 1.862990e+01 1.403319e+00
1.029053e+00 1.861254e+01 1.398687e+00
1.030273e+00 1.859514e+01 1.394070e+00
1.031494e+00 1.857770e+01 1.389468e+00
1.032715e+00 1.856021e+01 1.384880e+00
1.033936e+00 1.854268e+01 1.380307e+00
1.035156e+00 1.852511e+01 1.375749e+00
1.036377e+00 1.850749e+01 1.371204e+00
1.037598e+00 1.848982e+01 1.366674e+00
1.038818e+00 1.847211e+01 1.362158e+00
1.040039e+00 1.845436e+01 1.357656e+00
1.041260e+00 1.843656e+01 1.353168e+00
1.042480e+00 1.841871e+01 1.348694e+00
1.043701e+00 1.840081e+01 1.344234e+00
1.044922e+00 1.838287e+01 1.339787e+00
1.046143e+00 1.836488e+01 1.335354e+00
1.047363e+00 1.834684e+01 1.330935e+00
1.048584e+00 1.832875e+01 1.326529e+00
1.049805e+00 1.831062e+01 1.322136e+00
1.052246e+00 1.827420e+01 1.313391e+00
1.054688e+00 1.823759e+01 1.304698e+00
1.057129e+00 1.820079e+01 1.296058e+00
1.059570e+00 1.816379e+01 1.287469e+00
1.062012e+00 1.812658e+01 1.278932e+00
1.064453e+00 1.808918e+01 1.270445e+00
1.066895e+00 1.805158e+01 1.262009e+00
1.069336e+00 1.801378e+01 1.253622e+00
1.071777e+00 1.797577e+01 1.245284e+00
1.074219e+00 1.793756e+01 1.236996e+00
1.083984e+00 1.778272e+01 1.204321e+00
1.093750e+00 1.762466e+01 1.172397e+00
1.103516e+00 1.746344e+01 1.141203e+00
1.113281e+00 1.729912e+01 1.110719e+00
1.123047e+00 1.713182e+01 1.080930e+00
1.132812e+00 1.696164e+01 1.051821e+00
1.142578e+00 1.678873e+01 1.023378e+00
1.152344e+00 1.661323e+01 9.955891e-01
1.162109e+00 1.643532e+01 9.684435e-01
1.171875e+00 1.625516e+01 9.419306e-01
1.181641e+00 1.607294e+01 9.160406e-01
1.191406e+00 1.588884e+01 8.907641e-01
1.201172e+00 1.570306e+01 8.660921e-01
1.210938e+00 1.551577e+01 8.420156e-01
1.220703e+00 1.532718e+01 8.185259e-01
1.230469e+00 1.513748e+01 7.956143e-01
1.240234e+00 1.494685e+01 7.732722e-01
1.250000e+00 1.475549e+01 7.514907e-01
1.259766e+00 1.456356e+01 7.302613e-01
1.269531e+00 1.437126e+01 7.095750e-01
1.271973e+00 1.432315e+01 7.044873e-01
1.274414e+00 1.427503e+01 6.994328e-01
1.276855e+00 1.422690e+01 6.944114e-01
1.279297e+00 1.417876e+01 6.894230e-01
1.281738e+00 1.413062e+01 6.844674e-01
1.284180e+00 1.408249e+01 6.795445e-01
1.286621e+00 1.403435e+01 6.746541e-01
1.289062e+00 1.398622e+01 6.697962e-01
1.291504e+00 1.393810e+01 6.649705e-01
1.293945e+00 1.388999e+01 6.601770e-01
1.296387e+00 1.384190e+01 6.554154e-01
1.298828e+00 1.379382e+01 6.506856e-01
1.301270e+00 1.374575e+01 6.459876e-01
1.303711e+00 1.369771e+01 6.413210e-01
1.306152e+00 1.364969e+01 6.366859e-01
1.308594e+00 1.360169e+01 6.320820e-01
1.311035e+00 1.355373e+01 6.275093e-01
1.313477e+00 1.350579e+01 6.229674e-01
1.315918e+00 1.345788e+01 6.184565e-01
1.318359e+00 1.341001e+01 6.139761e-01
1.323242e+00 1.331437e+01 6.051069e-01
1.328125e+00 1.321890e+01 5.963586e-01
1.333008e+00 1.312360e+01 5.877300e-01
1.337891e+00 1.302851e+01 5.792200e-01
1.342773e+00 1.293362e+01 5.708273e-01
1.347656e+00 1.283896e+01 5.625508e-01
1.352539e+00 1.274455e+01 5.543893e-01
1.357422e+00 1.265039e+01 5.463416e-01
1.362305e+00 1.255650e+01 5.384065e-01
1.367188e+00 1.246290e+01 5.305827e-01
1.386719e+00 1.209162e+01 5.003777e-01
1.406250e+00 1.172593e+01 4.718590e-01
1.425781e+00 1.136651e+01 4.449504e-01
1.445312e+00 1.101398e+01 4.195762e-01
1.464844e+00 1.066883e+01 3.956619e-01
1.484375e+00 1.033148e+01 3.731346e-01
1.503906e+00 1.000227e+01 3.519228e-01
1.523438e+00 9.681471e+00 3.319573e-01
1.542969e+00 9.369267e+00 3.131710e-01
1.562500e+00 9.065795e+00 2.954990e-01
1.582031e+00 8.771136e+00 2.788790e-01
1.601562e+00 8.485322e+00 2.632514e-01
1.621094e+00 8.208339e+00 2.485588e-01
1.640625e+00 7.940137e+00 2.347467e-01
1.660156e+00 7.680631e+00 2.217630e-01
1.679688e+00 7.429711e+00 2.095584e-01
1.699219e+00 7.187240e+00 1.980860e-01
1.718750e+00 6.953062e+00 1.873013e-01
1.738281e+00 6.727002e+00 1.771624e-01
1.757812e+00 6.508874e+00 1.676297e-01
1.777344e+00 6.298477e+00 1.586656e-01
1.796875e+00 6.095606e+00 1.502351e-01
1.816406e+00 5.900045e+00 1.423048e-01
1.835938e+00 5.711576e+00 1.348436e-01
1.855469e+00 5.529978e+00 1.278222e-01
1.875000e+00 5.355028e+00 1.212130e-01
1.894531e+00 5.186504e+00 1.149903e-01
1.914062e+00 5.024185e+00 1.091298e-01
1.933594e+00 4.867851e+00 1.036089e-01
1.953125e+00 4.717288e+00 9.840620e-02
1.962891e+00 4.644104e+00 9.591794e-02
1.972656e+00 4.572283e+00 9.350189e-02
1.982422e+00 4.501799e+00 9.115576e-02
1.992188e+00 4.432627e+00 8.887732e-02
2.001953e+00 4.364742e+00 8.666444e-02
2.011719e+00 4.298119e+00 8.451505e-02
2.021484e+00 4.232732e+00 8.242713e-02
2.031250e+00 4.168559e+00 8.039875e-02
2.041016e+00 4.105574e+00 7.842804e-02
2.050781e+00 4.043754e+00 7.651318e-02
2.055664e+00 4.013274e+00 7.557614e-02
2.060547e+00 3.983077e+00 7.465241e-02
2.065430e+00 3.953159e+00 7.374178e-02
2.070312e+00 3.923518e+00 7.284404e-02
2.075195e+00 3.894152e+00 7.195899e-02
2.080078e+00 3.865056e+00 7.108642e-02
2.084961e+00 3.836229e+00 7.022615e-02
2.089844e+00 3.807669e+00 6.937798e-02
2.094727e+00 3.779371e+00 6.854172e-02
2.099609e+00 3.751334e+00 6.771718e-02
2.104492e+00 3.723555e+00 6.690418e-02
2.109375e+00 3.696031e+00 6.610254e-02
2.114258e+00 3.668760e+00 6.531208e-02
2.119141e+00 3.641738e+00 6.453262e-02
2.124023e+00 3.614965e+00 6.376400e-02
2.128906e+00 3.588435e+00 6.300604e-02
2.133789e+00 3.562149e+00 6.225858e-02
2.138672e+00 3.536102e+00 6.152146e-02
2.143555e+00 3.510293e+00 6.079451e-02
2.148438e+00 3.484718e+00 6.007757e-02
2.167969e+00 3.384721e+00 5.730692e-02
2.187500e+00 3.288294e+00 5.468454e-02
2.207031e+00 3.195288e+00 5.220153e-02
2.226562e+00 3.105566e+00 4.984953e-02
2.246094e+00 3.018990e+00 4.762074e-02
2.265625e+00 2.935434e+00 4.550786e-02
2.285156e+00 2.854772e+00 4.350405e-02
2.304688e+00 2.776885e+00 4.160294e-02
2.324219e+00 2.701661e+00 3.979852e-02
2.343750e+00 2.628989e+00 3.808520e-02
2.363281e+00 2.558765e+00 3.645774e-02
2.382812e+00 2.490891e+00 3.491122e-02
2.402344e+00 2.425269e+00 3.344104e-02
2.421875e+00 2.361810e+00 3.204289e-02
2.441406e+00 2.300426e+00 3.071272e-02
2.460938e+00 2.241033e+00 2.944674e-02
2.480469e+00 2.183552e+00 2.824140e-02
2.500000e+00 2.127907e+00 2.709335e-02
2.519531e+00 2.074025e+00 2.599948e-02
2.539062e+00 2.021837e+00 2.495683e-02
2.558594e+00 1.971276e+00 2.396265e-02
2.578125e+00 1.922279e+00 2.301435e-02
2.597656e+00 1.874786e+00 2.210948e-02
2.617188e+00 1.828738e+00 2.124575e-02
2.636719e+00 1.784081e+00 2.042100e-02
2.656250e+00 1.740761e+00 1.963322e-02
2.675781e+00 1.698729e+00 1.888048e-02
2.695312e+00 1.657936e+00 1.816099e-02
2.714844e+00 1.618335e+00 1.747306e-02
2.734375e+00 1.579884e+00 1.681509e-02
2.773438e+00 1.506262e+00 1.558311e-02
2.812500e+00 1.436755e+00 1.445400e-02
2.851562e+00 1.371075e+00 1.341793e-02
2.890625e+00 1.308958e+00 1.246615e-02
2.929688e+00 1.250161e+00 1.159080e-02
2.968750e+00 1.194464e+00 1.078489e-02
3.007812e+00 1.141662e+00 1.004214e-02
3.046875e+00 1.091569e+00 9.356903e-03
3.085938e+00 1.044012e+00 8.724116e-03
3.125000e+00 9.988325e-01 8.139220e-03
3.164062e+00 9.558838e-01 7.598102e-03
3.203125e+00 9.150309e-01 7.097055e-03
3.242188e+00 8.761488e-01 6.632721e-03
3.281250e+00 8.391215e-01 6.202066e-03
3.320312e+00 8.038419e-01 5.802336e-03
3.359375e+00 7.702104e-01 5.431034e-03
3.398438e+00 7.381345e-01 5.085891e-03
3.437500e+00 7.075282e-01 4.764842e-03
3.476562e+00 6.783115e-01 4.466006e-03
3.515625e+00 6.504097e-01 4.187666e-03
3.554688e+00 6.237531e-01 3.928258e-03
3.593750e+00 5.982765e-01 3.686348e-03
3.632812e+00 5.739191e-01 3.460627e-03
3.671875e+00 5.506238e-01 3.249895e-03
3.710938e+00 5.283372e-01 3.053051e-03
3.750000e+00 5.070091e-01 2.869085e-03
3.789062e+00 4.865925e-01 2.697069e-03
3.828125e+00 4.670430e-01 2.536149e-03
3.867188e+00 4.483190e-01 2.385541e-03
3.906250e+00 4.303814e-01 2.244520e-03
3.925781e+00 4.216958e-01 2.177395e-03
3.945312e+00 4.131930e-01 2.112420e-03
3.964844e+00 4.048689e-01 2.049521e-03
3.984375e+00 3.967192e-01 1.988625e-03
4.003906e+00 3.887398e-01 1.929662e-03
4.023438e+00 3.809268e-01 1.872566e-03
4.042969e+00 3.732764e-01 1.817272e-03
4.062500e+00 3.657849e-01 1.763718e-03
4.082031e+00 3.584485e-01 1.711844e-03
4.101562e+00 3.512638e-01 1.661594e-03
4.121094e+00 3.442274e-01 1.612912e-03
4.140625e+00 3.373359e-01 1.565745e-03
4.160156e+00 3.305860e-01 1.520041e-03
4.179688e+00 3.239747e-01 1.475753e-03
4.199219e+00 3.174987e-01 1.432831e-03
4.218750e+00 3.111551e-01 1.391232e-03
4.238281e+00 3.049411e-01 1.350910e-03
4.257812e+00 2.988536e-01 1.311824e-03
4.277344e+00 2.928900e-01 1.273932e-03
4.296875e+00 2.870476e-01 1.237196e-03
4.335938e+00 2.757156e-01 1.167039e-03
4.375000e+00 2.648375e-01 1.101066e-03
4.414062e+00 2.543939e-01 1.039010e-03
4.453125e+00 2.443664e-01 9.806224e-04
4.492188e+00 2.347375e-01 9.256715e-04
4.531250e+00 2.254906e-01 8.739420e-04
4.570312e+00 2.166099e-01 8.252330e-04
4.609375e+00 2.080801e-01 7.793573e-04
4.648438e+00 1.998869e-01 7.361400e-04
4.687500e+00 1.920164e-01 6.954180e-04
4.765625e+00 1.771918e-01 6.208605e-04
4.843750e+00 1.635080e-01 5.545819e-04
4.921875e+00 1.508751e-01 4.956175e-04
5.000000e+00 1.392110e-01 4.431224e-04
5.078125e+00 1.284404e-01 3.963555e-04
5.156250e+00 1.184941e-01 3.546655e-04
5.234375e+00 1.093087e-01 3.174792e-04
5.312500e+00 1.008259e-01 2.842919e-04
5.390625e+00 9.299196e-02 2.546580e-04
5.468750e+00 8.575741e-02 2.281842e-04
5.546875e+00 7.907668e-02 2.045228e-04
5.625000e+00 7.290772e-02 1.833659e-04
5.703125e+00 6.721174e-02 1.644408e-04
5.781250e+00 6.195291e-02 1.475055e-04
5.859375e+00 5.709813e-02 1.323456e-04
5.937500e+00 5.261683e-02 1.187702e-04
6.015625e+00 4.848075e-02 1.066100e-04
6.093750e+00 4.466373e-02 9.571409e-05
6.171875e+00 4.114162e-02 8.594831e-05
6.250000e+00 3.789207e-02 7.719308e-05
6.406250e+00 3.212942e-02 6.229959e-05
6.562500e+00 2.722822e-02 5.031191e-05
6.718750e+00 2.306215e-02 4.065490e-05
6.875000e+00 1.952306e-02 3.286947e-05
7.031250e+00 1.651843e-02 2.658850e-05
7.187500e+00 1.396909e-02 2.151804e-05
7.343750e+00 1.180736e-02 1.742236e-05
7.500000e+00 9.975364e-03 1.411225e-05
7.656250e+00 8.423718e-03 1.143567e-05
7.812500e+00 7.110257e-03 9.270334e-06
7.968750e+00 5.999032e-03 7.517802e-06
8.125000e+00 5.059405e-03 6.098778e-06
8.281250e+00 4.265277e-03 4.949321e-06
8.437500e+00 3.594448e-03 4.017859e-06
8.593750e+00 3.028044e-03 3.262773e-06
8.750000e+00 2.550029e-03 2.650447e-06
8.906250e+00 2.146781e-03 2.153714e-06
9.062500e+00 1.806741e-03 1.750612e-06
9.218750e+00 1.520116e-03 1.423387e-06
9.375000e+00 1.278608e-03 1.157671e-06
9.687500e+00 9.039048e-04 7.664598e-07
1.000000e+01 6.384119e-04 5.080320e-07
1.031250e+01 4.505220e-04 3.371151e-07
1.062500e+01 3.176916e-04 2.239433e-07
1.093750e+01 2.238747e-04 1.489220e-07
1.125000e+01 1.576681e-04 9.913541e-08
1.156250e+01 1.109815e-04 6.605981e-08
1.187500e+01 7.808376e-05 4.406397e-08
1.218750e+01 5.491639e-05 2.942137e-08
1.250000e+01 3.860762e-05 1.966270e-08
1.312500e+01 1.906286e-05 8.806018e-09
1.375000e+01 9.405234e-06 3.958716e-09
1.437500e+01 4.636532e-06 1.785532e-09
1.500000e+01 2.282692e-06 8.073372e-10
1.562500e+01 1.124871e-06 3.666510e-10
1.625000e+01 5.547809e-07 1.671879e-10
1.687500e+01 2.719000e-07 7.598219e-11
1.750000e+01 1.341111e-07 3.484807e-11
1.812500e+01 6.722956e-08 1.628525e-11
1.875000e+01 3.281889e-08 7.428676e-12
1.937500e+01 1.637003e-08 3.470214e-12
2.000000e+01 8.299258e-09 1.651085e-12
2.062500e+01 4.344503e-09 8.127226e-13
2.125000e+01 2.413788e-09 4.253745e-13
2.187500e+01 1.482580e-09 2.465541e-13
2.250000e+01 1.040911e-09 1.636208e-13
2.312500e+01 8.377235e-10 1.246601e-13
2.375000e+01 7.552222e-10 1.065461e-13
2.437500e+01 7.313276e-10 9.795190e-14
2.500000e+01 7.336619e-10 9.341274e-14
2.750000e+01 8.226063e-10 8.655991e-14
3.000000e+01 9.121796e-10 8.065438e-14
3.250000e+01 9.678399e-10 7.291669e-14
3.500000e+01 9.872011e-10 6.412977e-14
3.750000e+01 9.784841e-10 5.537087e-14
4.000000e+01 9.566645e-10 4.758059e-14
4.250000e+01 9.420241e-10 4.150251e-14
4.500000e+01 9.541984e-10 3.749763e-14
4.750000e+01 1.003193e-09 3.538240e-14
5.000000e+01 1.087225e-09 3.460745e-14
5.500000e+01 1.299279e-09 3.417962e-14
6.000000e+01 1.429571e-09 3.160047e-14
6.500000e+01 1.409650e-09 2.655062e-14
7.000000e+01 1.376204e-09 2.234996e-14
7.500000e+01 1.453906e-09 2.056857e-14
8.000000e+01 1.557312e-09 1.936358e-14
8.500000e+01 1.431039e-09 1.576173e-14
9.000000e+01 9.257084e-10 9.094510e-15
9.500000e+01 2.853191e-10 2.515786e-15
1.000000e+02 0.000000e+00 0.000000e+00
