# 
# Output from RAtom program.
# 
# Total radial electron density.
# The first column contains radius $r$ in bohr units.
# The second column holds $\rho(r)$.
# The third column holds $\tilde{\rho}(r) = \rho(r) / (\pi * r * r)$
# 
# Use this file with gnuplot to create the plot.
# 
# R     Rho     RhoTilde
#
0.000000e+00 0.000000e+00 2.239746e+05
1.525879e-04 6.418543e-02 2.193746e+05
3.051758e-04 2.514690e-01 2.148693e+05
4.577637e-04 5.541856e-01 2.104567e+05
6.103516e-04 9.649872e-01 2.061349e+05
7.629395e-04 1.476831e+00 2.019021e+05
9.155273e-04 2.082971e+00 1.977565e+05
1.068115e-03 2.776946e+00 1.936963e+05
1.220703e-03 3.552569e+00 1.897198e+05
1.373291e-03 4.403923e+00 1.858252e+05
1.525879e-03 5.325344e+00 1.820110e+05
1.678467e-03 6.311419e+00 1.782755e+05
1.831055e-03 7.356973e+00 1.746171e+05
1.983643e-03 8.457063e+00 1.710342e+05
2.136230e-03 9.606967e+00 1.675252e+05
2.288818e-03 1.080218e+01 1.640888e+05
2.441406e-03 1.203841e+01 1.607234e+05
2.593994e-03 1.331154e+01 1.574275e+05
2.746582e-03 1.461769e+01 1.541998e+05
2.899170e-03 1.595313e+01 1.510388e+05
3.051758e-03 1.731431e+01 1.479433e+05
3.356934e-03 2.010063e+01 1.419431e+05
3.662109e-03 2.295167e+01 1.361889e+05
3.967285e-03 2.584492e+01 1.306708e+05
4.272461e-03 2.876016e+01 1.253791e+05
4.577637e-03 3.167931e+01 1.203049e+05
4.882812e-03 3.458622e+01 1.154392e+05
5.187988e-03 3.746659e+01 1.107736e+05
5.493164e-03 4.030777e+01 1.063001e+05
5.798340e-03 4.309866e+01 1.020109e+05
6.103516e-03 4.582959e+01 9.789848e+04
6.256104e-03 4.716990e+01 9.590632e+04
6.408691e-03 4.849218e+01 9.395570e+04
6.561279e-03 4.979557e+01 9.204577e+04
6.713867e-03 5.107929e+01 9.017569e+04
6.866455e-03 5.234259e+01 8.834464e+04
7.019043e-03 5.358484e+01 8.655183e+04
7.171631e-03 5.480542e+01 8.479647e+04
7.324219e-03 5.600379e+01 8.307780e+04
7.476807e-03 5.717947e+01 8.139505e+04
7.629395e-03 5.833203e+01 7.974749e+04
7.781982e-03 5.946107e+01 7.813441e+04
7.934570e-03 6.056626e+01 7.655508e+04
8.087158e-03 6.164731e+01 7.500883e+04
8.239746e-03 6.270398e+01 7.349496e+04
8.392334e-03 6.373605e+01 7.201281e+04
8.544922e-03 6.474337e+01 7.056174e+04
8.697510e-03 6.572581e+01 6.914109e+04
8.850098e-03 6.668327e+01 6.775025e+04
9.002686e-03 6.761570e+01 6.638860e+04
9.155273e-03 6.852307e+01 6.505554e+04
9.307861e-03 6.940538e+01 6.375048e+04
9.460449e-03 7.026268e+01 6.247285e+04
9.613037e-03 7.109501e+01 6.122207e+04
9.765625e-03 7.190248e+01 5.999760e+04
9.918213e-03 7.268518e+01 5.879889e+04
1.007080e-02 7.344326e+01 5.762541e+04
1.022339e-02 7.417687e+01 5.647665e+04
1.037598e-02 7.488619e+01 5.535208e+04
1.052856e-02 7.557142e+01 5.425121e+04
1.068115e-02 7.623278e+01 5.317355e+04
1.083374e-02 7.687048e+01 5.211862e+04
1.098633e-02 7.748480e+01 5.108595e+04
1.113892e-02 7.807598e+01 5.007509e+04
1.129150e-02 7.864430e+01 4.908557e+04
1.144409e-02 7.919006e+01 4.811695e+04
1.159668e-02 7.971355e+01 4.716882e+04
1.174927e-02 8.021510e+01 4.624073e+04
1.190186e-02 8.069502e+01 4.533227e+04
1.205444e-02 8.115364e+01 4.444305e+04
1.220703e-02 8.159131e+01 4.357265e+04
1.251221e-02 8.240521e+01 4.188678e+04
1.281738e-02 8.313958e+01 4.027164e+04
1.312256e-02 8.379741e+01 3.872431e+04
1.342773e-02 8.438174e+01 3.724201e+04
1.373291e-02 8.489566e+01 3.582205e+04
1.403809e-02 8.534233e+01 3.446187e+04
1.434326e-02 8.572492e+01 3.315900e+04
1.464844e-02 8.604659e+01 3.191106e+04
1.495361e-02 8.631052e+01 3.071578e+04
1.525879e-02 8.651988e+01 2.957099e+04
1.556396e-02 8.667780e+01 2.847459e+04
1.586914e-02 8.678740e+01 2.742458e+04
1.617432e-02 8.685172e+01 2.641902e+04
1.647949e-02 8.687380e+01 2.545607e+04
1.678467e-02 8.685660e+01 2.453395e+04
1.708984e-02 8.680301e+01 2.365096e+04
1.739502e-02 8.671588e+01 2.280546e+04
1.770020e-02 8.659798e+01 2.199590e+04
1.800537e-02 8.645200e+01 2.122076e+04
1.831055e-02 8.628056e+01 2.047861e+04
1.892090e-02 8.587142e+01 1.908777e+04
1.953125e-02 8.538990e+01 1.781298e+04
2.014160e-02 8.485403e+01 1.664465e+04
2.075195e-02 8.428048e+01 1.557396e+04
2.136230e-02 8.368454e+01 1.459282e+04
2.197266e-02 8.308015e+01 1.369375e+04
2.258301e-02 8.247992e+01 1.286989e+04
2.319336e-02 8.189517e+01 1.211494e+04
2.380371e-02 8.133595e+01 1.142308e+04
2.441406e-02 8.081112e+01 1.078900e+04
2.471924e-02 8.056405e+01 1.049207e+04
2.502441e-02 8.032838e+01 1.020778e+04
2.532959e-02 8.010491e+01 9.935574e+03
2.563477e-02 7.989436e+01 9.674923e+03
2.593994e-02 7.969739e+01 9.425324e+03
2.624512e-02 7.951463e+01 9.186290e+03
2.655029e-02 7.934660e+01 8.957356e+03
2.685547e-02 7.919382e+01 8.738078e+03
2.716064e-02 7.905670e+01 8.528029e+03
2.746582e-02 7.893565e+01 8.326800e+03
2.777100e-02 7.883098e+01 8.134000e+03
2.807617e-02 7.874299e+01 7.949252e+03
2.838135e-02 7.867192e+01 7.772198e+03
2.868652e-02 7.861795e+01 7.602493e+03
2.899170e-02 7.858125e+01 7.439808e+03
2.929688e-02 7.856192e+01 7.283827e+03
2.960205e-02 7.856003e+01 7.134247e+03
2.990723e-02 7.857561e+01 6.990780e+03
3.021240e-02 7.860867e+01 6.853148e+03
3.051758e-02 7.865917e+01 6.721085e+03
3.082275e-02 7.872704e+01 6.594337e+03
3.112793e-02 7.881218e+01 6.472663e+03
3.143311e-02 7.891446e+01 6.355828e+03
3.173828e-02 7.903373e+01 6.243610e+03
3.204346e-02 7.916981e+01 6.135797e+03
3.234863e-02 7.932249e+01 6.032184e+03
3.265381e-02 7.949154e+01 5.932577e+03
3.295898e-02 7.967673e+01 5.836789e+03
3.326416e-02 7.987776e+01 5.744641e+03
3.356934e-02 8.009437e+01 5.655964e+03
3.387451e-02 8.032624e+01 5.570594e+03
3.417969e-02 8.057305e+01 5.488375e+03
3.448486e-02 8.083446e+01 5.409158e+03
3.479004e-02 8.111013e+01 5.332801e+03
3.509521e-02 8.139968e+01 5.259168e+03
3.540039e-02 8.170275e+01 5.188128e+03
3.570557e-02 8.201895e+01 5.119558e+03
3.601074e-02 8.234788e+01 5.053339e+03
3.631592e-02 8.268915e+01 4.989357e+03
3.662109e-02 8.304233e+01 4.927505e+03
3.723145e-02 8.378278e+01 4.809779e+03
3.784180e-02 8.456583e+01 4.699390e+03
3.845215e-02 8.538799e+01 4.595637e+03
3.906250e-02 8.624577e+01 4.497880e+03
3.967285e-02 8.713561e+01 4.405538e+03
4.028320e-02 8.805399e+01 4.318085e+03
4.089355e-02 8.899738e+01 4.235041e+03
4.150391e-02 8.996231e+01 4.155974e+03
4.211426e-02 9.094533e+01 4.080489e+03
4.272461e-02 9.194307e+01 4.008233e+03
4.333496e-02 9.295224e+01 3.938884e+03
4.394531e-02 9.396962e+01 3.872153e+03
4.455566e-02 9.499208e+01 3.807779e+03
4.516602e-02 9.601662e+01 3.745527e+03
4.577637e-02 9.704031e+01 3.685188e+03
4.638672e-02 9.806035e+01 3.626572e+03
4.699707e-02 9.907408e+01 3.569510e+03
4.760742e-02 1.000789e+02 3.513852e+03
4.821777e-02 1.010724e+02 3.459462e+03
4.882812e-02 1.020524e+02 3.406223e+03
4.943848e-02 1.030165e+02 3.354028e+03
5.004883e-02 1.039627e+02 3.302783e+03
5.065918e-02 1.048892e+02 3.252406e+03
5.126953e-02 1.057942e+02 3.202825e+03
5.187988e-02 1.066759e+02 3.153977e+03
5.249023e-02 1.075329e+02 3.105807e+03
5.310059e-02 1.083637e+02 3.058267e+03
5.371094e-02 1.091671e+02 3.011317e+03
5.432129e-02 1.099419e+02 2.964921e+03
5.493164e-02 1.106870e+02 2.919050e+03
5.554199e-02 1.114015e+02 2.873680e+03
5.615234e-02 1.120847e+02 2.828789e+03
5.676270e-02 1.127357e+02 2.784362e+03
5.737305e-02 1.133541e+02 2.740384e+03
5.798340e-02 1.139392e+02 2.696845e+03
5.859375e-02 1.144907e+02 2.653737e+03
5.920410e-02 1.150084e+02 2.611055e+03
5.981445e-02 1.154919e+02 2.568795e+03
6.042480e-02 1.159412e+02 2.526954e+03
6.103516e-02 1.163562e+02 2.485533e+03
6.134033e-02 1.165509e+02 2.464980e+03
6.164551e-02 1.167370e+02 2.444532e+03
6.195068e-02 1.169145e+02 2.424189e+03
6.225586e-02 1.170836e+02 2.403952e+03
6.256104e-02 1.172442e+02 2.383821e+03
6.286621e-02 1.173963e+02 2.363796e+03
6.317139e-02 1.175400e+02 2.343879e+03
6.347656e-02 1.176754e+02 2.324068e+03
6.378174e-02 1.178023e+02 2.304365e+03
6.408691e-02 1.179210e+02 2.284771e+03
6.423950e-02 1.179773e+02 2.275015e+03
6.439209e-02 1.180315e+02 2.265286e+03
6.454468e-02 1.180836e+02 2.255584e+03
6.469727e-02 1.181337e+02 2.245909e+03
6.484985e-02 1.181818e+02 2.236263e+03
6.500244e-02 1.182279e+02 2.226643e+03
6.515503e-02 1.182719e+02 2.217052e+03
6.530762e-02 1.183139e+02 2.207488e+03
6.546021e-02 1.183539e+02 2.197952e+03
6.561279e-02 1.183920e+02 2.188443e+03
6.576538e-02 1.184280e+02 2.178963e+03
6.591797e-02 1.184621e+02 2.169511e+03
6.607056e-02 1.184941e+02 2.160086e+03
6.622314e-02 1.185243e+02 2.150690e+03
6.637573e-02 1.185525e+02 2.141322e+03
6.652832e-02 1.185787e+02 2.131983e+03
6.668091e-02 1.186030e+02 2.122672e+03
6.683350e-02 1.186254e+02 2.113389e+03
6.698608e-02 1.186459e+02 2.104135e+03
6.713867e-02 1.186645e+02 2.094910e+03
6.774902e-02 1.187199e+02 2.058295e+03
6.835938e-02 1.187458e+02 2.022145e+03
6.896973e-02 1.187429e+02 1.986464e+03
6.958008e-02 1.187118e+02 1.951255e+03
7.019043e-02 1.186533e+02 1.916523e+03
7.080078e-02 1.185683e+02 1.882273e+03
7.141113e-02 1.184575e+02 1.848507e+03
7.202148e-02 1.183219e+02 1.815228e+03
7.263184e-02 1.181623e+02 1.782440e+03
7.324219e-02 1.179795e+02 1.750146e+03
7.385254e-02 1.177746e+02 1.718347e+03
7.446289e-02 1.175483e+02 1.687045e+03
7.507324e-02 1.173016e+02 1.656242e+03
7.568359e-02 1.170355e+02 1.625939e+03
7.629395e-02 1.167508e+02 1.596136e+03
7.690430e-02 1.164485e+02 1.566834e+03
7.751465e-02 1.161296e+02 1.538032e+03
7.812500e-02 1.157949e+02 1.509731e+03
7.873535e-02 1.154455e+02 1.481930e+03
7.934570e-02 1.150822e+02 1.454626e+03
7.995605e-02 1.147060e+02 1.427820e+03
8.056641e-02 1.143177e+02 1.401508e+03
8.117676e-02 1.139184e+02 1.375690e+03
8.178711e-02 1.135088e+02 1.350361e+03
8.239746e-02 1.130899e+02 1.325520e+03
8.300781e-02 1.126626e+02 1.301164e+03
8.361816e-02 1.122277e+02 1.277289e+03
8.422852e-02 1.117861e+02 1.253891e+03
8.483887e-02 1.113386e+02 1.230967e+03
8.544922e-02 1.108861e+02 1.208512e+03
8.666992e-02 1.099689e+02 1.164993e+03
8.789062e-02 1.090408e+02 1.123296e+03
8.911133e-02 1.081078e+02 1.083381e+03
9.033203e-02 1.071754e+02 1.045206e+03
9.155273e-02 1.062489e+02 1.008723e+03
9.277344e-02 1.053333e+02 9.738865e+02
9.399414e-02 1.044330e+02 9.406466e+02
9.521484e-02 1.035525e+02 9.089530e+02
9.643555e-02 1.026956e+02 8.787546e+02
9.765625e-02 1.018659e+02 8.499995e+02
9.826660e-02 1.014622e+02 8.361468e+02
9.887695e-02 1.010665e+02 8.226352e+02
9.948730e-02 1.006792e+02 8.094582e+02
1.000977e-01 1.003005e+02 7.966091e+02
1.007080e-01 9.993074e+01 7.840815e+02
1.013184e-01 9.957026e+01 7.718688e+02
1.019287e-01 9.921932e+01 7.599645e+02
1.025391e-01 9.887815e+01 7.483621e+02
1.031494e-01 9.854698e+01 7.370551e+02
1.037598e-01 9.822604e+01 7.260371e+02
1.043701e-01 9.791550e+01 7.153017e+02
1.049805e-01 9.761555e+01 7.048426e+02
1.055908e-01 9.732635e+01 6.946535e+02
1.062012e-01 9.704803e+01 6.847282e+02
1.068115e-01 9.678071e+01 6.750605e+02
1.074219e-01 9.652450e+01 6.656443e+02
1.080322e-01 9.627949e+01 6.564736e+02
1.086426e-01 9.604575e+01 6.475423e+02
1.092529e-01 9.582333e+01 6.388446e+02
1.098633e-01 9.561229e+01 6.303746e+02
1.104736e-01 9.541264e+01 6.221266e+02
1.110840e-01 9.522441e+01 6.140949e+02
1.116943e-01 9.504758e+01 6.062739e+02
1.123047e-01 9.488215e+01 5.986581e+02
1.129150e-01 9.472808e+01 5.912420e+02
1.135254e-01 9.458534e+01 5.840203e+02
1.141357e-01 9.445387e+01 5.769877e+02
1.147461e-01 9.433361e+01 5.701390e+02
1.153564e-01 9.422448e+01 5.634692e+02
1.159668e-01 9.412640e+01 5.569731e+02
1.165771e-01 9.403926e+01 5.506460e+02
1.171875e-01 9.396297e+01 5.444829e+02
1.177979e-01 9.389739e+01 5.384792e+02
1.184082e-01 9.384241e+01 5.326301e+02
1.190186e-01 9.379789e+01 5.269311e+02
1.196289e-01 9.376368e+01 5.213778e+02
1.202393e-01 9.373964e+01 5.159657e+02
1.208496e-01 9.372559e+01 5.106906e+02
1.214600e-01 9.372138e+01 5.055481e+02
1.220703e-01 9.372682e+01 5.005344e+02
1.226807e-01 9.374174e+01 4.956452e+02
1.232910e-01 9.376595e+01 4.908767e+02
1.239014e-01 9.379924e+01 4.862250e+02
1.245117e-01 9.384144e+01 4.816863e+02
1.251221e-01 9.389232e+01 4.772570e+02
1.257324e-01 9.395168e+01 4.729335e+02
1.263428e-01 9.401930e+01 4.687123e+02
1.269531e-01 9.409497e+01 4.645899e+02
1.275635e-01 9.417846e+01 4.605630e+02
1.281738e-01 9.426955e+01 4.566283e+02
1.283264e-01 9.429348e+01 4.556587e+02
1.284790e-01 9.431787e+01 4.546946e+02
1.286316e-01 9.434272e+01 4.537360e+02
1.287842e-01 9.436801e+01 4.527828e+02
1.289368e-01 9.439375e+01 4.518349e+02
1.290894e-01 9.441993e+01 4.508924e+02
1.292419e-01 9.444654e+01 4.499552e+02
1.293945e-01 9.447360e+01 4.490232e+02
1.295471e-01 9.450108e+01 4.480963e+02
1.296997e-01 9.452900e+01 4.471747e+02
1.297760e-01 9.454311e+01 4.467157e+02
1.298523e-01 9.455733e+01 4.462581e+02
1.299286e-01 9.457166e+01 4.458017e+02
1.300049e-01 9.458609e+01 4.453465e+02
1.300812e-01 9.460062e+01 4.448926e+02
1.301575e-01 9.461526e+01 4.444400e+02
1.302338e-01 9.463000e+01 4.439886e+02
1.303101e-01 9.464485e+01 4.435384e+02
1.303864e-01 9.465980e+01 4.430895e+02
1.304626e-01 9.467485e+01 4.426418e+02
1.305389e-01 9.469000e+01 4.421953e+02
1.306152e-01 9.470525e+01 4.417500e+02
1.306915e-01 9.472061e+01 4.413059e+02
1.307678e-01 9.473606e+01 4.408630e+02
1.308441e-01 9.475162e+01 4.404213e+02
1.309204e-01 9.476727e+01 4.399809e+02
1.309967e-01 9.478302e+01 4.395416e+02
1.310730e-01 9.479887e+01 4.391034e+02
1.311493e-01 9.481482e+01 4.386665e+02
1.312256e-01 9.483086e+01 4.382307e+02
1.315308e-01 9.489600e+01 4.364991e+02
1.318359e-01 9.496266e+01 4.347858e+02
1.321411e-01 9.503080e+01 4.330904e+02
1.324463e-01 9.510040e+01 4.314127e+02
1.327515e-01 9.517143e+01 4.297522e+02
1.330566e-01 9.524385e+01 4.281086e+02
1.333618e-01 9.531765e+01 4.264817e+02
1.336670e-01 9.539277e+01 4.248712e+02
1.339722e-01 9.546920e+01 4.232766e+02
1.342773e-01 9.554690e+01 4.216977e+02
1.354980e-01 9.586984e+01 4.155335e+02
1.367188e-01 9.621071e+01 4.095976e+02
1.379395e-01 9.656755e+01 4.038726e+02
1.391602e-01 9.693840e+01 3.983421e+02
1.403809e-01 9.732134e+01 3.929908e+02
1.416016e-01 9.771445e+01 3.878045e+02
1.428223e-01 9.811584e+01 3.827696e+02
1.440430e-01 9.852366e+01 3.778736e+02
1.452637e-01 9.893610e+01 3.731049e+02
1.464844e-01 9.935138e+01 3.684524e+02
1.477051e-01 9.976776e+01 3.639063e+02
1.489258e-01 1.001836e+02 3.594569e+02
1.501465e-01 1.005972e+02 3.550958e+02
1.513672e-01 1.010069e+02 3.508148e+02
1.525879e-01 1.014114e+02 3.466066e+02
1.538086e-01 1.018091e+02 3.424644e+02
1.550293e-01 1.021986e+02 3.383821e+02
1.562500e-01 1.025785e+02 3.343539e+02
1.574707e-01 1.029476e+02 3.303747e+02
1.586914e-01 1.033046e+02 3.264398e+02
1.599121e-01 1.036484e+02 3.225449e+02
1.611328e-01 1.039780e+02 3.186863e+02
1.623535e-01 1.042921e+02 3.148605e+02
1.635742e-01 1.045900e+02 3.110645e+02
1.647949e-01 1.048706e+02 3.072956e+02
1.660156e-01 1.051332e+02 3.035513e+02
1.672363e-01 1.053770e+02 2.998297e+02
1.684570e-01 1.056012e+02 2.961288e+02
1.696777e-01 1.058052e+02 2.924473e+02
1.708984e-01 1.059885e+02 2.887837e+02
1.721191e-01 1.061505e+02 2.851371e+02
1.733398e-01 1.062907e+02 2.815065e+02
1.745605e-01 1.064087e+02 2.778913e+02
1.757812e-01 1.065041e+02 2.742909e+02
1.770020e-01 1.065767e+02 2.707051e+02
1.782227e-01 1.066263e+02 2.671336e+02
1.794434e-01 1.066525e+02 2.635764e+02
1.806641e-01 1.066554e+02 2.600335e+02
1.818848e-01 1.066347e+02 2.565051e+02
1.831055e-01 1.065904e+02 2.529914e+02
1.843262e-01 1.065226e+02 2.494928e+02
1.855469e-01 1.064313e+02 2.460097e+02
1.867676e-01 1.063166e+02 2.425426e+02
1.879883e-01 1.061785e+02 2.390921e+02
1.892090e-01 1.060173e+02 2.356587e+02
1.904297e-01 1.058332e+02 2.322430e+02
1.916504e-01 1.056264e+02 2.288458e+02
1.928711e-01 1.053971e+02 2.254678e+02
1.940918e-01 1.051458e+02 2.221097e+02
1.953125e-01 1.048726e+02 2.187722e+02
1.965332e-01 1.045781e+02 2.154561e+02
1.977539e-01 1.042625e+02 2.121622e+02
1.989746e-01 1.039263e+02 2.088912e+02
2.001953e-01 1.035699e+02 2.056440e+02
2.014160e-01 1.031938e+02 2.024211e+02
2.026367e-01 1.027985e+02 1.992236e+02
2.038574e-01 1.023845e+02 1.960520e+02
2.050781e-01 1.019523e+02 1.929071e+02
2.062988e-01 1.015023e+02 1.897897e+02
2.075195e-01 1.010353e+02 1.867004e+02
2.087402e-01 1.005517e+02 1.836400e+02
2.099609e-01 1.000521e+02 1.806090e+02
2.111816e-01 9.953711e+01 1.776081e+02
2.124023e-01 9.900730e+01 1.746380e+02
2.136230e-01 9.846328e+01 1.716992e+02
2.148438e-01 9.790565e+01 1.687922e+02
2.160645e-01 9.733503e+01 1.659177e+02
2.172852e-01 9.675203e+01 1.630760e+02
2.185059e-01 9.615728e+01 1.602677e+02
2.197266e-01 9.555139e+01 1.574933e+02
2.221680e-01 9.430870e+01 1.520474e+02
2.246094e-01 9.302895e+01 1.467414e+02
2.270508e-01 9.171710e+01 1.415776e+02
2.294922e-01 9.037804e+01 1.365580e+02
2.319336e-01 8.901661e+01 1.316843e+02
2.343750e-01 8.763752e+01 1.269573e+02
2.368164e-01 8.624539e+01 1.223778e+02
2.392578e-01 8.484469e+01 1.179458e+02
2.416992e-01 8.343975e+01 1.136613e+02
2.441406e-01 8.203471e+01 1.095236e+02
2.453613e-01 8.133341e+01 1.075095e+02
2.465820e-01 8.063357e+01 1.055318e+02
2.478027e-01 7.993565e+01 1.035901e+02
2.490234e-01 7.924012e+01 1.016845e+02
2.502441e-01 7.854741e+01 9.981463e+01
2.514648e-01 7.785797e+01 9.798028e+01
2.526855e-01 7.717221e+01 9.618122e+01
2.539062e-01 7.649055e+01 9.441720e+01
2.551270e-01 7.581337e+01 9.268794e+01
2.563477e-01 7.514106e+01 9.099316e+01
2.566528e-01 7.497378e+01 9.057481e+01
2.569580e-01 7.480684e+01 9.015860e+01
2.572632e-01 7.464024e+01 8.974451e+01
2.575684e-01 7.447398e+01 8.933254e+01
2.578735e-01 7.430808e+01 8.892269e+01
2.581787e-01 7.414253e+01 8.851496e+01
2.584839e-01 7.397733e+01 8.810932e+01
2.587891e-01 7.381251e+01 8.770579e+01
2.590942e-01 7.364806e+01 8.730436e+01
2.593994e-01 7.348398e+01 8.690501e+01
2.594757e-01 7.344302e+01 8.680550e+01
2.595520e-01 7.340208e+01 8.670612e+01
2.596283e-01 7.336117e+01 8.660687e+01
2.597046e-01 7.332029e+01 8.650775e+01
2.597809e-01 7.327942e+01 8.640876e+01
2.598572e-01 7.323858e+01 8.630990e+01
2.599335e-01 7.319777e+01 8.621117e+01
2.600098e-01 7.315698e+01 8.611257e+01
2.600861e-01 7.311621e+01 8.601410e+01
2.601624e-01 7.307547e+01 8.591576e+01
2.602386e-01 7.303475e+01 8.581755e+01
2.603149e-01 7.299406e+01 8.571947e+01
2.603912e-01 7.295340e+01 8.562152e+01
2.604675e-01 7.291275e+01 8.552370e+01
2.605438e-01 7.287214e+01 8.542600e+01
2.606201e-01 7.283155e+01 8.532844e+01
2.606964e-01 7.279098e+01 8.523100e+01
2.607727e-01 7.275044e+01 8.513370e+01
2.608490e-01 7.270993e+01 8.503652e+01
2.609253e-01 7.266944e+01 8.493947e+01
2.610779e-01 7.258853e+01 8.474576e+01
2.612305e-01 7.250773e+01 8.455257e+01
2.613831e-01 7.242703e+01 8.435988e+01
2.615356e-01 7.234644e+01 8.416771e+01
2.616882e-01 7.226595e+01 8.397605e+01
2.618408e-01 7.218556e+01 8.378490e+01
2.619934e-01 7.210528e+01 8.359426e+01
2.621460e-01 7.202511e+01 8.340413e+01
2.622986e-01 7.194504e+01 8.321451e+01
2.624512e-01 7.186508e+01 8.302540e+01
2.630615e-01 7.154631e+01 8.227402e+01
2.636719e-01 7.122931e+01 8.153072e+01
2.642822e-01 7.091410e+01 8.079544e+01
2.648926e-01 7.060073e+01 8.006814e+01
2.655029e-01 7.028922e+01 7.934878e+01
2.661133e-01 6.997962e+01 7.863730e+01
2.667236e-01 6.967194e+01 7.793366e+01
2.673340e-01 6.936624e+01 7.723781e+01
2.679443e-01 6.906253e+01 7.654969e+01
2.685547e-01 6.876085e+01 7.586927e+01
2.697754e-01 6.816370e+01 7.453128e+01
2.709961e-01 6.757501e+01 7.322345e+01
2.722168e-01 6.699500e+01 7.194534e+01
2.734375e-01 6.642388e+01 7.069655e+01
2.746582e-01 6.586185e+01 6.947666e+01
2.758789e-01 6.530908e+01 6.828522e+01
2.770996e-01 6.476575e+01 6.712181e+01
2.783203e-01 6.423201e+01 6.598600e+01
2.795410e-01 6.370801e+01 6.487735e+01
2.807617e-01 6.319389e+01 6.379541e+01
2.819824e-01 6.268977e+01 6.273974e+01
2.832031e-01 6.219577e+01 6.170991e+01
2.844238e-01 6.171199e+01 6.070545e+01
2.856445e-01 6.123852e+01 5.972594e+01
2.868652e-01 6.077545e+01 5.877092e+01
2.880859e-01 6.032284e+01 5.783994e+01
2.893066e-01 5.988078e+01 5.693257e+01
2.905273e-01 5.944929e+01 5.604835e+01
2.917480e-01 5.902844e+01 5.518684e+01
2.929688e-01 5.861826e+01 5.434761e+01
2.941895e-01 5.821877e+01 5.353021e+01
2.954102e-01 5.782999e+01 5.273420e+01
2.966309e-01 5.745192e+01 5.195915e+01
2.978516e-01 5.708458e+01 5.120463e+01
2.990723e-01 5.672796e+01 5.047020e+01
3.002930e-01 5.638203e+01 4.975543e+01
3.015137e-01 5.604678e+01 4.905991e+01
3.027344e-01 5.572218e+01 4.838322e+01
3.039551e-01 5.540818e+01 4.772492e+01
3.051758e-01 5.510476e+01 4.708463e+01
3.063965e-01 5.481186e+01 4.646191e+01
3.076172e-01 5.452941e+01 4.585638e+01
3.088379e-01 5.425737e+01 4.526762e+01
3.100586e-01 5.399565e+01 4.469525e+01
3.112793e-01 5.374419e+01 4.413887e+01
3.125000e-01 5.350291e+01 4.359809e+01
3.137207e-01 5.327172e+01 4.307254e+01
3.149414e-01 5.305052e+01 4.256183e+01
3.161621e-01 5.283924e+01 4.206560e+01
3.173828e-01 5.263776e+01 4.158347e+01
3.186035e-01 5.244598e+01 4.111509e+01
3.198242e-01 5.226380e+01 4.066009e+01
3.210449e-01 5.209109e+01 4.021814e+01
3.222656e-01 5.192775e+01 3.978888e+01
3.234863e-01 5.177366e+01 3.937197e+01
3.247070e-01 5.162868e+01 3.896707e+01
3.259277e-01 5.149270e+01 3.857386e+01
3.271484e-01 5.136558e+01 3.819202e+01
3.283691e-01 5.124719e+01 3.782122e+01
3.295898e-01 5.113740e+01 3.746115e+01
3.308105e-01 5.103606e+01 3.711151e+01
3.320312e-01 5.094304e+01 3.677199e+01
3.332520e-01 5.085819e+01 3.644229e+01
3.344727e-01 5.078137e+01 3.612213e+01
3.356934e-01 5.071243e+01 3.581122e+01
3.369141e-01 5.065123e+01 3.550928e+01
3.381348e-01 5.059760e+01 3.521603e+01
3.393555e-01 5.055141e+01 3.493121e+01
3.405762e-01 5.051249e+01 3.465456e+01
3.417969e-01 5.048069e+01 3.438581e+01
3.430176e-01 5.045586e+01 3.412471e+01
3.442383e-01 5.043785e+01 3.387103e+01
3.454590e-01 5.042649e+01 3.362450e+01
3.466797e-01 5.042162e+01 3.338491e+01
3.479004e-01 5.042310e+01 3.315201e+01
3.491211e-01 5.043075e+01 3.292558e+01
3.503418e-01 5.044443e+01 3.270540e+01
3.515625e-01 5.046397e+01 3.249125e+01
3.527832e-01 5.048921e+01 3.228293e+01
3.540039e-01 5.052000e+01 3.208022e+01
3.552246e-01 5.055618e+01 3.188294e+01
3.564453e-01 5.059759e+01 3.169087e+01
3.576660e-01 5.064406e+01 3.150383e+01
3.588867e-01 5.069545e+01 3.132163e+01
3.601074e-01 5.075160e+01 3.114410e+01
3.613281e-01 5.081235e+01 3.097105e+01
3.625488e-01 5.087754e+01 3.080231e+01
3.637695e-01 5.094702e+01 3.063771e+01
3.649902e-01 5.102064e+01 3.047709e+01
3.662109e-01 5.109824e+01 3.032030e+01
3.686523e-01 5.126479e+01 3.001755e+01
3.710938e-01 5.144546e+01 2.972829e+01
3.735352e-01 5.163907e+01 2.945138e+01
3.759766e-01 5.184447e+01 2.918576e+01
3.784180e-01 5.206052e+01 2.893045e+01
3.808594e-01 5.228610e+01 2.868449e+01
3.833008e-01 5.252013e+01 2.844701e+01
3.857422e-01 5.276156e+01 2.821717e+01
3.881836e-01 5.300934e+01 2.799421e+01
3.906250e-01 5.326247e+01 2.777739e+01
3.955078e-01 5.378098e+01 2.735954e+01
4.003906e-01 5.430969e+01 2.695874e+01
4.052734e-01 5.484171e+01 2.657081e+01
4.101562e-01 5.537070e+01 2.619217e+01
4.150391e-01 5.589080e+01 2.581978e+01
4.199219e-01 5.639671e+01 2.545112e+01
4.248047e-01 5.688362e+01 2.508411e+01
4.296875e-01 5.734723e+01 2.471708e+01
4.345703e-01 5.778373e+01 2.434869e+01
4.394531e-01 5.818978e+01 2.397793e+01
4.418945e-01 5.838047e+01 2.379142e+01
4.443359e-01 5.856250e+01 2.360407e+01
4.467773e-01 5.873557e+01 2.341580e+01
4.492188e-01 5.889943e+01 2.322659e+01
4.516602e-01 5.905382e+01 2.303640e+01
4.541016e-01 5.919854e+01 2.284521e+01
4.565430e-01 5.933338e+01 2.265301e+01
4.589844e-01 5.945817e+01 2.245980e+01
4.614258e-01 5.957277e+01 2.226559e+01
4.638672e-01 5.967704e+01 2.207039e+01
4.663086e-01 5.977088e+01 2.187424e+01
4.687500e-01 5.985419e+01 2.167715e+01
4.711914e-01 5.992692e+01 2.147916e+01
4.736328e-01 5.998901e+01 2.128032e+01
4.760742e-01 6.004042e+01 2.108068e+01
4.785156e-01 6.008114e+01 2.088027e+01
4.809570e-01 6.011116e+01 2.067915e+01
4.833984e-01 6.013051e+01 2.047739e+01
4.858398e-01 6.013921e+01 2.027503e+01
4.882812e-01 6.013730e+01 2.007215e+01
4.907227e-01 6.012483e+01 1.986881e+01
4.931641e-01 6.010189e+01 1.966507e+01
4.956055e-01 6.006854e+01 1.946100e+01
4.980469e-01 6.002489e+01 1.925666e+01
5.004883e-01 5.997102e+01 1.905214e+01
5.029297e-01 5.990706e+01 1.884749e+01
5.053711e-01 5.983312e+01 1.864279e+01
5.078125e-01 5.974934e+01 1.843811e+01
5.102539e-01 5.965585e+01 1.823352e+01
5.126953e-01 5.955280e+01 1.802908e+01
5.133057e-01 5.952556e+01 1.797801e+01
5.139160e-01 5.949774e+01 1.792695e+01
5.145264e-01 5.946933e+01 1.787590e+01
5.151367e-01 5.944034e+01 1.782487e+01
5.157471e-01 5.941078e+01 1.777386e+01
5.163574e-01 5.938064e+01 1.772287e+01
5.169678e-01 5.934993e+01 1.767191e+01
5.175781e-01 5.931864e+01 1.762096e+01
5.181885e-01 5.928679e+01 1.757003e+01
5.187988e-01 5.925438e+01 1.751913e+01
5.191040e-01 5.923796e+01 1.749369e+01
5.194092e-01 5.922140e+01 1.746826e+01
5.197144e-01 5.920470e+01 1.744283e+01
5.200195e-01 5.918786e+01 1.741741e+01
5.203247e-01 5.917088e+01 1.739199e+01
5.206299e-01 5.915377e+01 1.736658e+01
5.209351e-01 5.913651e+01 1.734118e+01
5.212402e-01 5.911912e+01 1.731579e+01
5.215454e-01 5.910159e+01 1.729040e+01
5.218506e-01 5.908392e+01 1.726502e+01
5.221558e-01 5.906612e+01 1.723965e+01
5.224609e-01 5.904817e+01 1.721428e+01
5.227661e-01 5.903009e+01 1.718893e+01
5.230713e-01 5.901188e+01 1.716358e+01
5.233765e-01 5.899353e+01 1.713824e+01
5.236816e-01 5.897504e+01 1.711290e+01
5.239868e-01 5.895642e+01 1.708758e+01
5.242920e-01 5.893766e+01 1.706226e+01
5.245972e-01 5.891877e+01 1.703695e+01
5.249023e-01 5.889975e+01 1.701165e+01
5.261230e-01 5.882232e+01 1.691055e+01
5.273438e-01 5.874277e+01 1.680958e+01
5.285645e-01 5.866113e+01 1.670878e+01
5.297852e-01 5.857742e+01 1.660813e+01
5.310059e-01 5.849167e+01 1.650766e+01
5.322266e-01 5.840389e+01 1.640737e+01
5.334473e-01 5.831412e+01 1.630726e+01
5.346680e-01 5.822238e+01 1.620734e+01
5.358887e-01 5.812869e+01 1.610763e+01
5.371094e-01 5.803307e+01 1.600812e+01
5.419922e-01 5.763188e+01 1.561230e+01
5.468750e-01 5.720193e+01 1.522035e+01
5.517578e-01 5.674484e+01 1.483268e+01
5.566406e-01 5.626226e+01 1.444966e+01
5.615234e-01 5.575584e+01 1.407164e+01
5.664062e-01 5.522723e+01 1.369895e+01
5.712891e-01 5.467807e+01 1.333188e+01
5.761719e-01 5.410996e+01 1.297070e+01
5.810547e-01 5.352451e+01 1.261563e+01
5.859375e-01 5.292329e+01 1.226689e+01
5.908203e-01 5.230782e+01 1.192466e+01
5.957031e-01 5.167960e+01 1.158910e+01
6.005859e-01 5.104009e+01 1.126033e+01
6.054688e-01 5.039071e+01 1.093848e+01
6.103516e-01 4.973280e+01 1.062363e+01
6.152344e-01 4.906770e+01 1.031584e+01
6.201172e-01 4.839666e+01 1.001516e+01
6.250000e-01 4.772092e+01 9.721625e+00
6.298828e-01 4.704162e+01 9.435238e+00
6.347656e-01 4.635988e+01 9.155997e+00
6.359863e-01 4.618919e+01 9.087301e+00
6.372070e-01 4.601843e+01 9.019050e+00
6.384277e-01 4.584761e+01 8.951244e+00
6.396484e-01 4.567676e+01 8.883882e+00
6.408691e-01 4.550589e+01 8.816963e+00
6.420898e-01 4.533500e+01 8.750486e+00
6.433105e-01 4.516413e+01 8.684452e+00
6.445312e-01 4.499328e+01 8.618859e+00
6.457520e-01 4.482246e+01 8.553707e+00
6.469727e-01 4.465169e+01 8.488994e+00
6.481934e-01 4.448100e+01 8.424720e+00
6.494141e-01 4.431038e+01 8.360884e+00
6.506348e-01 4.413985e+01 8.297484e+00
6.518555e-01 4.396943e+01 8.234521e+00
6.530762e-01 4.379913e+01 8.171992e+00
6.542969e-01 4.362896e+01 8.109897e+00
6.555176e-01 4.345894e+01 8.048234e+00
6.567383e-01 4.328908e+01 7.987003e+00
6.579590e-01 4.311939e+01 7.926202e+00
6.591797e-01 4.294989e+01 7.865830e+00
6.616211e-01 4.261148e+01 7.746367e+00
6.640625e-01 4.227395e+01 7.628604e+00
6.665039e-01 4.193740e+01 7.512530e+00
6.689453e-01 4.160191e+01 7.398133e+00
6.713867e-01 4.126757e+01 7.285402e+00
6.738281e-01 4.093446e+01 7.174323e+00
6.762695e-01 4.060266e+01 7.064883e+00
6.787109e-01 4.027225e+01 6.957070e+00
6.811523e-01 3.994331e+01 6.850870e+00
6.835938e-01 3.961591e+01 6.746268e+00
6.884766e-01 3.896598e+01 6.541803e+00
6.933594e-01 3.832300e+01 6.343556e+00
6.982422e-01 3.768743e+01 6.151407e+00
7.031250e-01 3.705972e+01 5.965229e+00
7.080078e-01 3.644026e+01 5.784895e+00
7.128906e-01 3.582941e+01 5.610273e+00
7.177734e-01 3.522750e+01 5.441231e+00
7.226562e-01 3.463481e+01 5.277636e+00
7.275391e-01 3.405161e+01 5.119354e+00
7.324219e-01 3.347811e+01 4.966248e+00
7.373047e-01 3.291451e+01 4.818186e+00
7.421875e-01 3.236098e+01 4.675031e+00
7.470703e-01 3.181764e+01 4.536649e+00
7.519531e-01 3.128463e+01 4.402908e+00
7.568359e-01 3.076201e+01 4.273674e+00
7.617188e-01 3.024987e+01 4.148818e+00
7.666016e-01 2.974823e+01 4.028208e+00
7.714844e-01 2.925713e+01 3.911719e+00
7.763672e-01 2.877657e+01 3.799223e+00
7.812500e-01 2.830653e+01 3.690598e+00
7.861328e-01 2.784698e+01 3.585720e+00
7.910156e-01 2.739787e+01 3.484471e+00
7.958984e-01 2.695914e+01 3.386733e+00
8.007812e-01 2.653072e+01 3.292391e+00
8.056641e-01 2.611252e+01 3.201333e+00
8.105469e-01 2.570443e+01 3.113450e+00
8.154297e-01 2.530636e+01 3.028634e+00
8.203125e-01 2.491817e+01 2.946779e+00
8.251953e-01 2.453974e+01 2.867785e+00
8.300781e-01 2.417093e+01 2.791551e+00
8.349609e-01 2.381161e+01 2.717982e+00
8.398438e-01 2.346161e+01 2.646982e+00
8.447266e-01 2.312079e+01 2.578460e+00
8.496094e-01 2.278897e+01 2.512328e+00
8.544922e-01 2.246600e+01 2.448498e+00
8.593750e-01 2.215171e+01 2.386888e+00
8.642578e-01 2.184592e+01 2.327415e+00
8.691406e-01 2.154846e+01 2.270002e+00
8.740234e-01 2.125914e+01 2.214572e+00
8.789062e-01 2.097780e+01 2.161050e+00
8.886719e-01 2.043828e+01 2.059451e+00
8.984375e-01 1.992844e+01 1.964661e+00
9.082031e-01 1.944681e+01 1.876172e+00
9.179688e-01 1.899194e+01 1.793509e+00
9.277344e-01 1.856237e+01 1.716233e+00
9.375000e-01 1.815669e+01 1.643933e+00
9.472656e-01 1.777349e+01 1.576229e+00
9.570312e-01 1.741143e+01 1.512768e+00
9.667969e-01 1.706919e+01 1.453224e+00
9.765625e-01 1.674550e+01 1.397295e+00
9.814453e-01 1.659022e+01 1.370598e+00
9.863281e-01 1.643912e+01 1.344701e+00
9.912109e-01 1.629205e+01 1.319574e+00
9.960938e-01 1.614887e+01 1.295185e+00
1.000977e+00 1.600945e+01 1.271507e+00
1.005859e+00 1.587364e+01 1.248510e+00
1.010742e+00 1.574131e+01 1.226169e+00
1.015625e+00 1.561233e+01 1.204457e+00
1.020508e+00 1.548658e+01 1.183349e+00
1.025391e+00 1.536393e+01 1.162824e+00
1.026611e+00 1.533374e+01 1.157780e+00
1.027832e+00 1.530373e+01 1.152771e+00
1.029053e+00 1.527391e+01 1.147797e+00
1.030273e+00 1.524426e+01 1.142856e+00
1.031494e+00 1.521480e+01 1.137949e+00
1.032715e+00 1.518551e+01 1.133075e+00
1.033936e+00 1.515640e+01 1.128234e+00
1.035156e+00 1.512746e+01 1.123425e+00
1.036377e+00 1.509869e+01 1.118649e+00
1.037598e+00 1.507009e+01 1.113905e+00
1.038208e+00 1.505586e+01 1.111544e+00
1.038818e+00 1.504166e+01 1.109192e+00
1.039429e+00 1.502751e+01 1.106847e+00
1.040039e+00 1.501340e+01 1.104511e+00
1.040649e+00 1.499933e+01 1.102182e+00
1.041260e+00 1.498530e+01 1.099860e+00
1.041870e+00 1.497131e+01 1.097546e+00
1.042480e+00 1.495737e+01 1.095240e+00
1.043091e+00 1.494346e+01 1.092942e+00
1.043701e+00 1.492959e+01 1.090651e+00
1.044312e+00 1.491577e+01 1.088368e+00
1.044922e+00 1.490198e+01 1.086092e+00
1.045532e+00 1.488823e+01 1.083823e+00
1.046143e+00 1.487453e+01 1.081562e+00
1.046753e+00 1.486086e+01 1.079309e+00
1.047363e+00 1.484723e+01 1.077062e+00
1.047974e+00 1.483364e+01 1.074823e+00
1.048584e+00 1.482009e+01 1.072592e+00
1.049194e+00 1.480657e+01 1.070367e+00
1.049805e+00 1.479310e+01 1.068150e+00
1.052246e+00 1.473957e+01 1.059352e+00
1.054688e+00 1.468664e+01 1.050667e+00
1.057129e+00 1.463429e+01 1.042091e+00
1.059570e+00 1.458251e+01 1.033624e+00
1.062012e+00 1.453128e+01 1.025263e+00
1.064453e+00 1.448060e+01 1.017006e+00
1.066895e+00 1.443046e+01 1.008851e+00
1.069336e+00 1.438083e+01 1.000797e+00
1.071777e+00 1.433172e+01 9.928399e-01
1.074219e+00 1.428310e+01 9.849795e-01
1.083984e+00 1.409340e+01 9.544650e-01
1.093750e+00 1.391083e+01 9.253523e-01
1.103516e+00 1.373475e+01 8.975400e-01
1.113281e+00 1.356456e+01 8.709355e-01
1.123047e+00 1.339971e+01 8.454536e-01
1.132812e+00 1.323970e+01 8.210169e-01
1.142578e+00 1.308404e+01 7.975542e-01
1.152344e+00 1.293230e+01 7.750004e-01
1.162109e+00 1.278409e+01 7.532963e-01
1.171875e+00 1.263902e+01 7.323874e-01
1.181641e+00 1.249676e+01 7.122241e-01
1.191406e+00 1.235700e+01 6.927609e-01
1.201172e+00 1.221946e+01 6.739563e-01
1.210938e+00 1.208388e+01 6.557722e-01
1.220703e+00 1.195003e+01 6.381738e-01
1.230469e+00 1.181770e+01 6.211293e-01
1.240234e+00 1.168671e+01 6.046094e-01
1.250000e+00 1.155689e+01 5.885875e-01
1.259766e+00 1.142809e+01 5.730390e-01
1.269531e+00 1.130017e+01 5.579412e-01
1.274414e+00 1.123651e+01 5.505549e-01
1.279297e+00 1.117303e+01 5.432736e-01
1.284180e+00 1.110972e+01 5.360951e-01
1.289062e+00 1.104657e+01 5.290171e-01
1.293945e+00 1.098356e+01 5.220374e-01
1.298828e+00 1.092070e+01 5.151540e-01
1.303711e+00 1.085796e+01 5.083650e-01
1.308594e+00 1.079534e+01 5.016683e-01
1.313477e+00 1.073283e+01 4.950622e-01
1.318359e+00 1.067043e+01 4.885449e-01
1.323242e+00 1.060813e+01 4.821148e-01
1.328125e+00 1.054593e+01 4.757701e-01
1.333008e+00 1.048382e+01 4.695093e-01
1.337891e+00 1.042179e+01 4.633309e-01
1.342773e+00 1.035985e+01 4.572334e-01
1.347656e+00 1.029798e+01 4.512155e-01
1.352539e+00 1.023619e+01 4.452757e-01
1.357422e+00 1.017448e+01 4.394128e-01
1.362305e+00 1.011284e+01 4.336254e-01
1.367188e+00 1.005127e+01 4.279124e-01
1.386719e+00 9.805685e+00 4.057806e-01
1.406250e+00 9.561225e+00 3.847500e-01
1.425781e+00 9.317957e+00 3.647582e-01
1.445312e+00 9.076014e+00 3.457497e-01
1.464844e+00 8.835571e+00 3.276741e-01
1.484375e+00 8.596839e+00 3.104858e-01
1.503906e+00 8.360053e+00 2.941424e-01
1.523438e+00 8.125458e+00 2.786049e-01
1.542969e+00 7.893308e+00 2.638365e-01
1.562500e+00 7.663857e+00 2.498029e-01
1.582031e+00 7.437358e+00 2.364714e-01
1.601562e+00 7.214051e+00 2.238111e-01
1.621094e+00 6.994168e+00 2.117922e-01
1.640625e+00 6.777923e+00 2.003864e-01
1.660156e+00 6.565518e+00 1.895663e-01
1.679688e+00 6.357134e+00 1.793059e-01
1.699219e+00 6.152936e+00 1.695797e-01
1.718750e+00 5.953070e+00 1.603636e-01
1.738281e+00 5.757664e+00 1.516339e-01
1.757812e+00 5.566826e+00 1.433682e-01
1.777344e+00 5.380649e+00 1.355445e-01
1.796875e+00 5.199204e+00 1.281419e-01
1.816406e+00 5.022549e+00 1.211402e-01
1.835938e+00 4.850723e+00 1.145199e-01
1.855469e+00 4.683752e+00 1.082622e-01
1.875000e+00 4.521646e+00 1.023491e-01
1.894531e+00 4.364402e+00 9.676345e-02
1.914062e+00 4.212004e+00 9.148854e-02
1.933594e+00 4.064425e+00 8.650851e-02
1.953125e+00 3.921628e+00 8.180812e-02
1.962891e+00 3.852007e+00 7.955821e-02
1.972656e+00 3.783563e+00 7.737280e-02
1.982422e+00 3.716289e+00 7.525016e-02
1.992188e+00 3.650176e+00 7.318861e-02
2.001953e+00 3.585216e+00 7.118651e-02
2.011719e+00 3.521401e+00 6.924224e-02
2.021484e+00 3.458721e+00 6.735424e-02
2.031250e+00 3.397167e+00 6.552096e-02
2.041016e+00 3.336729e+00 6.374093e-02
2.050781e+00 3.277396e+00 6.201266e-02
2.060547e+00 3.219158e+00 6.033473e-02
2.070312e+00 3.162004e+00 5.870576e-02
2.080078e+00 3.105922e+00 5.712437e-02
2.089844e+00 3.050902e+00 5.558925e-02
2.099609e+00 2.996932e+00 5.409909e-02
2.109375e+00 2.943999e+00 5.265265e-02
2.119141e+00 2.892092e+00 5.124868e-02
2.128906e+00 2.841198e+00 4.988598e-02
2.138672e+00 2.791304e+00 4.856339e-02
2.148438e+00 2.742399e+00 4.727977e-02
2.167969e+00 2.647501e+00 4.482500e-02
2.187500e+00 2.556401e+00 4.251313e-02
2.207031e+00 2.468995e+00 4.033604e-02
2.226562e+00 2.385175e+00 3.828605e-02
2.246094e+00 2.304836e+00 3.635586e-02
2.265625e+00 2.227872e+00 3.453856e-02
2.285156e+00 2.154176e+00 3.282762e-02
2.304688e+00 2.083641e+00 3.121684e-02
2.324219e+00 2.016164e+00 2.970038e-02
2.343750e+00 1.951639e+00 2.827269e-02
2.363281e+00 1.889964e+00 2.692855e-02
2.382812e+00 1.831037e+00 2.566301e-02
2.402344e+00 1.774758e+00 2.447141e-02
2.421875e+00 1.721028e+00 2.334934e-02
2.441406e+00 1.669752e+00 2.229266e-02
2.460938e+00 1.620834e+00 2.129744e-02
2.480469e+00 1.574182e+00 2.035998e-02
2.500000e+00 1.529705e+00 1.947681e-02
2.519531e+00 1.487317e+00 1.864464e-02
2.539062e+00 1.446930e+00 1.786038e-02
2.558594e+00 1.408461e+00 1.712112e-02
2.578125e+00 1.371829e+00 1.642412e-02
2.597656e+00 1.336955e+00 1.576680e-02
2.617188e+00 1.303762e+00 1.514673e-02
2.636719e+00 1.272177e+00 1.456163e-02
2.656250e+00 1.242127e+00 1.400936e-02
2.675781e+00 1.213543e+00 1.348789e-02
2.695312e+00 1.186358e+00 1.299534e-02
2.714844e+00 1.160506e+00 1.252991e-02
2.734375e+00 1.135925e+00 1.208993e-02
2.773438e+00 1.090338e+00 1.128014e-02
2.812500e+00 1.049138e+00 1.055450e-02
2.851562e+00 1.011902e+00 9.902912e-03
2.890625e+00 9.782390e-01 9.316475e-03
2.929688e+00 9.477877e-01 8.787364e-03
2.968750e+00 9.202167e-01 8.308698e-03
3.007812e+00 8.952220e-01 7.874434e-03
3.046875e+00 8.725252e-01 7.479264e-03
3.085938e+00 8.518722e-01 7.118531e-03
3.125000e+00 8.330316e-01 6.788152e-03
3.203125e+00 7.999636e-01 6.204582e-03
3.281250e+00 7.718621e-01 5.704942e-03
3.359375e+00 7.475360e-01 5.271149e-03
3.437500e+00 7.260225e-01 4.889391e-03
3.515625e+00 7.065515e-01 4.549135e-03
3.593750e+00 6.885142e-01 4.242358e-03
3.671875e+00 6.714362e-01 3.962955e-03
3.750000e+00 6.549543e-01 3.706283e-03
3.828125e+00 6.387967e-01 3.468811e-03
3.906250e+00 6.227658e-01 3.247842e-03
3.925781e+00 6.187607e-01 3.194925e-03
3.945312e+00 6.147530e-01 3.142882e-03
3.964844e+00 6.107414e-01 3.091686e-03
3.984375e+00 6.067245e-01 3.041314e-03
4.003906e+00 6.027011e-01 2.991743e-03
4.023438e+00 5.986703e-01 2.942953e-03
4.042969e+00 5.946313e-01 2.894924e-03
4.062500e+00 5.905833e-01 2.847636e-03
4.082031e+00 5.865257e-01 2.801074e-03
4.101562e+00 5.824580e-01 2.755219e-03
4.121094e+00 5.783799e-01 2.710056e-03
4.140625e+00 5.742910e-01 2.665571e-03
4.160156e+00 5.701912e-01 2.621751e-03
4.179688e+00 5.660805e-01 2.578580e-03
4.199219e+00 5.619587e-01 2.536049e-03
4.218750e+00 5.578260e-01 2.494143e-03
4.238281e+00 5.536825e-01 2.452852e-03
4.257812e+00 5.495284e-01 2.412166e-03
4.277344e+00 5.453639e-01 2.372074e-03
4.296875e+00 5.411894e-01 2.332566e-03
4.335938e+00 5.328119e-01 2.255267e-03
4.375000e+00 5.243994e-01 2.180199e-03
4.414062e+00 5.159560e-01 2.107297e-03
4.453125e+00 5.074864e-01 2.036502e-03
4.492188e+00 4.989958e-01 1.967756e-03
4.531250e+00 4.904896e-01 1.901008e-03
4.570312e+00 4.819736e-01 1.836207e-03
4.609375e+00 4.734535e-01 1.773305e-03
4.648438e+00 4.649355e-01 1.712257e-03
4.687500e+00 4.564256e-01 1.653018e-03
4.765625e+00 4.394544e-01 1.539800e-03
4.843750e+00 4.225883e-01 1.433323e-03
4.921875e+00 4.058740e-01 1.333276e-03
5.000000e+00 3.893558e-01 1.239358e-03
5.078125e+00 3.730750e-01 1.151276e-03
5.156250e+00 3.570696e-01 1.068747e-03
5.234375e+00 3.413738e-01 9.914953e-04
5.312500e+00 3.260181e-01 9.192507e-04
5.390625e+00 3.110292e-01 8.517517e-04
5.468750e+00 2.964298e-01 7.887435e-04
5.546875e+00 2.822391e-01 7.299793e-04
5.625000e+00 2.684728e-01 6.752201e-04
5.703125e+00 2.551431e-01 6.242352e-04
5.781250e+00 2.422593e-01 5.768025e-04
5.859375e+00 2.298276e-01 5.327087e-04
5.937500e+00 2.178517e-01 4.917493e-04
6.015625e+00 2.063326e-01 4.537289e-04
6.093750e+00 1.952694e-01 4.184610e-04
6.171875e+00 1.846590e-01 3.857682e-04
6.250000e+00 1.744967e-01 3.554818e-04
6.406250e+00 1.554896e-01 3.014976e-04
6.562500e+00 1.381823e-01 2.553312e-04
6.718750e+00 1.224928e-01 2.159353e-04
6.875000e+00 1.083282e-01 1.823837e-04
7.031250e+00 9.558867e-02 1.538620e-04
7.187500e+00 8.417104e-02 1.296573e-04
7.343750e+00 7.397134e-02 1.091485e-04
7.500000e+00 6.488712e-02 9.179650e-05
7.656250e+00 5.681907e-02 7.713510e-05
7.812500e+00 4.967227e-02 6.476257e-05
7.890625e+00 4.641608e-02 5.932473e-05
7.968750e+00 4.335698e-02 5.433363e-05
8.046875e+00 4.048466e-02 4.975379e-05
8.125000e+00 3.778919e-02 4.555237e-05
8.203125e+00 3.526098e-02 4.169902e-05
8.281250e+00 3.289087e-02 3.816574e-05
8.359375e+00 3.067005e-02 3.492666e-05
8.437500e+00 2.859013e-02 3.195794e-05
8.515625e+00 2.664306e-02 2.923756e-05
8.593750e+00 2.482115e-02 2.674524e-05
8.671875e+00 2.311710e-02 2.446231e-05
8.750000e+00 2.152395e-02 2.237155e-05
8.828125e+00 2.003509e-02 2.045712e-05
8.906250e+00 1.864424e-02 1.870445e-05
8.984375e+00 1.734544e-02 1.710014e-05
9.062500e+00 1.613306e-02 1.563186e-05
9.140625e+00 1.500174e-02 1.428828e-05
9.218750e+00 1.394643e-02 1.305897e-05
9.296875e+00 1.296235e-02 1.193439e-05
9.375000e+00 1.204501e-02 1.090573e-05
9.687500e+00 8.961418e-03 7.598772e-06
1.000000e+01 6.646429e-03 5.289060e-06
1.031250e+01 4.915731e-03 3.678327e-06
1.062500e+01 3.626650e-03 2.556454e-06
1.093750e+01 2.669665e-03 1.775868e-06
1.125000e+01 1.961305e-03 1.233191e-06
1.156250e+01 1.438348e-03 8.561515e-07
1.187500e+01 1.053162e-03 5.943172e-07
1.218750e+01 7.700399e-04 4.125477e-07
1.250000e+01 5.623219e-04 2.863882e-07
1.281250e+01 4.101747e-04 1.988343e-07
1.312500e+01 2.988940e-04 1.380730e-07
1.343750e+01 2.176099e-04 9.590291e-08
1.375000e+01 1.583053e-04 6.663157e-08
1.406250e+01 1.150812e-04 4.630944e-08
1.437500e+01 8.360618e-05 3.219681e-08
1.468750e+01 6.070527e-05 2.239344e-08
1.500000e+01 4.405518e-05 1.558133e-08
1.531250e+01 3.195769e-05 1.084609e-08
1.562500e+01 2.317297e-05 7.553215e-09
1.593750e+01 1.679711e-05 5.262405e-09
1.625000e+01 1.217158e-05 3.668010e-09
1.656250e+01 8.817359e-06 2.557861e-09
1.687500e+01 6.385921e-06 1.784539e-09
1.718750e+01 4.623947e-06 1.245597e-09
1.750000e+01 3.347454e-06 8.698186e-10
1.781250e+01 2.422930e-06 6.076888e-10
1.812500e+01 1.753504e-06 4.247573e-10
1.843750e+01 1.268844e-06 2.970259e-10
1.875000e+01 9.180120e-07 2.077954e-10
1.937500e+01 4.803804e-07 1.018338e-10
2.000000e+01 2.513326e-07 5.000103e-11
2.062500e+01 1.314579e-07 2.459171e-11
2.125000e+01 6.872443e-08 1.211110e-11
2.187500e+01 3.595306e-08 5.979018e-12
2.250000e+01 1.882095e-08 2.958467e-12
2.312500e+01 9.831268e-09 1.462973e-12
2.375000e+01 5.154933e-09 7.272537e-13
2.437500e+01 2.724295e-09 3.648842e-13
2.500000e+01 1.430437e-09 1.821289e-13
2.750000e+01 1.116967e-10 1.175344e-14
3.000000e+01 5.338413e-11 4.720193e-15
3.250000e+01 4.070089e-11 3.066390e-15
3.500000e+01 2.596035e-11 1.686415e-15
3.750000e+01 4.263159e-11 2.412454e-15
4.000000e+01 4.757683e-11 2.366277e-15
4.250000e+01 2.790796e-11 1.229534e-15
4.500000e+01 2.198295e-11 8.638755e-16
4.750000e+01 1.715724e-11 6.051322e-16
5.000000e+01 0.000000e+00 0.000000e+00
