# 
# Output from RAtom program.
# 
# Total radial electron density.
# The first column contains radius $r$ in bohr units.
# The second column holds $\rho(r)$.
# The third column holds $\tilde{\rho}(r) = \rho(r) / (\pi * r * r)$
# 
# Use this file with gnuplot to create the plot.
# 
# R     Rho     RhoTilde
#
0.000000e+00 0.000000e+00 1.110066e+05
9.155273e-05 1.157730e-02 1.099144e+05
1.831055e-04 4.585357e-02 1.088330e+05
2.746582e-04 1.021555e-01 1.077622e+05
3.662109e-04 1.798230e-01 1.067020e+05
4.577637e-04 2.782092e-01 1.056523e+05
5.493164e-04 3.966800e-01 1.046129e+05
6.408691e-04 5.346139e-01 1.035838e+05
7.324219e-04 6.914021e-01 1.025648e+05
8.239746e-04 8.664478e-01 1.015558e+05
9.155273e-04 1.059166e+00 1.005569e+05
1.007080e-03 1.268985e+00 9.956773e+04
1.098633e-03 1.495343e+00 9.858837e+04
1.190186e-03 1.737689e+00 9.761868e+04
1.281738e-03 1.995487e+00 9.665856e+04
1.373291e-03 2.268208e+00 9.570793e+04
1.464844e-03 2.555337e+00 9.476668e+04
1.556396e-03 2.856367e+00 9.383473e+04
1.647949e-03 3.170803e+00 9.291199e+04
1.739502e-03 3.498161e+00 9.199836e+04
1.831055e-03 3.837966e+00 9.109377e+04
2.014160e-03 4.553070e+00 8.931131e+04
2.197266e-03 5.312515e+00 8.756392e+04
2.380371e-03 6.112855e+00 8.585091e+04
2.563477e-03 6.950792e+00 8.417163e+04
2.746582e-03 7.823170e+00 8.252542e+04
2.929688e-03 8.726969e+00 8.091163e+04
3.112793e-03 9.659304e+00 7.932964e+04
3.295898e-03 1.061742e+01 7.777883e+04
3.479004e-03 1.159868e+01 7.625859e+04
3.662109e-03 1.260057e+01 7.476833e+04
4.028320e-03 1.465677e+01 7.187543e+04
4.394531e-03 1.676816e+01 6.909559e+04
4.760742e-03 1.891852e+01 6.642446e+04
5.126953e-03 2.109322e+01 6.385785e+04
5.493164e-03 2.327903e+01 6.139172e+04
5.859375e-03 2.546408e+01 5.902221e+04
6.225586e-03 2.763773e+01 5.674557e+04
6.591797e-03 2.979050e+01 5.455823e+04
6.958008e-03 3.191397e+01 5.245673e+04
7.324219e-03 3.400072e+01 5.043774e+04
7.507324e-03 3.502825e+01 4.945820e+04
7.690430e-03 3.604423e+01 4.849809e+04
7.873535e-03 3.704796e+01 4.755705e+04
8.056641e-03 3.803882e+01 4.663470e+04
8.239746e-03 3.901622e+01 4.573068e+04
8.422852e-03 3.997960e+01 4.484462e+04
8.605957e-03 4.092848e+01 4.397617e+04
8.789062e-03 4.186240e+01 4.312500e+04
8.972168e-03 4.278092e+01 4.229076e+04
9.155273e-03 4.368368e+01 4.147312e+04
9.338379e-03 4.457032e+01 4.067176e+04
9.521484e-03 4.544054e+01 3.988635e+04
9.704590e-03 4.629405e+01 3.911659e+04
9.887695e-03 4.713062e+01 3.836216e+04
1.007080e-02 4.795001e+01 3.762278e+04
1.025391e-02 4.875206e+01 3.689813e+04
1.043701e-02 4.953659e+01 3.618795e+04
1.062012e-02 5.030348e+01 3.549193e+04
1.080322e-02 5.105262e+01 3.480980e+04
1.098633e-02 5.178392e+01 3.414129e+04
1.116943e-02 5.249732e+01 3.348613e+04
1.135254e-02 5.319279e+01 3.284407e+04
1.153564e-02 5.387031e+01 3.221483e+04
1.171875e-02 5.452987e+01 3.159818e+04
1.190186e-02 5.517151e+01 3.099386e+04
1.208496e-02 5.579525e+01 3.040163e+04
1.226807e-02 5.640115e+01 2.982125e+04
1.245117e-02 5.698929e+01 2.925250e+04
1.263428e-02 5.755975e+01 2.869513e+04
1.281738e-02 5.811263e+01 2.814893e+04
1.300049e-02 5.864805e+01 2.761368e+04
1.318359e-02 5.916612e+01 2.708917e+04
1.336670e-02 5.966701e+01 2.657517e+04
1.354980e-02 6.015084e+01 2.607148e+04
1.373291e-02 6.061779e+01 2.557791e+04
1.391602e-02 6.106802e+01 2.509425e+04
1.409912e-02 6.150172e+01 2.462030e+04
1.428223e-02 6.191907e+01 2.415587e+04
1.446533e-02 6.232028e+01 2.370078e+04
1.464844e-02 6.270554e+01 2.325484e+04
1.501465e-02 6.342910e+01 2.238970e+04
1.538086e-02 6.409151e+01 2.155904e+04
1.574707e-02 6.469466e+01 2.076151e+04
1.611328e-02 6.524046e+01 1.999582e+04
1.647949e-02 6.573093e+01 1.926071e+04
1.684570e-02 6.616811e+01 1.855498e+04
1.721191e-02 6.655410e+01 1.787749e+04
1.757812e-02 6.689100e+01 1.722712e+04
1.794434e-02 6.718096e+01 1.660281e+04
1.831055e-02 6.742611e+01 1.600352e+04
1.867676e-02 6.762861e+01 1.542828e+04
1.904297e-02 6.779059e+01 1.487614e+04
1.940918e-02 6.791419e+01 1.434618e+04
1.977539e-02 6.800152e+01 1.383753e+04
2.014160e-02 6.805467e+01 1.334935e+04
2.050781e-02 6.807569e+01 1.288082e+04
2.087402e-02 6.806663e+01 1.243117e+04
2.124023e-02 6.802947e+01 1.199965e+04
2.160645e-02 6.796617e+01 1.158554e+04
2.197266e-02 6.787864e+01 1.118815e+04
2.270508e-02 6.763836e+01 1.044088e+04
2.343750e-02 6.732300e+01 9.752839e+03
2.416992e-02 6.694617e+01 9.119382e+03
2.490234e-02 6.652063e+01 8.536229e+03
2.563477e-02 6.605828e+01 7.999423e+03
2.636719e-02 6.557014e+01 7.505310e+03
2.709961e-02 6.506639e+01 7.050514e+03
2.783203e-02 6.455633e+01 6.631918e+03
2.856445e-02 6.404841e+01 6.246643e+03
2.929688e-02 6.355027e+01 5.892030e+03
3.002930e-02 6.306876e+01 5.565627e+03
3.076172e-02 6.260993e+01 5.265167e+03
3.149414e-02 6.217914e+01 4.988561e+03
3.222656e-02 6.178103e+01 4.733881e+03
3.295898e-02 6.141958e+01 4.499346e+03
3.369141e-02 6.109816e+01 4.283315e+03
3.442383e-02 6.081954e+01 4.084275e+03
3.515625e-02 6.058595e+01 3.900830e+03
3.588867e-02 6.039912e+01 3.731694e+03
3.662109e-02 6.026029e+01 3.575681e+03
3.698730e-02 6.020915e+01 3.502251e+03
3.735352e-02 6.017029e+01 3.431699e+03
3.771973e-02 6.014373e+01 3.363903e+03
3.808594e-02 6.012951e+01 3.298743e+03
3.845215e-02 6.012762e+01 3.236107e+03
3.881836e-02 6.013802e+01 3.175886e+03
3.918457e-02 6.016068e+01 3.117975e+03
3.955078e-02 6.019552e+01 3.062275e+03
3.991699e-02 6.024248e+01 3.008689e+03
4.028320e-02 6.030144e+01 2.957126e+03
4.064941e-02 6.037230e+01 2.907497e+03
4.101562e-02 6.045491e+01 2.859717e+03
4.138184e-02 6.054914e+01 2.813706e+03
4.174805e-02 6.065484e+01 2.769384e+03
4.211426e-02 6.077181e+01 2.726679e+03
4.248047e-02 6.089989e+01 2.685518e+03
4.284668e-02 6.103889e+01 2.645833e+03
4.321289e-02 6.118858e+01 2.607557e+03
4.357910e-02 6.134877e+01 2.570629e+03
4.394531e-02 6.151922e+01 2.534988e+03
4.467773e-02 6.189001e+01 2.467337e+03
4.541016e-02 6.229899e+01 2.404170e+03
4.614258e-02 6.274414e+01 2.345090e+03
4.687500e-02 6.322332e+01 2.289733e+03
4.760742e-02 6.373435e+01 2.237764e+03
4.833984e-02 6.427498e+01 2.188878e+03
4.907227e-02 6.484295e+01 2.142795e+03
4.980469e-02 6.543596e+01 2.099260e+03
5.053711e-02 6.605169e+01 2.058037e+03
5.126953e-02 6.668784e+01 2.018915e+03
5.200195e-02 6.734211e+01 1.981698e+03
5.273438e-02 6.801224e+01 1.946210e+03
5.346680e-02 6.869599e+01 1.912287e+03
5.419922e-02 6.939114e+01 1.879785e+03
5.493164e-02 7.009553e+01 1.848568e+03
5.566406e-02 7.080706e+01 1.818515e+03
5.639648e-02 7.152367e+01 1.789517e+03
5.712891e-02 7.224336e+01 1.761474e+03
5.786133e-02 7.296421e+01 1.734296e+03
5.859375e-02 7.368435e+01 1.707901e+03
5.932617e-02 7.440198e+01 1.682217e+03
6.005859e-02 7.511539e+01 1.657176e+03
6.079102e-02 7.582293e+01 1.632721e+03
6.152344e-02 7.652303e+01 1.608796e+03
6.225586e-02 7.721419e+01 1.585356e+03
6.298828e-02 7.789501e+01 1.562357e+03
6.372070e-02 7.856415e+01 1.539761e+03
6.445312e-02 7.922034e+01 1.517536e+03
6.518555e-02 7.986241e+01 1.495650e+03
6.591797e-02 8.048925e+01 1.474078e+03
6.665039e-02 8.109984e+01 1.452796e+03
6.738281e-02 8.169323e+01 1.431785e+03
6.811523e-02 8.226853e+01 1.411027e+03
6.884766e-02 8.282496e+01 1.390507e+03
6.958008e-02 8.336178e+01 1.370210e+03
7.031250e-02 8.387833e+01 1.350128e+03
7.104492e-02 8.437401e+01 1.330248e+03
7.177734e-02 8.484831e+01 1.310565e+03
7.250977e-02 8.530077e+01 1.291071e+03
7.324219e-02 8.573099e+01 1.271761e+03
7.360840e-02 8.593765e+01 1.262173e+03
7.397461e-02 8.613863e+01 1.252630e+03
7.434082e-02 8.633390e+01 1.243131e+03
7.470703e-02 8.652343e+01 1.233675e+03
7.507324e-02 8.670719e+01 1.224263e+03
7.543945e-02 8.688516e+01 1.214895e+03
7.580566e-02 8.705732e+01 1.205569e+03
7.617188e-02 8.722365e+01 1.196286e+03
7.653809e-02 8.738415e+01 1.187046e+03
7.690430e-02 8.753881e+01 1.177849e+03
7.708740e-02 8.761394e+01 1.173266e+03
7.727051e-02 8.768761e+01 1.168694e+03
7.745361e-02 8.775982e+01 1.164133e+03
7.763672e-02 8.783057e+01 1.159582e+03
7.781982e-02 8.789985e+01 1.155042e+03
7.800293e-02 8.796766e+01 1.150513e+03
7.818604e-02 8.803402e+01 1.145994e+03
7.836914e-02 8.809891e+01 1.141486e+03
7.855225e-02 8.816234e+01 1.136988e+03
7.873535e-02 8.822431e+01 1.132502e+03
7.891846e-02 8.828482e+01 1.128026e+03
7.910156e-02 8.834388e+01 1.123561e+03
7.928467e-02 8.840147e+01 1.119106e+03
7.946777e-02 8.845762e+01 1.114662e+03
7.965088e-02 8.851231e+01 1.110229e+03
7.983398e-02 8.856555e+01 1.105807e+03
8.001709e-02 8.861734e+01 1.101396e+03
8.020020e-02 8.866768e+01 1.096995e+03
8.038330e-02 8.871658e+01 1.092605e+03
8.056641e-02 8.876404e+01 1.088226e+03
8.129883e-02 8.893952e+01 1.070820e+03
8.203125e-02 8.909218e+01 1.053589e+03
8.276367e-02 8.922226e+01 1.036535e+03
8.349609e-02 8.933004e+01 1.019660e+03
8.422852e-02 8.941580e+01 1.002966e+03
8.496094e-02 8.947989e+01 9.864543e+02
8.569336e-02 8.952265e+01 9.701273e+02
8.642578e-02 8.954448e+01 9.539867e+02
8.715820e-02 8.954578e+01 9.380343e+02
8.789062e-02 8.952698e+01 9.222719e+02
8.862305e-02 8.948853e+01 9.067011e+02
8.935547e-02 8.943090e+01 8.913238e+02
9.008789e-02 8.935459e+01 8.761413e+02
9.082031e-02 8.926009e+01 8.611552e+02
9.155273e-02 8.914791e+01 8.463669e+02
9.228516e-02 8.901860e+01 8.317776e+02
9.301758e-02 8.887269e+01 8.173883e+02
9.375000e-02 8.871074e+01 8.032001e+02
9.448242e-02 8.853329e+01 7.892139e+02
9.521484e-02 8.834093e+01 7.754303e+02
9.594727e-02 8.813422e+01 7.618500e+02
9.667969e-02 8.791374e+01 7.484734e+02
9.741211e-02 8.768006e+01 7.353009e+02
9.814453e-02 8.743379e+01 7.223326e+02
9.887695e-02 8.717549e+01 7.095686e+02
9.960938e-02 8.690576e+01 6.970088e+02
1.003418e-01 8.662518e+01 6.846530e+02
1.010742e-01 8.633433e+01 6.725009e+02
1.018066e-01 8.603379e+01 6.605520e+02
1.025391e-01 8.572415e+01 6.488057e+02
1.040039e-01 8.507984e+01 6.259181e+02
1.054688e-01 8.440593e+01 6.038312e+02
1.069336e-01 8.370686e+01 5.825362e+02
1.083984e-01 8.298696e+01 5.620228e+02
1.098633e-01 8.225042e+01 5.422794e+02
1.113281e-01 8.150129e+01 5.232929e+02
1.127930e-01 8.074347e+01 5.050490e+02
1.142578e-01 7.998069e+01 4.875324e+02
1.157227e-01 7.921652e+01 4.707270e+02
1.171875e-01 7.845432e+01 4.546157e+02
1.186523e-01 7.769728e+01 4.391808e+02
1.201172e-01 7.694840e+01 4.244040e+02
1.215820e-01 7.621048e+01 4.102665e+02
1.230469e-01 7.548613e+01 3.967492e+02
1.245117e-01 7.477777e+01 3.838329e+02
1.259766e-01 7.408762e+01 3.714978e+02
1.274414e-01 7.341771e+01 3.597244e+02
1.289062e-01 7.276990e+01 3.484929e+02
1.303711e-01 7.214583e+01 3.377837e+02
1.318359e-01 7.154699e+01 3.275774e+02
1.325684e-01 7.125745e+01 3.226567e+02
1.333008e-01 7.097469e+01 3.178544e+02
1.340332e-01 7.069884e+01 3.131682e+02
1.347656e-01 7.043004e+01 3.085957e+02
1.354980e-01 7.016840e+01 3.041345e+02
1.362305e-01 6.991403e+01 2.997823e+02
1.369629e-01 6.966702e+01 2.955368e+02
1.376953e-01 6.942745e+01 2.913956e+02
1.384277e-01 6.919541e+01 2.873566e+02
1.391602e-01 6.897096e+01 2.834175e+02
1.398926e-01 6.875417e+01 2.795760e+02
1.406250e-01 6.854507e+01 2.758299e+02
1.413574e-01 6.834372e+01 2.721770e+02
1.420898e-01 6.815014e+01 2.686153e+02
1.428223e-01 6.796436e+01 2.651426e+02
1.435547e-01 6.778639e+01 2.617567e+02
1.442871e-01 6.761625e+01 2.584557e+02
1.450195e-01 6.745393e+01 2.552375e+02
1.457520e-01 6.729944e+01 2.521000e+02
1.464844e-01 6.715275e+01 2.490413e+02
1.472168e-01 6.701385e+01 2.460594e+02
1.479492e-01 6.688270e+01 2.431524e+02
1.486816e-01 6.675928e+01 2.403184e+02
1.494141e-01 6.664355e+01 2.375556e+02
1.501465e-01 6.653546e+01 2.348621e+02
1.508789e-01 6.643496e+01 2.322361e+02
1.516113e-01 6.634198e+01 2.296758e+02
1.523438e-01 6.625648e+01 2.271795e+02
1.530762e-01 6.617838e+01 2.247455e+02
1.538086e-01 6.610760e+01 2.223721e+02
1.539917e-01 6.609104e+01 2.217880e+02
1.541748e-01 6.607493e+01 2.212076e+02
1.543579e-01 6.605928e+01 2.206308e+02
1.545410e-01 6.604407e+01 2.200576e+02
1.547241e-01 6.602931e+01 2.194880e+02
1.549072e-01 6.601500e+01 2.189220e+02
1.550903e-01 6.600113e+01 2.183595e+02
1.552734e-01 6.598771e+01 2.178005e+02
1.554565e-01 6.597473e+01 2.172450e+02
1.556396e-01 6.596219e+01 2.166929e+02
1.557312e-01 6.595608e+01 2.164182e+02
1.558228e-01 6.595009e+01 2.161443e+02
1.559143e-01 6.594420e+01 2.158713e+02
1.560059e-01 6.593843e+01 2.155991e+02
1.560974e-01 6.593276e+01 2.153277e+02
1.561890e-01 6.592720e+01 2.150572e+02
1.562805e-01 6.592175e+01 2.147876e+02
1.563721e-01 6.591641e+01 2.145188e+02
1.564636e-01 6.591118e+01 2.142508e+02
1.565552e-01 6.590606e+01 2.139837e+02
1.566467e-01 6.590105e+01 2.137173e+02
1.567383e-01 6.589614e+01 2.134519e+02
1.568298e-01 6.589134e+01 2.131872e+02
1.569214e-01 6.588665e+01 2.129233e+02
1.570129e-01 6.588206e+01 2.126603e+02
1.571045e-01 6.587759e+01 2.123981e+02
1.571960e-01 6.587322e+01 2.121367e+02
1.572876e-01 6.586896e+01 2.118761e+02
1.573792e-01 6.586480e+01 2.116163e+02
1.574707e-01 6.586075e+01 2.113573e+02
1.578369e-01 6.584561e+01 2.103293e+02
1.582031e-01 6.583216e+01 2.093139e+02
1.585693e-01 6.582038e+01 2.083110e+02
1.589355e-01 6.581026e+01 2.073202e+02
1.593018e-01 6.580179e+01 2.063416e+02
1.596680e-01 6.579496e+01 2.053748e+02
1.600342e-01 6.578974e+01 2.044197e+02
1.604004e-01 6.578613e+01 2.034762e+02
1.607666e-01 6.578411e+01 2.025440e+02
1.611328e-01 6.578367e+01 2.016231e+02
1.625977e-01 6.579738e+01 1.980479e+02
1.640625e-01 6.583515e+01 1.946387e+02
1.655273e-01 6.589596e+01 1.913857e+02
1.669922e-01 6.597879e+01 1.882791e+02
1.684570e-01 6.608259e+01 1.853100e+02
1.699219e-01 6.620626e+01 1.824696e+02
1.713867e-01 6.634871e+01 1.797497e+02
1.728516e-01 6.650880e+01 1.771425e+02
1.743164e-01 6.668542e+01 1.746403e+02
1.757812e-01 6.687742e+01 1.722363e+02
1.787109e-01 6.730299e+01 1.676958e+02
1.816406e-01 6.777636e+01 1.634716e+02
1.845703e-01 6.828847e+01 1.595195e+02
1.875000e-01 6.883043e+01 1.558002e+02
1.904297e-01 6.939360e+01 1.522791e+02
1.933594e-01 6.996965e+01 1.489256e+02
1.962891e-01 7.055063e+01 1.457132e+02
1.992188e-01 7.112898e+01 1.426186e+02
2.021484e-01 7.169761e+01 1.396221e+02
2.050781e-01 7.224989e+01 1.367063e+02
2.065430e-01 7.251796e+01 1.352742e+02
2.080078e-01 7.277969e+01 1.338570e+02
2.094727e-01 7.303439e+01 1.324533e+02
2.109375e-01 7.328140e+01 1.310619e+02
2.124023e-01 7.352010e+01 1.296814e+02
2.138672e-01 7.374990e+01 1.283108e+02
2.153320e-01 7.397024e+01 1.269492e+02
2.167969e-01 7.418061e+01 1.255956e+02
2.182617e-01 7.438049e+01 1.242493e+02
2.197266e-01 7.456944e+01 1.229096e+02
2.211914e-01 7.474702e+01 1.215759e+02
2.226562e-01 7.491282e+01 1.202476e+02
2.241211e-01 7.506649e+01 1.189243e+02
2.255859e-01 7.520768e+01 1.176057e+02
2.270508e-01 7.533608e+01 1.162913e+02
2.285156e-01 7.545140e+01 1.149809e+02
2.299805e-01 7.555341e+01 1.136743e+02
2.314453e-01 7.564186e+01 1.123713e+02
2.329102e-01 7.571657e+01 1.110719e+02
2.343750e-01 7.577735e+01 1.097759e+02
2.358398e-01 7.582408e+01 1.084833e+02
2.373047e-01 7.585661e+01 1.071941e+02
2.387695e-01 7.587487e+01 1.059084e+02
2.402344e-01 7.587877e+01 1.046261e+02
2.416992e-01 7.586826e+01 1.033474e+02
2.431641e-01 7.584332e+01 1.020725e+02
2.446289e-01 7.580394e+01 1.008014e+02
2.460938e-01 7.575014e+01 9.953422e+01
2.475586e-01 7.568195e+01 9.827124e+01
2.490234e-01 7.559942e+01 9.701261e+01
2.504883e-01 7.550263e+01 9.575852e+01
2.519531e-01 7.539167e+01 9.450918e+01
2.534180e-01 7.526663e+01 9.326481e+01
2.548828e-01 7.512765e+01 9.202564e+01
2.563477e-01 7.497486e+01 9.079190e+01
2.578125e-01 7.480842e+01 8.956383e+01
2.592773e-01 7.462849e+01 8.834168e+01
2.607422e-01 7.443524e+01 8.712567e+01
2.622070e-01 7.422889e+01 8.591607e+01
2.636719e-01 7.400962e+01 8.471312e+01
2.651367e-01 7.377765e+01 8.351706e+01
2.666016e-01 7.353321e+01 8.232813e+01
2.680664e-01 7.327654e+01 8.114659e+01
2.695312e-01 7.300787e+01 7.997266e+01
2.709961e-01 7.272747e+01 7.880659e+01
2.724609e-01 7.243559e+01 7.764861e+01
2.739258e-01 7.213251e+01 7.649893e+01
2.753906e-01 7.181850e+01 7.535779e+01
2.768555e-01 7.149383e+01 7.422539e+01
2.783203e-01 7.115881e+01 7.310196e+01
2.797852e-01 7.081371e+01 7.198768e+01
2.812500e-01 7.045885e+01 7.088276e+01
2.827148e-01 7.009451e+01 6.978738e+01
2.841797e-01 6.972100e+01 6.870174e+01
2.856445e-01 6.933864e+01 6.762599e+01
2.871094e-01 6.894773e+01 6.656031e+01
2.885742e-01 6.854857e+01 6.550486e+01
2.900391e-01 6.814150e+01 6.445978e+01
2.915039e-01 6.772682e+01 6.342523e+01
2.929688e-01 6.730484e+01 6.240133e+01
2.944336e-01 6.687589e+01 6.138822e+01
2.958984e-01 6.644029e+01 6.038600e+01
2.973633e-01 6.599834e+01 5.939480e+01
2.988281e-01 6.555036e+01 5.841472e+01
3.002930e-01 6.509667e+01 5.744584e+01
3.017578e-01 6.463759e+01 5.648826e+01
3.032227e-01 6.417342e+01 5.554206e+01
3.046875e-01 6.370447e+01 5.460731e+01
3.061523e-01 6.323106e+01 5.368407e+01
3.076172e-01 6.275349e+01 5.277239e+01
3.079834e-01 6.263348e+01 5.254629e+01
3.083496e-01 6.251323e+01 5.232091e+01
3.087158e-01 6.239276e+01 5.209626e+01
3.090820e-01 6.227206e+01 5.187234e+01
3.094482e-01 6.215113e+01 5.164915e+01
3.098145e-01 6.202999e+01 5.142668e+01
3.101807e-01 6.190864e+01 5.120495e+01
3.105469e-01 6.178707e+01 5.098394e+01
3.109131e-01 6.166531e+01 5.076367e+01
3.112793e-01 6.154334e+01 5.054413e+01
3.113708e-01 6.151282e+01 5.048936e+01
3.114624e-01 6.148228e+01 5.043463e+01
3.115540e-01 6.145174e+01 5.037995e+01
3.116455e-01 6.142118e+01 5.032532e+01
3.117371e-01 6.139061e+01 5.027073e+01
3.118286e-01 6.136003e+01 5.021619e+01
3.119202e-01 6.132944e+01 5.016169e+01
3.120117e-01 6.129883e+01 5.010724e+01
3.121033e-01 6.126821e+01 5.005284e+01
3.121948e-01 6.123759e+01 4.999848e+01
3.122864e-01 6.120695e+01 4.994417e+01
3.123779e-01 6.117630e+01 4.988990e+01
3.124695e-01 6.114563e+01 4.983568e+01
3.125610e-01 6.111496e+01 4.978150e+01
3.126526e-01 6.108428e+01 4.972737e+01
3.127441e-01 6.105358e+01 4.967329e+01
3.128357e-01 6.102288e+01 4.961925e+01
3.129272e-01 6.099216e+01 4.956526e+01
3.130188e-01 6.096143e+01 4.951131e+01
3.131104e-01 6.093069e+01 4.945741e+01
3.132935e-01 6.086919e+01 4.934975e+01
3.134766e-01 6.080763e+01 4.924227e+01
3.136597e-01 6.074604e+01 4.913498e+01
3.138428e-01 6.068441e+01 4.902786e+01
3.140259e-01 6.062273e+01 4.892094e+01
3.142090e-01 6.056101e+01 4.881419e+01
3.143921e-01 6.049926e+01 4.870763e+01
3.145752e-01 6.043747e+01 4.860125e+01
3.147583e-01 6.037563e+01 4.849505e+01
3.149414e-01 6.031376e+01 4.838904e+01
3.156738e-01 6.006591e+01 4.796683e+01
3.164062e-01 5.981750e+01 4.754756e+01
3.171387e-01 5.956856e+01 4.713123e+01
3.178711e-01 5.931913e+01 4.671785e+01
3.186035e-01 5.906924e+01 4.630740e+01
3.193359e-01 5.881893e+01 4.589989e+01
3.200684e-01 5.856823e+01 4.549532e+01
3.208008e-01 5.831718e+01 4.509369e+01
3.215332e-01 5.806580e+01 4.469500e+01
3.222656e-01 5.781414e+01 4.429924e+01
3.251953e-01 5.680530e+01 4.274551e+01
3.281250e-01 5.579448e+01 4.123849e+01
3.310547e-01 5.478369e+01 3.977790e+01
3.339844e-01 5.377483e+01 3.836338e+01
3.369141e-01 5.276975e+01 3.699448e+01
3.398438e-01 5.177020e+01 3.567068e+01
3.427734e-01 5.077786e+01 3.439143e+01
3.457031e-01 4.979430e+01 3.315608e+01
3.486328e-01 4.882101e+01 3.196394e+01
3.515625e-01 4.785941e+01 3.081430e+01
3.544922e-01 4.691081e+01 2.970638e+01
3.574219e-01 4.597646e+01 2.863937e+01
3.603516e-01 4.505750e+01 2.761241e+01
3.632812e-01 4.415499e+01 2.662466e+01
3.662109e-01 4.326993e+01 2.567519e+01
3.691406e-01 4.240321e+01 2.476311e+01
3.720703e-01 4.155565e+01 2.388747e+01
3.750000e-01 4.072800e+01 2.304734e+01
3.779297e-01 3.992093e+01 2.224174e+01
3.808594e-01 3.913502e+01 2.146972e+01
3.823242e-01 3.875016e+01 2.109600e+01
3.837891e-01 3.837079e+01 2.073031e+01
3.852539e-01 3.799696e+01 2.037253e+01
3.867188e-01 3.762871e+01 2.002253e+01
3.881836e-01 3.726609e+01 1.968021e+01
3.896484e-01 3.690915e+01 1.934543e+01
3.911133e-01 3.655792e+01 1.901807e+01
3.925781e-01 3.621243e+01 1.869802e+01
3.940430e-01 3.587272e+01 1.838515e+01
3.955078e-01 3.553881e+01 1.807935e+01
3.969727e-01 3.521073e+01 1.778050e+01
3.984375e-01 3.488849e+01 1.748847e+01
3.999023e-01 3.457211e+01 1.720316e+01
4.013672e-01 3.426160e+01 1.692443e+01
4.028320e-01 3.395698e+01 1.665218e+01
4.042969e-01 3.365824e+01 1.638629e+01
4.057617e-01 3.336539e+01 1.612665e+01
4.072266e-01 3.307843e+01 1.587314e+01
4.086914e-01 3.279735e+01 1.562564e+01
4.101562e-01 3.252215e+01 1.538405e+01
4.130859e-01 3.198935e+01 1.491814e+01
4.160156e-01 3.147992e+01 1.447453e+01
4.189453e-01 3.099370e+01 1.405235e+01
4.218750e-01 3.053050e+01 1.365075e+01
4.248047e-01 3.009010e+01 1.326891e+01
4.277344e-01 2.967224e+01 1.290601e+01
4.306641e-01 2.927662e+01 1.256128e+01
4.335938e-01 2.890292e+01 1.223392e+01
4.365234e-01 2.855078e+01 1.192321e+01
4.394531e-01 2.821984e+01 1.162839e+01
4.423828e-01 2.790968e+01 1.134876e+01
4.453125e-01 2.761990e+01 1.108364e+01
4.482422e-01 2.735003e+01 1.083235e+01
4.511719e-01 2.709964e+01 1.059423e+01
4.541016e-01 2.686823e+01 1.036867e+01
4.570312e-01 2.665533e+01 1.015506e+01
4.599609e-01 2.646042e+01 9.952795e+00
4.628906e-01 2.628301e+01 9.761319e+00
4.658203e-01 2.612257e+01 9.580082e+00
4.687500e-01 2.597857e+01 9.408552e+00
4.716797e-01 2.585046e+01 9.246218e+00
4.746094e-01 2.573772e+01 9.092591e+00
4.775391e-01 2.563980e+01 8.947198e+00
4.804688e-01 2.555616e+01 8.809584e+00
4.833984e-01 2.548624e+01 8.679314e+00
4.863281e-01 2.542950e+01 8.555967e+00
4.892578e-01 2.538539e+01 8.439144e+00
4.921875e-01 2.535336e+01 8.328458e+00
4.951172e-01 2.533289e+01 8.223541e+00
4.980469e-01 2.532342e+01 8.124041e+00
5.009766e-01 2.532443e+01 8.029620e+00
5.039062e-01 2.533538e+01 7.939957e+00
5.068359e-01 2.535576e+01 7.854744e+00
5.097656e-01 2.538505e+01 7.773689e+00
5.126953e-01 2.542275e+01 7.696511e+00
5.156250e-01 2.546834e+01 7.622945e+00
5.185547e-01 2.552134e+01 7.552738e+00
5.214844e-01 2.558126e+01 7.485650e+00
5.244141e-01 2.564764e+01 7.421451e+00
5.273438e-01 2.572000e+01 7.359926e+00
5.332031e-01 2.588087e+01 7.244086e+00
5.390625e-01 2.606035e+01 7.136612e+00
5.449219e-01 2.625510e+01 7.036153e+00
5.507812e-01 2.646194e+01 6.941504e+00
5.566406e-01 2.667789e+01 6.851597e+00
5.625000e-01 2.690014e+01 6.765495e+00
5.683594e-01 2.712605e+01 6.682372e+00
5.742188e-01 2.735319e+01 6.601513e+00
5.800781e-01 2.757931e+01 6.522296e+00
5.859375e-01 2.780230e+01 6.444189e+00
5.888672e-01 2.791203e+01 6.405408e+00
5.917969e-01 2.802027e+01 6.366740e+00
5.947266e-01 2.812682e+01 6.328141e+00
5.976562e-01 2.823148e+01 6.289568e+00
6.005859e-01 2.833405e+01 6.250985e+00
6.035156e-01 2.843435e+01 6.212358e+00
6.064453e-01 2.853222e+01 6.173655e+00
6.093750e-01 2.862748e+01 6.134851e+00
6.123047e-01 2.871999e+01 6.095920e+00
6.152344e-01 2.880960e+01 6.056841e+00
6.159668e-01 2.883153e+01 6.047046e+00
6.166992e-01 2.885328e+01 6.037241e+00
6.174316e-01 2.887483e+01 6.027424e+00
6.181641e-01 2.889618e+01 6.017597e+00
6.188965e-01 2.891734e+01 6.007758e+00
6.196289e-01 2.893829e+01 5.997907e+00
6.203613e-01 2.895905e+01 5.988044e+00
6.210938e-01 2.897960e+01 5.978170e+00
6.218262e-01 2.899995e+01 5.968283e+00
6.225586e-01 2.902009e+01 5.958384e+00
6.232910e-01 2.904003e+01 5.948472e+00
6.240234e-01 2.905975e+01 5.938547e+00
6.247559e-01 2.907926e+01 5.928610e+00
6.254883e-01 2.909856e+01 5.918659e+00
6.262207e-01 2.911765e+01 5.908695e+00
6.269531e-01 2.913652e+01 5.898718e+00
6.276855e-01 2.915517e+01 5.888727e+00
6.284180e-01 2.917360e+01 5.878722e+00
6.291504e-01 2.919181e+01 5.868704e+00
6.298828e-01 2.920980e+01 5.858672e+00
6.313477e-01 2.924510e+01 5.838566e+00
6.328125e-01 2.927950e+01 5.818402e+00
6.342773e-01 2.931299e+01 5.798182e+00
6.357422e-01 2.934555e+01 5.777904e+00
6.372070e-01 2.937717e+01 5.757567e+00
6.386719e-01 2.940785e+01 5.737172e+00
6.401367e-01 2.943758e+01 5.716719e+00
6.416016e-01 2.946635e+01 5.696206e+00
6.430664e-01 2.949415e+01 5.675634e+00
6.445312e-01 2.952098e+01 5.655004e+00
6.474609e-01 2.957168e+01 5.613567e+00
6.503906e-01 2.961840e+01 5.571898e+00
6.533203e-01 2.966110e+01 5.529999e+00
6.562500e-01 2.969974e+01 5.487875e+00
6.591797e-01 2.973430e+01 5.445530e+00
6.621094e-01 2.976474e+01 5.402972e+00
6.650391e-01 2.979105e+01 5.360207e+00
6.679688e-01 2.981321e+01 5.317243e+00
6.708984e-01 2.983121e+01 5.274089e+00
6.738281e-01 2.984505e+01 5.230753e+00
6.767578e-01 2.985473e+01 5.187245e+00
6.796875e-01 2.986025e+01 5.143575e+00
6.826172e-01 2.986163e+01 5.099754e+00
6.855469e-01 2.985888e+01 5.055793e+00
6.884766e-01 2.985200e+01 5.011703e+00
6.914062e-01 2.984104e+01 4.967495e+00
6.943359e-01 2.982600e+01 4.923182e+00
6.972656e-01 2.980692e+01 4.878775e+00
7.001953e-01 2.978384e+01 4.834286e+00
7.031250e-01 2.975677e+01 4.789728e+00
7.089844e-01 2.969088e+01 4.700454e+00
7.148438e-01 2.960956e+01 4.611051e+00
7.207031e-01 2.951321e+01 4.521617e+00
7.265625e-01 2.940223e+01 4.432252e+00
7.324219e-01 2.927705e+01 4.343051e+00
7.382812e-01 2.913815e+01 4.254107e+00
7.441406e-01 2.898601e+01 4.165513e+00
7.500000e-01 2.882113e+01 4.077356e+00
7.558594e-01 2.864404e+01 3.989720e+00
7.617188e-01 2.845528e+01 3.902687e+00
7.631836e-01 2.840633e+01 3.881032e+00
7.646484e-01 2.835670e+01 3.859421e+00
7.661133e-01 2.830638e+01 3.837854e+00
7.675781e-01 2.825539e+01 3.816333e+00
7.690430e-01 2.820375e+01 3.794860e+00
7.705078e-01 2.815145e+01 3.773434e+00
7.719727e-01 2.809850e+01 3.752057e+00
7.734375e-01 2.804492e+01 3.730731e+00
7.749023e-01 2.799072e+01 3.709456e+00
7.763672e-01 2.793590e+01 3.688234e+00
7.778320e-01 2.788047e+01 3.667064e+00
7.792969e-01 2.782443e+01 3.645949e+00
7.807617e-01 2.776781e+01 3.624889e+00
7.822266e-01 2.771060e+01 3.603886e+00
7.836914e-01 2.765282e+01 3.582939e+00
7.851562e-01 2.759448e+01 3.562051e+00
7.866211e-01 2.753558e+01 3.541222e+00
7.880859e-01 2.747613e+01 3.520452e+00
7.895508e-01 2.741614e+01 3.499744e+00
7.910156e-01 2.735562e+01 3.479097e+00
7.939453e-01 2.723302e+01 3.437991e+00
7.968750e-01 2.710840e+01 3.397141e+00
7.998047e-01 2.698183e+01 3.356554e+00
8.027344e-01 2.685338e+01 3.316236e+00
8.056641e-01 2.672312e+01 3.276192e+00
8.085938e-01 2.659111e+01 3.236427e+00
8.115234e-01 2.645742e+01 3.196948e+00
8.144531e-01 2.632212e+01 3.157758e+00
8.173828e-01 2.618528e+01 3.118863e+00
8.203125e-01 2.604695e+01 3.080267e+00
8.320312e-01 2.548011e+01 2.928952e+00
8.437500e-01 2.489465e+01 2.782714e+00
8.554688e-01 2.429439e+01 2.641726e+00
8.671875e-01 2.368297e+01 2.506111e+00
8.789062e-01 2.306378e+01 2.375941e+00
8.906250e-01 2.244001e+01 2.251248e+00
9.023438e-01 2.181455e+01 2.132026e+00
9.140625e-01 2.119011e+01 2.018234e+00
9.257812e-01 2.056910e+01 1.909804e+00
9.375000e-01 1.995375e+01 1.806642e+00
9.492188e-01 1.934603e+01 1.708635e+00
9.609375e-01 1.874769e+01 1.615651e+00
9.726562e-01 1.816028e+01 1.527544e+00
9.843750e-01 1.758514e+01 1.444159e+00
9.960938e-01 1.702344e+01 1.365328e+00
1.007812e+00 1.647616e+01 1.290883e+00
1.019531e+00 1.594412e+01 1.220645e+00
1.031250e+00 1.542797e+01 1.154439e+00
1.042969e+00 1.492824e+01 1.092084e+00
1.054688e+00 1.444532e+01 1.033403e+00
1.060547e+00 1.421026e+01 1.005385e+00
1.066406e+00 1.397949e+01 9.782192e-01
1.072266e+00 1.375304e+01 9.518842e-01
1.078125e+00 1.353092e+01 9.263585e-01
1.083984e+00 1.331312e+01 9.016210e-01
1.089844e+00 1.309966e+01 8.776506e-01
1.095703e+00 1.289052e+01 8.544268e-01
1.101562e+00 1.268570e+01 8.319291e-01
1.107422e+00 1.248518e+01 8.101376e-01
1.113281e+00 1.228894e+01 7.890326e-01
1.119141e+00 1.209697e+01 7.685945e-01
1.125000e+00 1.190922e+01 7.488044e-01
1.130859e+00 1.172567e+01 7.296435e-01
1.136719e+00 1.154630e+01 7.110935e-01
1.142578e+00 1.137105e+01 6.931365e-01
1.148438e+00 1.119989e+01 6.757547e-01
1.154297e+00 1.103278e+01 6.589309e-01
1.160156e+00 1.086966e+01 6.426482e-01
1.166016e+00 1.071051e+01 6.268902e-01
1.171875e+00 1.055526e+01 6.116406e-01
1.177734e+00 1.040386e+01 5.968837e-01
1.183594e+00 1.025625e+01 5.826042e-01
1.189453e+00 1.011240e+01 5.687869e-01
1.195312e+00 9.972227e+00 5.554173e-01
1.201172e+00 9.835686e+00 5.424810e-01
1.207031e+00 9.702716e+00 5.299641e-01
1.212891e+00 9.573256e+00 5.178531e-01
1.218750e+00 9.447246e+00 5.061347e-01
1.224609e+00 9.324624e+00 4.947961e-01
1.230469e+00 9.205327e+00 4.838249e-01
1.233398e+00 9.146906e+00 4.784731e-01
1.236328e+00 9.089293e+00 4.732087e-01
1.239258e+00 9.032479e+00 4.680301e-01
1.242188e+00 8.976458e+00 4.629359e-01
1.245117e+00 8.921221e+00 4.579246e-01
1.248047e+00 8.866759e+00 4.529948e-01
1.250977e+00 8.813065e+00 4.481452e-01
1.253906e+00 8.760132e+00 4.433744e-01
1.256836e+00 8.707950e+00 4.386811e-01
1.259766e+00 8.656513e+00 4.340638e-01
1.262695e+00 8.605812e+00 4.295214e-01
1.265625e+00 8.555838e+00 4.250525e-01
1.268555e+00 8.506585e+00 4.206559e-01
1.271484e+00 8.458044e+00 4.163303e-01
1.274414e+00 8.410207e+00 4.120745e-01
1.277344e+00 8.363066e+00 4.078872e-01
1.280273e+00 8.316613e+00 4.037673e-01
1.283203e+00 8.270841e+00 3.997136e-01
1.286133e+00 8.225740e+00 3.957250e-01
1.289062e+00 8.181304e+00 3.918003e-01
1.300781e+00 8.010048e+00 3.767183e-01
1.312500e+00 7.848795e+00 3.625722e-01
1.324219e+00 7.697055e+00 3.492973e-01
1.335938e+00 7.554343e+00 3.368330e-01
1.347656e+00 7.420187e+00 3.251223e-01
1.359375e+00 7.294123e+00 3.141121e-01
1.371094e+00 7.175703e+00 3.037528e-01
1.382812e+00 7.064490e+00 2.939980e-01
1.394531e+00 6.960060e+00 2.848043e-01
1.406250e+00 6.862004e+00 2.761316e-01
1.417969e+00 6.769927e+00 2.679420e-01
1.429688e+00 6.683450e+00 2.602008e-01
1.441406e+00 6.602206e+00 2.528753e-01
1.453125e+00 6.525845e+00 2.459353e-01
1.464844e+00 6.454030e+00 2.393528e-01
1.476562e+00 6.386441e+00 2.331017e-01
1.488281e+00 6.322771e+00 2.271578e-01
1.500000e+00 6.262727e+00 2.214987e-01
1.511719e+00 6.206031e+00 2.161036e-01
1.523438e+00 6.152419e+00 2.109535e-01
1.535156e+00 6.101639e+00 2.060305e-01
1.546875e+00 6.053454e+00 2.013182e-01
1.558594e+00 6.007639e+00 1.968014e-01
1.570312e+00 5.963982e+00 1.924661e-01
1.582031e+00 5.922282e+00 1.882995e-01
1.593750e+00 5.882350e+00 1.842895e-01
1.605469e+00 5.844009e+00 1.804252e-01
1.617188e+00 5.807093e+00 1.766966e-01
1.628906e+00 5.771445e+00 1.730942e-01
1.640625e+00 5.736920e+00 1.696095e-01
1.664062e+00 5.670702e+00 1.629625e-01
1.687500e+00 5.607456e+00 1.566998e-01
1.710938e+00 5.546336e+00 1.507746e-01
1.734375e+00 5.486618e+00 1.451473e-01
1.757812e+00 5.427689e+00 1.397848e-01
1.781250e+00 5.369037e+00 1.346594e-01
1.804688e+00 5.310238e+00 1.297478e-01
1.828125e+00 5.250950e+00 1.250306e-01
1.851562e+00 5.190899e+00 1.204914e-01
1.875000e+00 5.129876e+00 1.161166e-01
1.898438e+00 5.067726e+00 1.118950e-01
1.921875e+00 5.004340e+00 1.078169e-01
1.945312e+00 4.939653e+00 1.038742e-01
1.968750e+00 4.873632e+00 1.000603e-01
1.992188e+00 4.806278e+00 9.636928e-02
2.015625e+00 4.737614e+00 9.279624e-02
2.039062e+00 4.667688e+00 8.933690e-02
2.062500e+00 4.596561e+00 8.598749e-02
2.085938e+00 4.524313e+00 8.274470e-02
2.109375e+00 4.451031e+00 7.960552e-02
2.132812e+00 4.376814e+00 7.656721e-02
2.156250e+00 4.301765e+00 7.362725e-02
2.179688e+00 4.225993e+00 7.078324e-02
2.203125e+00 4.149609e+00 6.803290e-02
2.226562e+00 4.072725e+00 6.537405e-02
2.250000e+00 3.995453e+00 6.280456e-02
2.273438e+00 3.917906e+00 6.032232e-02
2.296875e+00 3.840191e+00 5.792529e-02
2.320312e+00 3.762416e+00 5.561142e-02
2.343750e+00 3.684683e+00 5.337866e-02
2.355469e+00 3.645864e+00 5.229208e-02
2.367188e+00 3.607092e+00 5.122501e-02
2.378906e+00 3.568380e+00 5.017722e-02
2.390625e+00 3.529738e+00 4.914844e-02
2.402344e+00 3.491179e+00 4.813843e-02
2.414062e+00 3.452712e+00 4.714693e-02
2.425781e+00 3.414348e+00 4.617370e-02
2.437500e+00 3.376098e+00 4.521848e-02
2.449219e+00 3.337972e+00 4.428103e-02
2.460938e+00 3.299979e+00 4.336109e-02
2.472656e+00 3.262129e+00 4.245842e-02
2.484375e+00 3.224431e+00 4.157276e-02
2.496094e+00 3.186892e+00 4.070388e-02
2.507812e+00 3.149523e+00 3.985151e-02
2.519531e+00 3.112331e+00 3.901543e-02
2.531250e+00 3.075323e+00 3.819538e-02
2.542969e+00 3.038508e+00 3.739112e-02
2.554688e+00 3.001892e+00 3.660240e-02
2.566406e+00 2.965482e+00 3.582900e-02
2.578125e+00 2.929285e+00 3.507065e-02
2.601562e+00 2.857555e+00 3.359822e-02
2.625000e+00 2.786749e+00 3.218321e-02
2.648438e+00 2.716908e+00 3.082376e-02
2.671875e+00 2.648072e+00 2.951805e-02
2.695312e+00 2.580274e+00 2.826427e-02
2.718750e+00 2.513545e+00 2.706065e-02
2.742188e+00 2.447911e+00 2.590547e-02
2.765625e+00 2.383394e+00 2.479702e-02
2.789062e+00 2.320015e+00 2.373365e-02
2.812500e+00 2.257789e+00 2.271373e-02
2.835938e+00 2.196730e+00 2.173569e-02
2.859375e+00 2.136847e+00 2.079799e-02
2.882812e+00 2.078149e+00 1.989912e-02
2.906250e+00 2.020639e+00 1.903764e-02
2.929688e+00 1.964322e+00 1.821211e-02
2.953125e+00 1.909198e+00 1.742117e-02
2.976562e+00 1.855264e+00 1.666348e-02
3.000000e+00 1.802518e+00 1.593776e-02
3.023438e+00 1.750954e+00 1.524274e-02
3.046875e+00 1.700567e+00 1.457721e-02
3.070312e+00 1.651347e+00 1.394001e-02
3.093750e+00 1.603285e+00 1.333001e-02
3.117188e+00 1.556370e+00 1.274609e-02
3.140625e+00 1.510590e+00 1.218722e-02
3.164062e+00 1.465933e+00 1.165237e-02
3.187500e+00 1.422385e+00 1.114055e-02
3.210938e+00 1.379930e+00 1.065083e-02
3.234375e+00 1.338554e+00 1.018229e-02
3.257812e+00 1.298241e+00 9.734043e-03
3.281250e+00 1.258974e+00 9.305253e-03
3.328125e+00 1.183509e+00 8.502811e-03
3.375000e+00 1.112020e+00 7.768819e-03
3.421875e+00 1.044359e+00 7.097602e-03
3.468750e+00 9.803789e-01 6.483927e-03
3.515625e+00 9.199290e-01 5.922968e-03
3.562500e+00 8.628588e-01 5.410285e-03
3.609375e+00 8.090188e-01 4.941795e-03
3.656250e+00 7.582608e-01 4.513745e-03
3.703125e+00 7.104396e-01 4.122689e-03
3.750000e+00 6.654127e-01 3.765465e-03
3.796875e+00 6.230410e-01 3.439174e-03
3.843750e+00 5.831903e-01 3.141161e-03
3.890625e+00 5.457296e-01 2.868989e-03
3.937500e+00 5.105329e-01 2.620431e-03
3.984375e+00 4.774785e-01 2.393445e-03
4.031250e+00 4.464498e-01 2.186167e-03
4.078125e+00 4.173348e-01 1.996888e-03
4.125000e+00 3.900266e-01 1.824049e-03
4.171875e+00 3.644228e-01 1.666223e-03
4.218750e+00 3.404256e-01 1.522106e-03
4.265625e+00 3.179421e-01 1.390506e-03
4.312500e+00 2.968838e-01 1.270335e-03
4.359375e+00 2.771664e-01 1.160599e-03
4.406250e+00 2.587102e-01 1.060390e-03
4.453125e+00 2.414395e-01 9.688772e-04
4.500000e+00 2.252826e-01 8.853048e-04
4.546875e+00 2.101717e-01 8.089810e-04
4.593750e+00 1.960426e-01 7.392748e-04
4.640625e+00 1.828348e-01 6.756100e-04
4.687500e+00 1.704912e-01 6.174609e-04
4.710938e+00 1.646264e-01 5.903030e-04
4.734375e+00 1.589577e-01 5.643473e-04
4.757812e+00 1.534788e-01 5.395404e-04
4.781250e+00 1.481837e-01 5.158312e-04
4.804688e+00 1.430664e-01 4.931708e-04
4.828125e+00 1.381211e-01 4.715126e-04
4.851562e+00 1.333425e-01 4.508120e-04
4.875000e+00 1.287250e-01 4.310264e-04
4.898438e+00 1.242635e-01 4.121152e-04
4.921875e+00 1.199529e-01 3.940393e-04
4.945312e+00 1.157882e-01 3.767618e-04
4.968750e+00 1.117647e-01 3.602471e-04
4.992188e+00 1.078778e-01 3.444612e-04
5.015625e+00 1.041230e-01 3.293719e-04
5.039062e+00 1.004960e-01 3.149484e-04
5.062500e+00 9.699261e-02 3.011610e-04
5.085938e+00 9.360874e-02 2.879814e-04
5.109375e+00 9.034044e-02 2.753828e-04
5.132812e+00 8.718390e-02 2.633393e-04
5.156250e+00 8.413541e-02 2.518263e-04
5.203125e+00 7.834835e-02 2.302987e-04
5.250000e+00 7.295193e-02 2.106242e-04
5.296875e+00 6.792052e-02 1.926423e-04
5.343750e+00 6.323008e-02 1.762064e-04
5.390625e+00 5.885810e-02 1.611826e-04
5.437500e+00 5.478351e-02 1.474489e-04
5.484375e+00 5.098656e-02 1.348937e-04
5.531250e+00 4.744877e-02 1.234152e-04
5.578125e+00 4.415285e-02 1.129204e-04
5.625000e+00 4.108261e-02 1.033244e-04
5.718750e+00 3.555963e-02 8.652570e-05
5.812500e+00 3.077021e-02 7.247607e-05
5.906250e+00 2.661858e-02 6.072275e-05
6.000000e+00 2.302119e-02 5.088800e-05
6.093750e+00 1.990515e-02 4.265661e-05
6.187500e+00 1.720696e-02 3.576545e-05
6.281250e+00 1.487131e-02 2.999488e-05
6.375000e+00 1.285009e-02 2.516147e-05
6.468750e+00 1.110147e-02 2.111203e-05
6.562500e+00 9.589079e-03 1.771856e-05
6.656250e+00 8.281323e-03 1.487410e-05
6.750000e+00 7.150779e-03 1.248924e-05
6.843750e+00 6.173649e-03 1.048923e-05
6.937500e+00 5.329289e-03 8.811573e-06
7.031250e+00 4.599801e-03 7.403961e-06
7.125000e+00 3.969673e-03 6.222646e-06
7.218750e+00 3.425465e-03 5.231012e-06
7.312500e+00 2.955539e-03 4.398403e-06
7.406250e+00 2.549817e-03 3.699154e-06
7.500000e+00 2.199578e-03 3.111766e-06
7.687500e+00 1.636382e-03 2.203456e-06
7.875000e+00 1.217000e-03 1.561636e-06
8.062500e+00 9.048522e-04 1.107716e-06
8.250000e+00 6.726063e-04 7.863993e-07
8.437500e+00 4.998658e-04 5.587480e-07
8.625000e+00 3.714211e-04 3.973183e-07
8.812500e+00 2.759381e-04 2.827506e-07
9.000000e+00 2.049750e-04 2.013752e-07
9.187500e+00 1.522458e-04 1.435293e-07
9.375000e+00 1.130713e-04 1.023764e-07
9.562500e+00 8.397066e-05 7.307601e-08
9.750000e+00 6.235522e-05 5.219798e-08
9.937500e+00 4.630187e-05 3.731078e-08
1.012500e+01 3.438051e-05 2.668777e-08
1.031250e+01 2.552803e-05 1.910203e-08
1.050000e+01 1.895459e-05 1.368126e-08
1.068750e+01 1.407373e-05 9.804991e-09
1.087500e+01 1.044988e-05 7.031417e-09
1.106250e+01 7.759150e-06 5.045424e-09
1.125000e+01 5.761267e-06 3.622456e-09
1.162500e+01 3.176536e-06 1.870501e-09
1.200000e+01 1.751814e-06 9.680898e-10
1.237500e+01 9.662556e-07 5.021017e-10
1.275000e+01 5.330132e-07 2.609202e-10
1.312500e+01 2.942413e-07 1.359237e-10
1.350000e+01 1.625607e-07 7.098037e-11
1.387500e+01 8.979336e-08 3.711662e-11
1.425000e+01 4.973222e-08 1.948939e-11
1.462500e+01 2.767506e-08 1.029644e-11
1.500000e+01 1.540501e-08 5.448409e-12
1.650000e+01 1.531652e-09 4.476950e-13
1.800000e+01 5.504788e-10 1.352028e-13
1.950000e+01 3.799008e-10 7.950439e-14
2.100000e+01 2.440167e-10 4.403227e-14
2.250000e+01 4.026322e-10 6.328979e-14
2.400000e+01 4.745881e-10 6.556688e-14
2.550000e+01 3.193872e-10 3.908654e-14
2.700000e+01 2.513991e-10 2.744266e-14
2.850000e+01 1.702124e-10 1.667599e-14
3.000000e+01 0.000000e+00 0.000000e+00
