# 
# Output from RAtom program.
# 
# Total radial electron density.
# The first column contains radius $r$ in bohr units.
# The second column holds $\rho(r)$.
# The third column holds $\tilde{\rho}(r) = \rho(r) / (\pi * r * r)$
# 
# Use this file with gnuplot to create the plot.
# 
# R     Rho     RhoTilde
#
0.000000e+00 0.000000e+00 1.048522e+05
1.831055e-04 4.332721e-02 1.028367e+05
3.662109e-04 1.699777e-01 1.008601e+05
5.493164e-04 3.750990e-01 9.892155e+04
7.324219e-04 6.540265e-01 9.702035e+04
9.155273e-04 1.002277e+00 9.515581e+04
1.098633e-03 1.415544e+00 9.332721e+04
1.281738e-03 1.889689e+00 9.153388e+04
1.464844e-03 2.420742e+00 8.977514e+04
1.647949e-03 3.004890e+00 8.805034e+04
1.831055e-03 3.638474e+00 8.635883e+04
2.014160e-03 4.317986e+00 8.469998e+04
2.197266e-03 5.040061e+00 8.307317e+04
2.380371e-03 5.801475e+00 8.147779e+04
2.563477e-03 6.599139e+00 7.991323e+04
2.746582e-03 7.430093e+00 7.837891e+04
2.929688e-03 8.291506e+00 7.687426e+04
3.112793e-03 9.180668e+00 7.539871e+04
3.295898e-03 1.009499e+01 7.395171e+04
3.479004e-03 1.103198e+01 7.253270e+04
3.662109e-03 1.198929e+01 7.114116e+04
4.028320e-03 1.395589e+01 6.843839e+04
4.394531e-03 1.597792e+01 6.583932e+04
4.760742e-03 1.804004e+01 6.334003e+04
5.126953e-03 2.012833e+01 6.093675e+04
5.493164e-03 2.223023e+01 5.862583e+04
5.859375e-03 2.433440e+01 5.640378e+04
6.225586e-03 2.643065e+01 5.426722e+04
6.591797e-03 2.850989e+01 5.221292e+04
6.958008e-03 3.056398e+01 5.023776e+04
7.324219e-03 3.258574e+01 4.833872e+04
7.690430e-03 3.456884e+01 4.651293e+04
8.056641e-03 3.650771e+01 4.475759e+04
8.422852e-03 3.839754e+01 4.307004e+04
8.789062e-03 4.023418e+01 4.144768e+04
9.155273e-03 4.201412e+01 3.988805e+04
9.521484e-03 4.373439e+01 3.838874e+04
9.887695e-03 4.539257e+01 3.694748e+04
1.025391e-02 4.698673e+01 3.556204e+04
1.062012e-02 4.851534e+01 3.423029e+04
1.098633e-02 4.997733e+01 3.295020e+04
1.135254e-02 5.137195e+01 3.171978e+04
1.171875e-02 5.269882e+01 3.053715e+04
1.208496e-02 5.395785e+01 2.940047e+04
1.245117e-02 5.514922e+01 2.830799e+04
1.281738e-02 5.627338e+01 2.725803e+04
1.318359e-02 5.733098e+01 2.624895e+04
1.354980e-02 5.832288e+01 2.527918e+04
1.391602e-02 5.925013e+01 2.434723e+04
1.428223e-02 6.011393e+01 2.345165e+04
1.464844e-02 6.091561e+01 2.259104e+04
1.501465e-02 6.165665e+01 2.176405e+04
1.538086e-02 6.233861e+01 2.096940e+04
1.574707e-02 6.296316e+01 2.020585e+04
1.611328e-02 6.353203e+01 1.947220e+04
1.647949e-02 6.404704e+01 1.876729e+04
1.684570e-02 6.451005e+01 1.809003e+04
1.721191e-02 6.492297e+01 1.743934e+04
1.757812e-02 6.528772e+01 1.681421e+04
1.794434e-02 6.560628e+01 1.621365e+04
1.831055e-02 6.588062e+01 1.563670e+04
1.867676e-02 6.611274e+01 1.508246e+04
1.904297e-02 6.630461e+01 1.455005e+04
1.940918e-02 6.645823e+01 1.403862e+04
1.977539e-02 6.657556e+01 1.354737e+04
2.014160e-02 6.665857e+01 1.307549e+04
2.050781e-02 6.670919e+01 1.262226e+04
2.087402e-02 6.672933e+01 1.218694e+04
2.124023e-02 6.672088e+01 1.176883e+04
2.160645e-02 6.668568e+01 1.136727e+04
2.197266e-02 6.662556e+01 1.098161e+04
2.270508e-02 6.643760e+01 1.025553e+04
2.343750e-02 6.617075e+01 9.585916e+03
2.416992e-02 6.583804e+01 8.968433e+03
2.490234e-02 6.545178e+01 8.399069e+03
2.563477e-02 6.502349e+01 7.874114e+03
2.636719e-02 6.456393e+01 7.390137e+03
2.709961e-02 6.408304e+01 6.943960e+03
2.783203e-02 6.359001e+01 6.532647e+03
2.856445e-02 6.309322e+01 6.153482e+03
2.929688e-02 6.260029e+01 5.803953e+03
3.002930e-02 6.211812e+01 5.481736e+03
3.076172e-02 6.165288e+01 5.184684e+03
3.149414e-02 6.121005e+01 4.910812e+03
3.222656e-02 6.079445e+01 4.658286e+03
3.295898e-02 6.041029e+01 4.425409e+03
3.369141e-02 6.006116e+01 4.210615e+03
3.442383e-02 5.975011e+01 4.012458e+03
3.515625e-02 5.947965e+01 3.829600e+03
3.588867e-02 5.925182e+01 3.660809e+03
3.662109e-02 5.906817e+01 3.504943e+03
3.698730e-02 5.899328e+01 3.431526e+03
3.735352e-02 5.892984e+01 3.360953e+03
3.771973e-02 5.887792e+01 3.293105e+03
3.808594e-02 5.883759e+01 3.227868e+03
3.845215e-02 5.880887e+01 3.165132e+03
3.881836e-02 5.879179e+01 3.104792e+03
3.918457e-02 5.878634e+01 3.046747e+03
3.955078e-02 5.879250e+01 2.990900e+03
3.991699e-02 5.881023e+01 2.937159e+03
4.028320e-02 5.883947e+01 2.885432e+03
4.064941e-02 5.888014e+01 2.835636e+03
4.101562e-02 5.893217e+01 2.787686e+03
4.138184e-02 5.899543e+01 2.741505e+03
4.174805e-02 5.906982e+01 2.697016e+03
4.211426e-02 5.915521e+01 2.654146e+03
4.248047e-02 5.925144e+01 2.612826e+03
4.284668e-02 5.935837e+01 2.572988e+03
4.321289e-02 5.947583e+01 2.534569e+03
4.357910e-02 5.960365e+01 2.497505e+03
4.394531e-02 5.974162e+01 2.461739e+03
4.467773e-02 6.004729e+01 2.393874e+03
4.541016e-02 6.039119e+01 2.330546e+03
4.614258e-02 6.077153e+01 2.271363e+03
4.687500e-02 6.118647e+01 2.215965e+03
4.760742e-02 6.163405e+01 2.164021e+03
4.833984e-02 6.211228e+01 2.115228e+03
4.907227e-02 6.261908e+01 2.069305e+03
4.980469e-02 6.315238e+01 2.026000e+03
5.053711e-02 6.371004e+01 1.985076e+03
5.126953e-02 6.428995e+01 1.946321e+03
5.200195e-02 6.488998e+01 1.909539e+03
5.273438e-02 6.550799e+01 1.874549e+03
5.346680e-02 6.614189e+01 1.841189e+03
5.419922e-02 6.678960e+01 1.809310e+03
5.493164e-02 6.744905e+01 1.778774e+03
5.566406e-02 6.811824e+01 1.749459e+03
5.639648e-02 6.879519e+01 1.721251e+03
5.712891e-02 6.947798e+01 1.694047e+03
5.786133e-02 7.016475e+01 1.667755e+03
5.859375e-02 7.085366e+01 1.642290e+03
5.932617e-02 7.154298e+01 1.617575e+03
6.005859e-02 7.223100e+01 1.593542e+03
6.079102e-02 7.291611e+01 1.570127e+03
6.152344e-02 7.359672e+01 1.547275e+03
6.225586e-02 7.427136e+01 1.524934e+03
6.298828e-02 7.493859e+01 1.503059e+03
6.372070e-02 7.559706e+01 1.481610e+03
6.445312e-02 7.624549e+01 1.460550e+03
6.518555e-02 7.688265e+01 1.439845e+03
6.591797e-02 7.750742e+01 1.419469e+03
6.665039e-02 7.811871e+01 1.399393e+03
6.738281e-02 7.871552e+01 1.379597e+03
6.811523e-02 7.929691e+01 1.360059e+03
6.884766e-02 7.986203e+01 1.340763e+03
6.958008e-02 8.041007e+01 1.321693e+03
7.031250e-02 8.094030e+01 1.302836e+03
7.104492e-02 8.145205e+01 1.284180e+03
7.177734e-02 8.194472e+01 1.265716e+03
7.250977e-02 8.241776e+01 1.247435e+03
7.324219e-02 8.287071e+01 1.229330e+03
7.360840e-02 8.308950e+01 1.220342e+03
7.397461e-02 8.330312e+01 1.211396e+03
7.434082e-02 8.351151e+01 1.202491e+03
7.470703e-02 8.371464e+01 1.193627e+03
7.507324e-02 8.391246e+01 1.184803e+03
7.543945e-02 8.410495e+01 1.176020e+03
7.580566e-02 8.429207e+01 1.167276e+03
7.617188e-02 8.447380e+01 1.158572e+03
7.653809e-02 8.465011e+01 1.149906e+03
7.690430e-02 8.482098e+01 1.141280e+03
7.708740e-02 8.490437e+01 1.136981e+03
7.727051e-02 8.498640e+01 1.132693e+03
7.745361e-02 8.506705e+01 1.128413e+03
7.763672e-02 8.514634e+01 1.124144e+03
7.781982e-02 8.522426e+01 1.119884e+03
7.800293e-02 8.530080e+01 1.115633e+03
7.818604e-02 8.537597e+01 1.111392e+03
7.836914e-02 8.544977e+01 1.107161e+03
7.855225e-02 8.552219e+01 1.102940e+03
7.873535e-02 8.559323e+01 1.098728e+03
7.891846e-02 8.566290e+01 1.094525e+03
7.910156e-02 8.573120e+01 1.090332e+03
7.928467e-02 8.579812e+01 1.086149e+03
7.946777e-02 8.586366e+01 1.081976e+03
7.965088e-02 8.592782e+01 1.077811e+03
7.983398e-02 8.599061e+01 1.073657e+03
8.001709e-02 8.605203e+01 1.069512e+03
8.020020e-02 8.611207e+01 1.065377e+03
8.038330e-02 8.617074e+01 1.061251e+03
8.056641e-02 8.622804e+01 1.057136e+03
8.129883e-02 8.644354e+01 1.040768e+03
8.203125e-02 8.663722e+01 1.024557e+03
8.276367e-02 8.680922e+01 1.008501e+03
8.349609e-02 8.695970e+01 9.926037e+02
8.422852e-02 8.708889e+01 9.768651e+02
8.496094e-02 8.719700e+01 9.612871e+02
8.569336e-02 8.728432e+01 9.458712e+02
8.642578e-02 8.735113e+01 9.306192e+02
8.715820e-02 8.739775e+01 9.155326e+02
8.789062e-02 8.742452e+01 9.006132e+02
8.862305e-02 8.743182e+01 8.858624e+02
8.935547e-02 8.742002e+01 8.712820e+02
9.008789e-02 8.738954e+01 8.568735e+02
9.082031e-02 8.734079e+01 8.426384e+02
9.155273e-02 8.727422e+01 8.285781e+02
9.228516e-02 8.719028e+01 8.146940e+02
9.301758e-02 8.708944e+01 8.009872e+02
9.375000e-02 8.697218e+01 7.874590e+02
9.448242e-02 8.683899e+01 7.741103e+02
9.521484e-02 8.669037e+01 7.609422e+02
9.594727e-02 8.652684e+01 7.479555e+02
9.667969e-02 8.634890e+01 7.351508e+02
9.741211e-02 8.615708e+01 7.225289e+02
9.814453e-02 8.595191e+01 7.100901e+02
9.887695e-02 8.573392e+01 6.978349e+02
9.960938e-02 8.550364e+01 6.857634e+02
1.003418e-01 8.526162e+01 6.738760e+02
1.010742e-01 8.500838e+01 6.621724e+02
1.018066e-01 8.474447e+01 6.506528e+02
1.025391e-01 8.447042e+01 6.393168e+02
1.040039e-01 8.389405e+01 6.171944e+02
1.054688e-01 8.328353e+01 5.958016e+02
1.069336e-01 8.264305e+01 5.751328e+02
1.083984e-01 8.197674e+01 5.551812e+02
1.098633e-01 8.128863e+01 5.359383e+02
1.113281e-01 8.058264e+01 5.173946e+02
1.127930e-01 7.986257e+01 4.995390e+02
1.142578e-01 7.913208e+01 4.823596e+02
1.157227e-01 7.839469e+01 4.658434e+02
1.171875e-01 7.765378e+01 4.499768e+02
1.186523e-01 7.691255e+01 4.347451e+02
1.201172e-01 7.617403e+01 4.201330e+02
1.215820e-01 7.544112e+01 4.061248e+02
1.230469e-01 7.471651e+01 3.927042e+02
1.245117e-01 7.400273e+01 3.798546e+02
1.259766e-01 7.330215e+01 3.675592e+02
1.274414e-01 7.261694e+01 3.558008e+02
1.289062e-01 7.194912e+01 3.445622e+02
1.303711e-01 7.130052e+01 3.338261e+02
1.318359e-01 7.067283e+01 3.235750e+02
1.333008e-01 7.006754e+01 3.137918e+02
1.347656e-01 6.948600e+01 3.044593e+02
1.362305e-01 6.892942e+01 2.955604e+02
1.376953e-01 6.839881e+01 2.870783e+02
1.391602e-01 6.789507e+01 2.789964e+02
1.406250e-01 6.741894e+01 2.712982e+02
1.420898e-01 6.697104e+01 2.639679e+02
1.435547e-01 6.655183e+01 2.569895e+02
1.450195e-01 6.616167e+01 2.503477e+02
1.464844e-01 6.580079e+01 2.440274e+02
1.472168e-01 6.563136e+01 2.409832e+02
1.479492e-01 6.546929e+01 2.380139e+02
1.486816e-01 6.531457e+01 2.351178e+02
1.494141e-01 6.516718e+01 2.322930e+02
1.501465e-01 6.502712e+01 2.295379e+02
1.508789e-01 6.489437e+01 2.268507e+02
1.516113e-01 6.476889e+01 2.242298e+02
1.523438e-01 6.465065e+01 2.216735e+02
1.530762e-01 6.453962e+01 2.191802e+02
1.538086e-01 6.443574e+01 2.167483e+02
1.539917e-01 6.441089e+01 2.161498e+02
1.541748e-01 6.438647e+01 2.155549e+02
1.543579e-01 6.436250e+01 2.149638e+02
1.545410e-01 6.433898e+01 2.143763e+02
1.547241e-01 6.431589e+01 2.137925e+02
1.549072e-01 6.429324e+01 2.132122e+02
1.550903e-01 6.427104e+01 2.126356e+02
1.552734e-01 6.424927e+01 2.120625e+02
1.554565e-01 6.422793e+01 2.114930e+02
1.556396e-01 6.420704e+01 2.109271e+02
1.558228e-01 6.418658e+01 2.103646e+02
1.560059e-01 6.416655e+01 2.098056e+02
1.561890e-01 6.414696e+01 2.092500e+02
1.563721e-01 6.412780e+01 2.086979e+02
1.565552e-01 6.410908e+01 2.081492e+02
1.567383e-01 6.409078e+01 2.076039e+02
1.569214e-01 6.407291e+01 2.070620e+02
1.571045e-01 6.405547e+01 2.065234e+02
1.572876e-01 6.403846e+01 2.059881e+02
1.574707e-01 6.402188e+01 2.054561e+02
1.578369e-01 6.398998e+01 2.044019e+02
1.582031e-01 6.395977e+01 2.033607e+02
1.585693e-01 6.393124e+01 2.023321e+02
1.589355e-01 6.390439e+01 2.013162e+02
1.593018e-01 6.387919e+01 2.003127e+02
1.596680e-01 6.385565e+01 1.993214e+02
1.600342e-01 6.383374e+01 1.983421e+02
1.604004e-01 6.381346e+01 1.973747e+02
1.607666e-01 6.379480e+01 1.964191e+02
1.611328e-01 6.377775e+01 1.954750e+02
1.625977e-01 6.372536e+01 1.918112e+02
1.640625e-01 6.369773e+01 1.883196e+02
1.655273e-01 6.369405e+01 1.849905e+02
1.669922e-01 6.371346e+01 1.818147e+02
1.684570e-01 6.375507e+01 1.787831e+02
1.699219e-01 6.381797e+01 1.758873e+02
1.713867e-01 6.390120e+01 1.731190e+02
1.728516e-01 6.400379e+01 1.704705e+02
1.743164e-01 6.412474e+01 1.679342e+02
1.757812e-01 6.426306e+01 1.655032e+02
1.772461e-01 6.441771e+01 1.631707e+02
1.787109e-01 6.458765e+01 1.609301e+02
1.801758e-01 6.477187e+01 1.587756e+02
1.816406e-01 6.496930e+01 1.567012e+02
1.831055e-01 6.517891e+01 1.547015e+02
1.845703e-01 6.539967e+01 1.527714e+02
1.860352e-01 6.563053e+01 1.509058e+02
1.875000e-01 6.587048e+01 1.491003e+02
1.889648e-01 6.611850e+01 1.473503e+02
1.904297e-01 6.637358e+01 1.456519e+02
1.918945e-01 6.663473e+01 1.440010e+02
1.933594e-01 6.690099e+01 1.423942e+02
1.948242e-01 6.717139e+01 1.408279e+02
1.962891e-01 6.744501e+01 1.392989e+02
1.977539e-01 6.772092e+01 1.378043e+02
1.992188e-01 6.799822e+01 1.363412e+02
2.006836e-01 6.827606e+01 1.349071e+02
2.021484e-01 6.855357e+01 1.334994e+02
2.036133e-01 6.882994e+01 1.321160e+02
2.050781e-01 6.910437e+01 1.307546e+02
2.065430e-01 6.937609e+01 1.294134e+02
2.080078e-01 6.964435e+01 1.280904e+02
2.094727e-01 6.990844e+01 1.267842e+02
2.109375e-01 7.016766e+01 1.254930e+02
2.124023e-01 7.042137e+01 1.242156e+02
2.138672e-01 7.066891e+01 1.229505e+02
2.153320e-01 7.090969e+01 1.216966e+02
2.167969e-01 7.114314e+01 1.204529e+02
2.182617e-01 7.136870e+01 1.192183e+02
2.197266e-01 7.158585e+01 1.179919e+02
2.211914e-01 7.179411e+01 1.167730e+02
2.226562e-01 7.199300e+01 1.155608e+02
2.241211e-01 7.218211e+01 1.143548e+02
2.255859e-01 7.236101e+01 1.131542e+02
2.270508e-01 7.252933e+01 1.119587e+02
2.285156e-01 7.268671e+01 1.107678e+02
2.299805e-01 7.283284e+01 1.095811e+02
2.314453e-01 7.296740e+01 1.083982e+02
2.329102e-01 7.309013e+01 1.072191e+02
2.343750e-01 7.320078e+01 1.060433e+02
2.358398e-01 7.329912e+01 1.048708e+02
2.373047e-01 7.338496e+01 1.037014e+02
2.387695e-01 7.345811e+01 1.025350e+02
2.402344e-01 7.351842e+01 1.013715e+02
2.416992e-01 7.356577e+01 1.002110e+02
2.431641e-01 7.360004e+01 9.905340e+01
2.446289e-01 7.362115e+01 9.789876e+01
2.460938e-01 7.362903e+01 9.674712e+01
2.475586e-01 7.362363e+01 9.559856e+01
2.490234e-01 7.360494e+01 9.445319e+01
2.504883e-01 7.357293e+01 9.331111e+01
2.519531e-01 7.352762e+01 9.217245e+01
2.534180e-01 7.346904e+01 9.103736e+01
2.548828e-01 7.339723e+01 8.990600e+01
2.563477e-01 7.331224e+01 8.877853e+01
2.578125e-01 7.321417e+01 8.765513e+01
2.592773e-01 7.310309e+01 8.653599e+01
2.607422e-01 7.297912e+01 8.542129e+01
2.622070e-01 7.284236e+01 8.431124e+01
2.636719e-01 7.269296e+01 8.320604e+01
2.651367e-01 7.253105e+01 8.210590e+01
2.666016e-01 7.235679e+01 8.101101e+01
2.680664e-01 7.217036e+01 7.992160e+01
2.695312e-01 7.197191e+01 7.883788e+01
2.709961e-01 7.176165e+01 7.776005e+01
2.724609e-01 7.153978e+01 7.668832e+01
2.739258e-01 7.130648e+01 7.562290e+01
2.753906e-01 7.106199e+01 7.456400e+01
2.768555e-01 7.080652e+01 7.351182e+01
2.783203e-01 7.054030e+01 7.246655e+01
2.797852e-01 7.026356e+01 7.142840e+01
2.812500e-01 6.997655e+01 7.039756e+01
2.827148e-01 6.967951e+01 6.937421e+01
2.841797e-01 6.937271e+01 6.835853e+01
2.856445e-01 6.905638e+01 6.735070e+01
2.871094e-01 6.873080e+01 6.635090e+01
2.885742e-01 6.839624e+01 6.535928e+01
2.900391e-01 6.805295e+01 6.437602e+01
2.915039e-01 6.770121e+01 6.340125e+01
2.929688e-01 6.734130e+01 6.243513e+01
2.944336e-01 6.697349e+01 6.147780e+01
2.958984e-01 6.659806e+01 6.052940e+01
2.973633e-01 6.621529e+01 5.959005e+01
2.988281e-01 6.582546e+01 5.865987e+01
3.002930e-01 6.542885e+01 5.773898e+01
3.017578e-01 6.502575e+01 5.682749e+01
3.032227e-01 6.461643e+01 5.592549e+01
3.046875e-01 6.420118e+01 5.503309e+01
3.061523e-01 6.378028e+01 5.415036e+01
3.076172e-01 6.335401e+01 5.327740e+01
3.079834e-01 6.324664e+01 5.306070e+01
3.083496e-01 6.313895e+01 5.284461e+01
3.087158e-01 6.303095e+01 5.262913e+01
3.090820e-01 6.292265e+01 5.241428e+01
3.094482e-01 6.281405e+01 5.220004e+01
3.098145e-01 6.270515e+01 5.198643e+01
3.101807e-01 6.259596e+01 5.177343e+01
3.105469e-01 6.248648e+01 5.156106e+01
3.109131e-01 6.237671e+01 5.134931e+01
3.112793e-01 6.226667e+01 5.113819e+01
3.113708e-01 6.223912e+01 5.108550e+01
3.114624e-01 6.221155e+01 5.103286e+01
3.115540e-01 6.218396e+01 5.098025e+01
3.116455e-01 6.215636e+01 5.092769e+01
3.117371e-01 6.212874e+01 5.087516e+01
3.118286e-01 6.210110e+01 5.082267e+01
3.119202e-01 6.207344e+01 5.077022e+01
3.120117e-01 6.204577e+01 5.071781e+01
3.121033e-01 6.201808e+01 5.066544e+01
3.121948e-01 6.199038e+01 5.061311e+01
3.122864e-01 6.196266e+01 5.056082e+01
3.123779e-01 6.193492e+01 5.050856e+01
3.124695e-01 6.190716e+01 5.045635e+01
3.125610e-01 6.187939e+01 5.040418e+01
3.126526e-01 6.185161e+01 5.035204e+01
3.127441e-01 6.182381e+01 5.029994e+01
3.128357e-01 6.179599e+01 5.024789e+01
3.129272e-01 6.176815e+01 5.019587e+01
3.130188e-01 6.174030e+01 5.014389e+01
3.131104e-01 6.171244e+01 5.009195e+01
3.132935e-01 6.165666e+01 4.998820e+01
3.134766e-01 6.160081e+01 4.988459e+01
3.136597e-01 6.154491e+01 4.978115e+01
3.138428e-01 6.148894e+01 4.967786e+01
3.140259e-01 6.143291e+01 4.957473e+01
3.142090e-01 6.137682e+01 4.947176e+01
3.143921e-01 6.132067e+01 4.936894e+01
3.145752e-01 6.126446e+01 4.926629e+01
3.147583e-01 6.120820e+01 4.916379e+01
3.149414e-01 6.115187e+01 4.906145e+01
3.156738e-01 6.092598e+01 4.865366e+01
3.164062e-01 6.069920e+01 4.824841e+01
3.171387e-01 6.047156e+01 4.784570e+01
3.178711e-01 6.024308e+01 4.744552e+01
3.186035e-01 6.001381e+01 4.704790e+01
3.193359e-01 5.978378e+01 4.665282e+01
3.200684e-01 5.955301e+01 4.626029e+01
3.208008e-01 5.932155e+01 4.587032e+01
3.215332e-01 5.908942e+01 4.548291e+01
3.222656e-01 5.885666e+01 4.509805e+01
3.251953e-01 5.791993e+01 4.358425e+01
3.281250e-01 5.697560e+01 4.211147e+01
3.310547e-01 5.602564e+01 4.067967e+01
3.339844e-01 5.507194e+01 3.928875e+01
3.369141e-01 5.411634e+01 3.793851e+01
3.398438e-01 5.316061e+01 3.662870e+01
3.427734e-01 5.220645e+01 3.535900e+01
3.457031e-01 5.125549e+01 3.412903e+01
3.486328e-01 5.030928e+01 3.293834e+01
3.515625e-01 4.936931e+01 3.178646e+01
3.544922e-01 4.843699e+01 3.067284e+01
3.574219e-01 4.751365e+01 2.959690e+01
3.603516e-01 4.660055e+01 2.855804e+01
3.632812e-01 4.569887e+01 2.755559e+01
3.662109e-01 4.480974e+01 2.658887e+01
3.691406e-01 4.393418e+01 2.565718e+01
3.720703e-01 4.307316e+01 2.475978e+01
3.750000e-01 4.222758e+01 2.389592e+01
3.779297e-01 4.139826e+01 2.306483e+01
3.808594e-01 4.058595e+01 2.226571e+01
3.823242e-01 4.018639e+01 2.187790e+01
3.837891e-01 3.979134e+01 2.149778e+01
3.852539e-01 3.940088e+01 2.112525e+01
3.867188e-01 3.901506e+01 2.076022e+01
3.881836e-01 3.863397e+01 2.040258e+01
3.896484e-01 3.825766e+01 2.005223e+01
3.911133e-01 3.788619e+01 1.970906e+01
3.925781e-01 3.751963e+01 1.937298e+01
3.940430e-01 3.715801e+01 1.904388e+01
3.955078e-01 3.680140e+01 1.872166e+01
3.969727e-01 3.644984e+01 1.840622e+01
3.984375e-01 3.610337e+01 1.809745e+01
3.999023e-01 3.576202e+01 1.779526e+01
4.013672e-01 3.542583e+01 1.749953e+01
4.028320e-01 3.509483e+01 1.721018e+01
4.042969e-01 3.476906e+01 1.692709e+01
4.057617e-01 3.444853e+01 1.665017e+01
4.072266e-01 3.413326e+01 1.637932e+01
4.086914e-01 3.382329e+01 1.611443e+01
4.101562e-01 3.351861e+01 1.585541e+01
4.116211e-01 3.321925e+01 1.560216e+01
4.130859e-01 3.292521e+01 1.535458e+01
4.145508e-01 3.263650e+01 1.511257e+01
4.160156e-01 3.235313e+01 1.487603e+01
4.174805e-01 3.207509e+01 1.464488e+01
4.189453e-01 3.180239e+01 1.441900e+01
4.204102e-01 3.153502e+01 1.419832e+01
4.218750e-01 3.127298e+01 1.398272e+01
4.233398e-01 3.101625e+01 1.377213e+01
4.248047e-01 3.076484e+01 1.356645e+01
4.262695e-01 3.051871e+01 1.336558e+01
4.277344e-01 3.027786e+01 1.316943e+01
4.291992e-01 3.004228e+01 1.297792e+01
4.306641e-01 2.981193e+01 1.279096e+01
4.321289e-01 2.958681e+01 1.260845e+01
4.335938e-01 2.936688e+01 1.243031e+01
4.350586e-01 2.915212e+01 1.225645e+01
4.365234e-01 2.894251e+01 1.208679e+01
4.379883e-01 2.873801e+01 1.192125e+01
4.394531e-01 2.853859e+01 1.175974e+01
4.409180e-01 2.834423e+01 1.160217e+01
4.423828e-01 2.815488e+01 1.144847e+01
4.438477e-01 2.797052e+01 1.129855e+01
4.453125e-01 2.779110e+01 1.115234e+01
4.467773e-01 2.761659e+01 1.100976e+01
4.482422e-01 2.744695e+01 1.087073e+01
4.497070e-01 2.728213e+01 1.073517e+01
4.511719e-01 2.712210e+01 1.060302e+01
4.526367e-01 2.696681e+01 1.047418e+01
4.541016e-01 2.681621e+01 1.034860e+01
4.555664e-01 2.667027e+01 1.022620e+01
4.570312e-01 2.652893e+01 1.010690e+01
4.584961e-01 2.639214e+01 9.990644e+00
4.599609e-01 2.625986e+01 9.877355e+00
4.614258e-01 2.613204e+01 9.766968e+00
4.628906e-01 2.600863e+01 9.659414e+00
4.643555e-01 2.588957e+01 9.554629e+00
4.658203e-01 2.577481e+01 9.452546e+00
4.672852e-01 2.566431e+01 9.353104e+00
4.687500e-01 2.555800e+01 9.256238e+00
4.716797e-01 2.535776e+01 9.069986e+00
4.746094e-01 2.517364e+01 8.893311e+00
4.775391e-01 2.500520e+01 8.725747e+00
4.804688e-01 2.485198e+01 8.566844e+00
4.833984e-01 2.471353e+01 8.416168e+00
4.863281e-01 2.458937e+01 8.273300e+00
4.892578e-01 2.447904e+01 8.137836e+00
4.921875e-01 2.438206e+01 8.009388e+00
4.951172e-01 2.429796e+01 7.887582e+00
4.980469e-01 2.422626e+01 7.772059e+00
5.009766e-01 2.416649e+01 7.662473e+00
5.039062e-01 2.411818e+01 7.558493e+00
5.068359e-01 2.408086e+01 7.459801e+00
5.097656e-01 2.405404e+01 7.366092e+00
5.126953e-01 2.403728e+01 7.277075e+00
5.156250e-01 2.403011e+01 7.192468e+00
5.185547e-01 2.403207e+01 7.112006e+00
5.214844e-01 2.404270e+01 7.035432e+00
5.244141e-01 2.406156e+01 6.962502e+00
5.273438e-01 2.408822e+01 6.892983e+00
5.302734e-01 2.412223e+01 6.826652e+00
5.332031e-01 2.416316e+01 6.763298e+00
5.361328e-01 2.421061e+01 6.702719e+00
5.390625e-01 2.426414e+01 6.644723e+00
5.419922e-01 2.432337e+01 6.589126e+00
5.449219e-01 2.438789e+01 6.535757e+00
5.478516e-01 2.445731e+01 6.484449e+00
5.507812e-01 2.453126e+01 6.435048e+00
5.537109e-01 2.460937e+01 6.387404e+00
5.566406e-01 2.469126e+01 6.341378e+00
5.595703e-01 2.477660e+01 6.296838e+00
5.625000e-01 2.486503e+01 6.253657e+00
5.654297e-01 2.495622e+01 6.211719e+00
5.683594e-01 2.504986e+01 6.170912e+00
5.712891e-01 2.514561e+01 6.131130e+00
5.742188e-01 2.524318e+01 6.092275e+00
5.771484e-01 2.534228e+01 6.054255e+00
5.800781e-01 2.544260e+01 6.016982e+00
5.830078e-01 2.554389e+01 5.980374e+00
5.859375e-01 2.564586e+01 5.944357e+00
5.888672e-01 2.574827e+01 5.908857e+00
5.917969e-01 2.585086e+01 5.873809e+00
5.947266e-01 2.595339e+01 5.839150e+00
5.976562e-01 2.605564e+01 5.804823e+00
6.005859e-01 2.615739e+01 5.770775e+00
6.035156e-01 2.625841e+01 5.736956e+00
6.064453e-01 2.635851e+01 5.703321e+00
6.093750e-01 2.645750e+01 5.669826e+00
6.123047e-01 2.655519e+01 5.636434e+00
6.152344e-01 2.665140e+01 5.603108e+00
6.166992e-01 2.669890e+01 5.586460e+00
6.181641e-01 2.674597e+01 5.569817e+00
6.196289e-01 2.679258e+01 5.553175e+00
6.210938e-01 2.683873e+01 5.536531e+00
6.225586e-01 2.688438e+01 5.519881e+00
6.240234e-01 2.692953e+01 5.503223e+00
6.254883e-01 2.697415e+01 5.486553e+00
6.269531e-01 2.701823e+01 5.469869e+00
6.284180e-01 2.706175e+01 5.453168e+00
6.298828e-01 2.710470e+01 5.436447e+00
6.313477e-01 2.714705e+01 5.419705e+00
6.328125e-01 2.718880e+01 5.402938e+00
6.342773e-01 2.722992e+01 5.386146e+00
6.357422e-01 2.727041e+01 5.369325e+00
6.372070e-01 2.731025e+01 5.352475e+00
6.386719e-01 2.734942e+01 5.335593e+00
6.401367e-01 2.738792e+01 5.318679e+00
6.416016e-01 2.742573e+01 5.301729e+00
6.430664e-01 2.746284e+01 5.284744e+00
6.445312e-01 2.749924e+01 5.267721e+00
6.503906e-01 2.763746e+01 5.199239e+00
6.562500e-01 2.776345e+01 5.130089e+00
6.621094e-01 2.787663e+01 5.060238e+00
6.679688e-01 2.797654e+01 4.989670e+00
6.738281e-01 2.806281e+01 4.918390e+00
6.796875e-01 2.813514e+01 4.846415e+00
6.855469e-01 2.819332e+01 4.773775e+00
6.914062e-01 2.823721e+01 4.700513e+00
6.972656e-01 2.826674e+01 4.626678e+00
7.031250e-01 2.828189e+01 4.552328e+00
7.089844e-01 2.828273e+01 4.477526e+00
7.148438e-01 2.826934e+01 4.402340e+00
7.207031e-01 2.824189e+01 4.326842e+00
7.265625e-01 2.820056e+01 4.251105e+00
7.324219e-01 2.814558e+01 4.175205e+00
7.382812e-01 2.807724e+01 4.099216e+00
7.441406e-01 2.799582e+01 4.023216e+00
7.500000e-01 2.790167e+01 3.947279e+00
7.558594e-01 2.779513e+01 3.871479e+00
7.617188e-01 2.767659e+01 3.795888e+00
7.631836e-01 2.764513e+01 3.777032e+00
7.646484e-01 2.761294e+01 3.758194e+00
7.661133e-01 2.758004e+01 3.739376e+00
7.675781e-01 2.754644e+01 3.720578e+00
7.690430e-01 2.751213e+01 3.701802e+00
7.705078e-01 2.747714e+01 3.683049e+00
7.719727e-01 2.744145e+01 3.664320e+00
7.734375e-01 2.740509e+01 3.645616e+00
7.749023e-01 2.736805e+01 3.626937e+00
7.763672e-01 2.733035e+01 3.608286e+00
7.778320e-01 2.729198e+01 3.589662e+00
7.792969e-01 2.725297e+01 3.571067e+00
7.807617e-01 2.721330e+01 3.552502e+00
7.822266e-01 2.717300e+01 3.533968e+00
7.836914e-01 2.713207e+01 3.515466e+00
7.851562e-01 2.709051e+01 3.496996e+00
7.866211e-01 2.704833e+01 3.478559e+00
7.880859e-01 2.700554e+01 3.460157e+00
7.895508e-01 2.696215e+01 3.441791e+00
7.910156e-01 2.691816e+01 3.423461e+00
7.939453e-01 2.682841e+01 3.386912e+00
7.968750e-01 2.673637e+01 3.350519e+00
7.998047e-01 2.664207e+01 3.314288e+00
8.027344e-01 2.654559e+01 3.278225e+00
8.056641e-01 2.644697e+01 3.242336e+00
8.085938e-01 2.634628e+01 3.206629e+00
8.115234e-01 2.624357e+01 3.171107e+00
8.144531e-01 2.613890e+01 3.135778e+00
8.173828e-01 2.603233e+01 3.100645e+00
8.203125e-01 2.592391e+01 3.065716e+00
8.320312e-01 2.547289e+01 2.928121e+00
8.437500e-01 2.499681e+01 2.794134e+00
8.554688e-01 2.449918e+01 2.663995e+00
8.671875e-01 2.398335e+01 2.537897e+00
8.789062e-01 2.345256e+01 2.415991e+00
8.906250e-01 2.290988e+01 2.298387e+00
9.023438e-01 2.235820e+01 2.185158e+00
9.140625e-01 2.180022e+01 2.076344e+00
9.257812e-01 2.123847e+01 1.971953e+00
9.375000e-01 2.067529e+01 1.871971e+00
9.492188e-01 2.011281e+01 1.776357e+00
9.609375e-01 1.955299e+01 1.685051e+00
9.726562e-01 1.899761e+01 1.597976e+00
9.843750e-01 1.844826e+01 1.515041e+00
9.960938e-01 1.790637e+01 1.436142e+00
1.007812e+00 1.737322e+01 1.361165e+00
1.019531e+00 1.684990e+01 1.289990e+00
1.031250e+00 1.633739e+01 1.222489e+00
1.042969e+00 1.583651e+01 1.158529e+00
1.054688e+00 1.534797e+01 1.097978e+00
1.060547e+00 1.510851e+01 1.068937e+00
1.066406e+00 1.487234e+01 1.040697e+00
1.072266e+00 1.463953e+01 1.013240e+00
1.078125e+00 1.441011e+01 9.865499e-01
1.083984e+00 1.418412e+01 9.606089e-01
1.089844e+00 1.396162e+01 9.354003e-01
1.095703e+00 1.374263e+01 9.109072e-01
1.101562e+00 1.352717e+01 8.871126e-01
1.107422e+00 1.331527e+01 8.640001e-01
1.113281e+00 1.310694e+01 8.415531e-01
1.119141e+00 1.290219e+01 8.197553e-01
1.125000e+00 1.270103e+01 7.985906e-01
1.130859e+00 1.250347e+01 7.780430e-01
1.136719e+00 1.230950e+01 7.580968e-01
1.142578e+00 1.211912e+01 7.387365e-01
1.148438e+00 1.193232e+01 7.199469e-01
1.154297e+00 1.174909e+01 7.017128e-01
1.160156e+00 1.156941e+01 6.840194e-01
1.166016e+00 1.139327e+01 6.668523e-01
1.171875e+00 1.122064e+01 6.501971e-01
1.177734e+00 1.105150e+01 6.340399e-01
1.183594e+00 1.088582e+01 6.183667e-01
1.189453e+00 1.072359e+01 6.031642e-01
1.195312e+00 1.056476e+01 5.884190e-01
1.201172e+00 1.040930e+01 5.741183e-01
1.207031e+00 1.025718e+01 5.602493e-01
1.212891e+00 1.010837e+01 5.467995e-01
1.218750e+00 9.962829e+00 5.337570e-01
1.224609e+00 9.820513e+00 5.211097e-01
1.230469e+00 9.681384e+00 5.088460e-01
1.231934e+00 9.647095e+00 5.058388e-01
1.233398e+00 9.613002e+00 5.028545e-01
1.234863e+00 9.579104e+00 4.998933e-01
1.236328e+00 9.545401e+00 4.969547e-01
1.237793e+00 9.511892e+00 4.940388e-01
1.239258e+00 9.478577e+00 4.911452e-01
1.240723e+00 9.445454e+00 4.882739e-01
1.242188e+00 9.412522e+00 4.854247e-01
1.243652e+00 9.379782e+00 4.825973e-01
1.245117e+00 9.347233e+00 4.797917e-01
1.246582e+00 9.314874e+00 4.770077e-01
1.248047e+00 9.282703e+00 4.742451e-01
1.249512e+00 9.250722e+00 4.715037e-01
1.250977e+00 9.218927e+00 4.687834e-01
1.252441e+00 9.187320e+00 4.660840e-01
1.253906e+00 9.155900e+00 4.634053e-01
1.255371e+00 9.124664e+00 4.607473e-01
1.256836e+00 9.093614e+00 4.581097e-01
1.258301e+00 9.062748e+00 4.554924e-01
1.259766e+00 9.032066e+00 4.528952e-01
1.262695e+00 8.971248e+00 4.477606e-01
1.265625e+00 8.911156e+00 4.427047e-01
1.268555e+00 8.851784e+00 4.377262e-01
1.271484e+00 8.793124e+00 4.328240e-01
1.274414e+00 8.735173e+00 4.279968e-01
1.277344e+00 8.677923e+00 4.232435e-01
1.280273e+00 8.621368e+00 4.185630e-01
1.283203e+00 8.565503e+00 4.139541e-01
1.286133e+00 8.510322e+00 4.094157e-01
1.289062e+00 8.455819e+00 4.049467e-01
1.300781e+00 8.244460e+00 3.877429e-01
1.312500e+00 8.043458e+00 3.715646e-01
1.324219e+00 7.852421e+00 3.563479e-01
1.335938e+00 7.670959e+00 3.420326e-01
1.347656e+00 7.498684e+00 3.285617e-01
1.359375e+00 7.335211e+00 3.158815e-01
1.371094e+00 7.180158e+00 3.039414e-01
1.382812e+00 7.033151e+00 2.926938e-01
1.394531e+00 6.893820e+00 2.820938e-01
1.406250e+00 6.761805e+00 2.720995e-01
1.417969e+00 6.636752e+00 2.626712e-01
1.429688e+00 6.518316e+00 2.537718e-01
1.441406e+00 6.406163e+00 2.453665e-01
1.453125e+00 6.299967e+00 2.374228e-01
1.464844e+00 6.199411e+00 2.299101e-01
1.476562e+00 6.104191e+00 2.227997e-01
1.488281e+00 6.014011e+00 2.160650e-01
1.500000e+00 5.928587e+00 2.096809e-01
1.511719e+00 5.847643e+00 2.036240e-01
1.523438e+00 5.770916e+00 1.978726e-01
1.535156e+00 5.698152e+00 1.924062e-01
1.546875e+00 5.629109e+00 1.872058e-01
1.558594e+00 5.563552e+00 1.822537e-01
1.570312e+00 5.501260e+00 1.775334e-01
1.582031e+00 5.442019e+00 1.730295e-01
1.593750e+00 5.385626e+00 1.687275e-01
1.605469e+00 5.331888e+00 1.646143e-01
1.617188e+00 5.280619e+00 1.606772e-01
1.628906e+00 5.231645e+00 1.569048e-01
1.640625e+00 5.184799e+00 1.532863e-01
1.664062e+00 5.096865e+00 1.464718e-01
1.687500e+00 5.015652e+00 1.401619e-01
1.710938e+00 4.940117e+00 1.342948e-01
1.734375e+00 4.869330e+00 1.288171e-01
1.757812e+00 4.802472e+00 1.236830e-01
1.781250e+00 4.738818e+00 1.188531e-01
1.804688e+00 4.677736e+00 1.142936e-01
1.828125e+00 4.618673e+00 1.099754e-01
1.851562e+00 4.561153e+00 1.058737e-01
1.875000e+00 4.504768e+00 1.019671e-01
1.898438e+00 4.449168e+00 9.823729e-02
1.921875e+00 4.394062e+00 9.466861e-02
1.945312e+00 4.339204e+00 9.124759e-02
1.968750e+00 4.284393e+00 8.796266e-02
1.992188e+00 4.229469e+00 8.480385e-02
2.015625e+00 4.174304e+00 8.176261e-02
2.039062e+00 4.118800e+00 7.883150e-02
2.062500e+00 4.062888e+00 7.600410e-02
2.085938e+00 4.006518e+00 7.327480e-02
2.109375e+00 3.949663e+00 7.063869e-02
2.132812e+00 3.892314e+00 6.809145e-02
2.156250e+00 3.834472e+00 6.562926e-02
2.179688e+00 3.776155e+00 6.324868e-02
2.203125e+00 3.717389e+00 6.094666e-02
2.226562e+00 3.658210e+00 5.872039e-02
2.250000e+00 3.598658e+00 5.656733e-02
2.273438e+00 3.538782e+00 5.448512e-02
2.296875e+00 3.478633e+00 5.247157e-02
2.320312e+00 3.418267e+00 5.052463e-02
2.343750e+00 3.357739e+00 4.864234e-02
2.355469e+00 3.327433e+00 4.772487e-02
2.367188e+00 3.297108e+00 4.682287e-02
2.378906e+00 3.266773e+00 4.593613e-02
2.390625e+00 3.236434e+00 4.506443e-02
2.402344e+00 3.206098e+00 4.420757e-02
2.414062e+00 3.175774e+00 4.336534e-02
2.425781e+00 3.145468e+00 4.253752e-02
2.437500e+00 3.115188e+00 4.172392e-02
2.449219e+00 3.084940e+00 4.092435e-02
2.460938e+00 3.054733e+00 4.013860e-02
2.472656e+00 3.024572e+00 3.936648e-02
2.484375e+00 2.994464e+00 3.860779e-02
2.496094e+00 2.964417e+00 3.786236e-02
2.507812e+00 2.934437e+00 3.712999e-02
2.519531e+00 2.904530e+00 3.641049e-02
2.531250e+00 2.874703e+00 3.570369e-02
2.542969e+00 2.844962e+00 3.500939e-02
2.554688e+00 2.815313e+00 3.432743e-02
2.566406e+00 2.785762e+00 3.365762e-02
2.578125e+00 2.756315e+00 3.299978e-02
2.601562e+00 2.697755e+00 3.171933e-02
2.625000e+00 2.639674e+00 3.048470e-02
2.648438e+00 2.582115e+00 2.929451e-02
2.671875e+00 2.525115e+00 2.814745e-02
2.695312e+00 2.468709e+00 2.704219e-02
2.718750e+00 2.412930e+00 2.597744e-02
2.742188e+00 2.357809e+00 2.495195e-02
2.765625e+00 2.303373e+00 2.396447e-02
2.789062e+00 2.249647e+00 2.301378e-02
2.812500e+00 2.196654e+00 2.209870e-02
2.835938e+00 2.144416e+00 2.121807e-02
2.859375e+00 2.092950e+00 2.037074e-02
2.882812e+00 2.042272e+00 1.955559e-02
2.906250e+00 1.992398e+00 1.877155e-02
2.929688e+00 1.943338e+00 1.801756e-02
2.953125e+00 1.895104e+00 1.729257e-02
2.976562e+00 1.847703e+00 1.659558e-02
3.000000e+00 1.801144e+00 1.592561e-02
3.023438e+00 1.755430e+00 1.528170e-02
3.046875e+00 1.710566e+00 1.466293e-02
3.070312e+00 1.666554e+00 1.406839e-02
3.093750e+00 1.623395e+00 1.349721e-02
3.117188e+00 1.581089e+00 1.294853e-02
3.140625e+00 1.539633e+00 1.242153e-02
3.164062e+00 1.499026e+00 1.191542e-02
3.187500e+00 1.459264e+00 1.142940e-02
3.210938e+00 1.420342e+00 1.096274e-02
3.234375e+00 1.382254e+00 1.051471e-02
3.257812e+00 1.344996e+00 1.008460e-02
3.281250e+00 1.308558e+00 9.671737e-03
3.328125e+00 1.238116e+00 8.895127e-03
3.375000e+00 1.170859e+00 8.179883e-03
3.421875e+00 1.106710e+00 7.521347e-03
3.468750e+00 1.045585e+00 6.915179e-03
3.515625e+00 9.873950e-01 6.357348e-03
3.562500e+00 9.320467e-01 5.844106e-03
3.609375e+00 8.794441e-01 5.371980e-03
3.656250e+00 8.294891e-01 4.937750e-03
3.703125e+00 7.820826e-01 4.538434e-03
3.750000e+00 7.371251e-01 4.171275e-03
3.796875e+00 6.945172e-01 3.833721e-03
3.843750e+00 6.541612e-01 3.523422e-03
3.890625e+00 6.159597e-01 3.238200e-03
3.937500e+00 5.798172e-01 2.976049e-03
3.984375e+00 5.456404e-01 2.735119e-03
4.031250e+00 5.133383e-01 2.513705e-03
4.078125e+00 4.828222e-01 2.310236e-03
4.125000e+00 4.540062e-01 2.123264e-03
4.171875e+00 4.268071e-01 1.951458e-03
4.218750e+00 4.011444e-01 1.793590e-03
4.265625e+00 3.769406e-01 1.648533e-03
4.312500e+00 3.541211e-01 1.515248e-03
4.359375e+00 3.326143e-01 1.392780e-03
4.406250e+00 3.123514e-01 1.280252e-03
4.453125e+00 2.932664e-01 1.176854e-03
4.500000e+00 2.752965e-01 1.081847e-03
4.546875e+00 2.583813e-01 9.945468e-04
4.593750e+00 2.424635e-01 9.143276e-04
4.640625e+00 2.274883e-01 8.406133e-04
4.687500e+00 2.134035e-01 7.728748e-04
4.710938e+00 2.066794e-01 7.410930e-04
4.734375e+00 2.001595e-01 7.106260e-04
4.757812e+00 1.938380e-01 6.814192e-04
4.781250e+00 1.877091e-01 6.534203e-04
4.804688e+00 1.817674e-01 6.265791e-04
4.828125e+00 1.760075e-01 6.008475e-04
4.851562e+00 1.704240e-01 5.761794e-04
4.875000e+00 1.650120e-01 5.525306e-04
4.898438e+00 1.597663e-01 5.298589e-04
4.921875e+00 1.546822e-01 5.081235e-04
4.945312e+00 1.497549e-01 4.872856e-04
4.968750e+00 1.449797e-01 4.673080e-04
4.992188e+00 1.403523e-01 4.481548e-04
5.015625e+00 1.358683e-01 4.297919e-04
5.039062e+00 1.315235e-01 4.121867e-04
5.062500e+00 1.273137e-01 3.953076e-04
5.085938e+00 1.232349e-01 3.791245e-04
5.109375e+00 1.192833e-01 3.636085e-04
5.132812e+00 1.154549e-01 3.487320e-04
5.156250e+00 1.117462e-01 3.344684e-04
5.203125e+00 1.046735e-01 3.076794e-04
5.250000e+00 9.803760e-02 2.830507e-04
5.296875e+00 9.181252e-02 2.604070e-04
5.343750e+00 8.597375e-02 2.395873e-04
5.390625e+00 8.049815e-02 2.204437e-04
5.437500e+00 7.536387e-02 2.028406e-04
5.484375e+00 7.055033e-02 1.866530e-04
5.531250e+00 6.603810e-02 1.717664e-04
5.578125e+00 6.180889e-02 1.580755e-04
5.625000e+00 5.784545e-02 1.454837e-04
5.718750e+00 5.065190e-02 1.232491e-04
5.812500e+00 4.433861e-02 1.044350e-04
5.906250e+00 3.880036e-02 8.851202e-05
6.000000e+00 3.394408e-02 7.503288e-05
6.093750e+00 2.968749e-02 6.362010e-05
6.187500e+00 2.595795e-02 5.395480e-05
6.281250e+00 2.269137e-02 4.576765e-05
6.375000e+00 1.983124e-02 3.883109e-05
6.468750e+00 1.732779e-02 3.295283e-05
6.562500e+00 1.513722e-02 2.797032e-05
6.656250e+00 1.322095e-02 2.374617e-05
6.750000e+00 1.154511e-02 2.016418e-05
6.843750e+00 1.007990e-02 1.712608e-05
6.937500e+00 8.799157e-03 1.454873e-05
7.031250e+00 7.679921e-03 1.236180e-05
7.125000e+00 6.702038e-03 1.050575e-05
7.218750e+00 5.847831e-03 8.930195e-06
7.312500e+00 5.101806e-03 7.592457e-06
7.406250e+00 4.450384e-03 6.456407e-06
7.500000e+00 3.881668e-03 5.491436e-06
7.687500e+00 2.951982e-03 3.974967e-06
7.875000e+00 2.244041e-03 2.879517e-06
8.062500e+00 1.705257e-03 2.087567e-06
8.250000e+00 1.295413e-03 1.514574e-06
8.437500e+00 9.837895e-04 1.099676e-06
8.625000e+00 7.469391e-04 7.990191e-07
8.812500e+00 5.669837e-04 5.809817e-07
9.000000e+00 4.302998e-04 4.227428e-07
9.187500e+00 3.265115e-04 3.078179e-07
9.375000e+00 2.477207e-04 2.242899e-07
9.562500e+00 1.879192e-04 1.635378e-07
9.750000e+00 1.425383e-04 1.193198e-07
9.937500e+00 1.081069e-04 8.711426e-08
1.012500e+01 8.198679e-05 6.364202e-08
1.031250e+01 6.217409e-05 4.652342e-08
1.050000e+01 4.714718e-05 3.403041e-08
1.068750e+01 3.575113e-05 2.490736e-08
1.087500e+01 2.710940e-05 1.824112e-08
1.106250e+01 2.055648e-05 1.336695e-08
1.125000e+01 1.558771e-05 9.800936e-09
1.162500e+01 8.964010e-06 5.278451e-09
1.200000e+01 5.156912e-06 2.849819e-09
1.237500e+01 2.968513e-06 1.542548e-09
1.275000e+01 1.710476e-06 8.373107e-10
1.312500e+01 9.875614e-07 4.562003e-10
1.350000e+01 5.719718e-07 2.497452e-10
1.387500e+01 3.327674e-07 1.375514e-10
1.425000e+01 1.952959e-07 7.653386e-11
1.462500e+01 1.162308e-07 4.324338e-11
1.500000e+01 7.048978e-08 2.493066e-11
1.575000e+01 2.882411e-08 9.246662e-12
1.650000e+01 1.484897e-08 4.340288e-12
1.725000e+01 1.010578e-08 2.702599e-12
1.800000e+01 8.541534e-09 2.097882e-12
1.875000e+01 8.179481e-09 1.851456e-12
1.950000e+01 8.193160e-09 1.714638e-12
2.025000e+01 8.279782e-09 1.606789e-12
2.100000e+01 8.469101e-09 1.528231e-12
2.175000e+01 8.744453e-09 1.470972e-12
2.250000e+01 9.092920e-09 1.429317e-12
2.325000e+01 9.530043e-09 1.402940e-12
2.400000e+01 9.892397e-09 1.366687e-12
2.475000e+01 9.946525e-09 1.292145e-12
2.550000e+01 9.448355e-09 1.156288e-12
2.625000e+01 8.253969e-09 9.532226e-13
2.700000e+01 6.415138e-09 7.002750e-13
2.775000e+01 4.210351e-09 4.350934e-13
2.850000e+01 2.091905e-09 2.049473e-13
2.925000e+01 5.594245e-10 5.203312e-14
3.000000e+01 0.000000e+00 0.000000e+00
