# 
# Output from RAtom program.
# 
# Total radial electron density.
# The first column contains radius $r$ in bohr units.
# The second column holds $\rho(r)$.
# The third column holds $\tilde{\rho}(r) = \rho(r) / (\pi * r * r)$
# 
# Use this file with gnuplot to create the plot.
# 
# R     Rho     RhoTilde
#
0.000000e+00 0.000000e+00 8.143284e+03
3.662109e-04 1.349448e-02 8.007256e+03
7.324219e-04 5.307633e-02 7.873510e+03
1.098633e-03 1.174272e-01 7.742007e+03
1.464844e-03 2.052729e-01 7.612709e+03
1.831055e-03 3.153828e-01 7.485581e+03
2.197266e-03 4.465678e-01 7.360586e+03
2.563477e-03 5.976797e-01 7.237689e+03
2.929688e-03 7.676099e-01 7.116855e+03
3.295898e-03 9.552884e-01 6.998049e+03
3.662109e-03 1.159683e+00 6.881239e+03
4.028320e-03 1.379796e+00 6.766390e+03
4.394531e-03 1.614668e+00 6.653471e+03
4.760742e-03 1.863372e+00 6.542449e+03
5.126953e-03 2.125014e+00 6.433292e+03
5.493164e-03 2.398734e+00 6.325970e+03
5.859375e-03 2.683702e+00 6.220451e+03
6.225586e-03 2.979120e+00 6.116707e+03
6.591797e-03 3.284218e+00 6.014707e+03
6.958008e-03 3.598256e+00 5.914422e+03
7.324219e-03 3.920521e+00 5.815824e+03
8.056641e-03 4.587018e+00 5.623576e+03
8.789062e-03 5.278538e+00 5.437743e+03
9.521484e-03 5.990307e+00 5.258113e+03
1.025391e-02 6.717924e+00 5.084480e+03
1.098633e-02 7.457339e+00 4.916645e+03
1.171875e-02 8.204833e+00 4.754417e+03
1.245117e-02 8.956997e+00 4.597610e+03
1.318359e-02 9.710712e+00 4.446042e+03
1.391602e-02 1.046314e+01 4.299542e+03
1.464844e-02 1.121168e+01 4.157939e+03
1.538086e-02 1.195399e+01 4.021072e+03
1.611328e-02 1.268795e+01 3.888784e+03
1.684570e-02 1.341165e+01 3.760921e+03
1.757812e-02 1.412338e+01 3.637337e+03
1.831055e-02 1.482159e+01 3.517891e+03
1.904297e-02 1.550494e+01 3.402443e+03
1.977539e-02 1.617222e+01 3.290861e+03
2.050781e-02 1.682238e+01 3.183017e+03
2.124023e-02 1.745452e+01 3.078785e+03
2.197266e-02 1.806785e+01 2.978047e+03
2.270508e-02 1.866172e+01 2.880684e+03
2.343750e-02 1.923556e+01 2.786586e+03
2.416992e-02 1.978895e+01 2.695644e+03
2.490234e-02 2.032153e+01 2.607751e+03
2.563477e-02 2.083304e+01 2.522807e+03
2.636719e-02 2.132330e+01 2.440714e+03
2.709961e-02 2.179220e+01 2.361376e+03
2.783203e-02 2.223971e+01 2.284701e+03
2.856445e-02 2.266586e+01 2.210601e+03
2.929688e-02 2.307073e+01 2.138990e+03
3.002930e-02 2.345447e+01 2.069786e+03
3.076172e-02 2.381725e+01 2.002906e+03
3.149414e-02 2.415933e+01 1.938275e+03
3.222656e-02 2.448096e+01 1.875817e+03
3.295898e-02 2.478245e+01 1.815460e+03
3.369141e-02 2.506414e+01 1.757133e+03
3.442383e-02 2.532641e+01 1.700769e+03
3.515625e-02 2.556964e+01 1.646303e+03
3.588867e-02 2.579426e+01 1.593670e+03
3.662109e-02 2.600069e+01 1.542810e+03
3.735352e-02 2.618940e+01 1.493663e+03
3.808594e-02 2.636085e+01 1.446173e+03
3.881836e-02 2.651552e+01 1.400283e+03
3.955078e-02 2.665391e+01 1.355941e+03
4.028320e-02 2.677651e+01 1.313095e+03
4.101562e-02 2.688384e+01 1.271694e+03
4.174805e-02 2.697640e+01 1.231691e+03
4.248047e-02 2.705471e+01 1.193038e+03
4.321289e-02 2.711929e+01 1.155691e+03
4.394531e-02 2.717065e+01 1.119606e+03
4.467773e-02 2.720932e+01 1.084740e+03
4.541016e-02 2.723581e+01 1.051052e+03
4.614258e-02 2.725063e+01 1.018504e+03
4.687500e-02 2.725429e+01 9.870574e+02
4.760742e-02 2.724729e+01 9.566745e+02
4.833984e-02 2.723015e+01 9.273201e+02
4.907227e-02 2.720334e+01 8.989596e+02
4.980469e-02 2.716737e+01 8.715598e+02
5.053711e-02 2.712269e+01 8.450885e+02
5.126953e-02 2.706980e+01 8.195143e+02
5.200195e-02 2.700916e+01 7.948073e+02
5.273438e-02 2.694121e+01 7.709382e+02
5.346680e-02 2.686640e+01 7.478789e+02
5.419922e-02 2.678518e+01 7.256022e+02
5.493164e-02 2.669796e+01 7.040818e+02
5.566406e-02 2.660517e+01 6.832921e+02
5.639648e-02 2.650721e+01 6.632086e+02
5.712891e-02 2.640449e+01 6.438075e+02
5.786133e-02 2.629738e+01 6.250658e+02
5.859375e-02 2.618626e+01 6.069613e+02
6.005859e-02 2.595345e+01 5.725784e+02
6.152344e-02 2.570886e+01 5.404952e+02
6.298828e-02 2.545513e+01 5.105589e+02
6.445312e-02 2.519469e+01 4.826266e+02
6.591797e-02 2.492985e+01 4.565646e+02
6.738281e-02 2.466274e+01 4.322482e+02
6.884766e-02 2.439532e+01 4.095607e+02
7.031250e-02 2.412939e+01 3.883930e+02
7.177734e-02 2.386662e+01 3.686433e+02
7.324219e-02 2.360852e+01 3.502163e+02
7.360840e-02 2.354489e+01 3.458057e+02
7.397461e-02 2.348166e+01 3.414708e+02
7.434082e-02 2.341884e+01 3.372103e+02
7.470703e-02 2.335646e+01 3.330230e+02
7.507324e-02 2.329454e+01 3.289076e+02
7.543945e-02 2.323309e+01 3.248628e+02
7.580566e-02 2.317213e+01 3.208874e+02
7.617188e-02 2.311167e+01 3.169803e+02
7.653809e-02 2.305175e+01 3.131401e+02
7.690430e-02 2.299236e+01 3.093659e+02
7.727051e-02 2.293353e+01 3.056563e+02
7.763672e-02 2.287526e+01 3.020104e+02
7.800293e-02 2.281759e+01 2.984270e+02
7.836914e-02 2.276051e+01 2.949049e+02
7.873535e-02 2.270405e+01 2.914432e+02
7.910156e-02 2.264822e+01 2.880408e+02
7.946777e-02 2.259302e+01 2.846967e+02
7.983398e-02 2.253848e+01 2.814098e+02
8.020020e-02 2.248460e+01 2.781791e+02
8.056641e-02 2.243140e+01 2.750037e+02
8.129883e-02 2.232706e+01 2.688148e+02
8.203125e-02 2.222556e+01 2.628356e+02
8.276367e-02 2.212696e+01 2.570588e+02
8.349609e-02 2.203135e+01 2.514773e+02
8.422852e-02 2.193878e+01 2.460845e+02
8.496094e-02 2.184931e+01 2.408737e+02
8.569336e-02 2.176301e+01 2.358386e+02
8.642578e-02 2.167992e+01 2.309730e+02
8.715820e-02 2.160008e+01 2.262710e+02
8.789062e-02 2.152353e+01 2.217270e+02
8.935547e-02 2.138044e+01 2.130907e+02
9.082031e-02 2.125086e+01 2.050221e+02
9.228516e-02 2.113492e+01 1.974818e+02
9.375000e-02 2.103271e+01 1.904332e+02
9.521484e-02 2.094423e+01 1.838422e+02
9.667969e-02 2.086945e+01 1.776767e+02
9.814453e-02 2.080826e+01 1.719071e+02
9.960938e-02 2.076054e+01 1.665054e+02
1.010742e-01 2.072608e+01 1.614457e+02
1.025391e-01 2.070468e+01 1.567040e+02
1.040039e-01 2.069607e+01 1.522575e+02
1.054688e-01 2.069995e+01 1.480853e+02
1.069336e-01 2.071601e+01 1.441677e+02
1.083984e-01 2.074391e+01 1.404865e+02
1.098633e-01 2.078327e+01 1.370247e+02
1.113281e-01 2.083372e+01 1.337664e+02
1.127930e-01 2.089483e+01 1.306968e+02
1.142578e-01 2.096621e+01 1.278022e+02
1.157227e-01 2.104741e+01 1.250697e+02
1.171875e-01 2.113800e+01 1.224874e+02
1.201172e-01 2.134553e+01 1.177299e+02
1.230469e-01 2.158517e+01 1.134500e+02
1.259766e-01 2.185322e+01 1.095787e+02
1.289062e-01 2.214600e+01 1.060566e+02
1.318359e-01 2.245988e+01 1.028324e+02
1.347656e-01 2.279128e+01 9.986209e+01
1.376953e-01 2.313676e+01 9.710788e+01
1.406250e-01 2.349299e+01 9.453733e+01
1.435547e-01 2.385677e+01 9.212278e+01
1.464844e-01 2.422509e+01 8.984064e+01
1.472168e-01 2.431753e+01 8.928838e+01
1.479492e-01 2.441004e+01 8.874284e+01
1.486816e-01 2.450257e+01 8.820376e+01
1.494141e-01 2.459507e+01 8.767087e+01
1.501465e-01 2.468752e+01 8.714394e+01
1.508789e-01 2.477985e+01 8.662272e+01
1.516113e-01 2.487205e+01 8.610698e+01
1.523438e-01 2.496406e+01 8.559651e+01
1.530762e-01 2.505585e+01 8.509110e+01
1.538086e-01 2.514739e+01 8.459055e+01
1.539917e-01 2.517023e+01 8.446615e+01
1.541748e-01 2.519305e+01 8.434204e+01
1.543579e-01 2.521585e+01 8.421821e+01
1.545410e-01 2.523863e+01 8.409466e+01
1.547241e-01 2.526139e+01 8.397140e+01
1.549072e-01 2.528413e+01 8.384842e+01
1.550903e-01 2.530685e+01 8.372570e+01
1.552734e-01 2.532955e+01 8.360326e+01
1.554565e-01 2.535222e+01 8.348109e+01
1.556396e-01 2.537487e+01 8.335919e+01
1.558228e-01 2.539750e+01 8.323755e+01
1.560059e-01 2.542010e+01 8.311617e+01
1.561890e-01 2.544268e+01 8.299505e+01
1.563721e-01 2.546523e+01 8.287419e+01
1.565552e-01 2.548775e+01 8.275358e+01
1.567383e-01 2.551025e+01 8.263322e+01
1.569214e-01 2.553272e+01 8.251311e+01
1.571045e-01 2.555516e+01 8.239324e+01
1.572876e-01 2.557758e+01 8.227362e+01
1.574707e-01 2.559997e+01 8.215424e+01
1.578369e-01 2.564465e+01 8.191619e+01
1.582031e-01 2.568922e+01 8.167909e+01
1.585693e-01 2.573366e+01 8.144290e+01
1.589355e-01 2.577797e+01 8.120761e+01
1.593018e-01 2.582215e+01 8.097321e+01
1.596680e-01 2.586619e+01 8.073968e+01
1.600342e-01 2.591009e+01 8.050700e+01
1.604004e-01 2.595385e+01 8.027515e+01
1.607666e-01 2.599746e+01 8.004413e+01
1.611328e-01 2.604092e+01 7.981391e+01
1.625977e-01 2.621318e+01 7.890077e+01
1.640625e-01 2.638272e+01 7.799938e+01
1.655273e-01 2.654935e+01 7.710890e+01
1.669922e-01 2.671284e+01 7.622859e+01
1.684570e-01 2.687301e+01 7.535780e+01
1.699219e-01 2.702968e+01 7.449590e+01
1.713867e-01 2.718266e+01 7.364237e+01
1.728516e-01 2.733180e+01 7.279671e+01
1.743164e-01 2.747695e+01 7.195849e+01
1.757812e-01 2.761795e+01 7.112733e+01
1.787109e-01 2.788702e+01 6.948483e+01
1.816406e-01 2.813805e+01 6.786693e+01
1.845703e-01 2.837024e+01 6.627190e+01
1.875000e-01 2.858290e+01 6.469846e+01
1.904297e-01 2.877550e+01 6.314569e+01
1.933594e-01 2.894761e+01 6.161301e+01
1.962891e-01 2.909893e+01 6.010006e+01
1.992188e-01 2.922925e+01 5.860671e+01
2.021484e-01 2.933847e+01 5.713297e+01
2.050781e-01 2.942658e+01 5.567898e+01
2.065430e-01 2.946275e+01 5.495947e+01
2.080078e-01 2.949367e+01 5.424499e+01
2.094727e-01 2.951937e+01 5.353558e+01
2.109375e-01 2.953988e+01 5.283129e+01
2.124023e-01 2.955522e+01 5.213216e+01
2.138672e-01 2.956544e+01 5.143825e+01
2.153320e-01 2.957056e+01 5.074958e+01
2.167969e-01 2.957064e+01 5.006623e+01
2.182617e-01 2.956572e+01 4.938823e+01
2.197266e-01 2.955584e+01 4.871563e+01
2.211914e-01 2.954106e+01 4.804849e+01
2.226562e-01 2.952144e+01 4.738686e+01
2.241211e-01 2.949703e+01 4.673077e+01
2.255859e-01 2.946789e+01 4.608029e+01
2.270508e-01 2.943409e+01 4.543545e+01
2.285156e-01 2.939570e+01 4.479630e+01
2.299805e-01 2.935277e+01 4.416287e+01
2.314453e-01 2.930538e+01 4.353522e+01
2.329102e-01 2.925361e+01 4.291339e+01
2.343750e-01 2.919753e+01 4.229740e+01
2.373047e-01 2.907272e+01 4.108309e+01
2.402344e-01 2.893157e+01 3.989256e+01
2.431641e-01 2.877474e+01 3.872601e+01
2.460938e-01 2.860287e+01 3.758362e+01
2.490234e-01 2.841665e+01 3.646553e+01
2.519531e-01 2.821674e+01 3.537182e+01
2.548828e-01 2.800384e+01 3.430256e+01
2.578125e-01 2.777864e+01 3.325777e+01
2.607422e-01 2.754183e+01 3.223743e+01
2.636719e-01 2.729412e+01 3.124148e+01
2.666016e-01 2.703618e+01 3.026984e+01
2.695312e-01 2.676872e+01 2.932240e+01
2.724609e-01 2.649240e+01 2.839899e+01
2.753906e-01 2.620790e+01 2.749946e+01
2.783203e-01 2.591589e+01 2.662358e+01
2.812500e-01 2.561702e+01 2.577114e+01
2.841797e-01 2.531192e+01 2.494188e+01
2.871094e-01 2.500122e+01 2.413552e+01
2.900391e-01 2.468555e+01 2.335177e+01
2.929688e-01 2.436548e+01 2.259033e+01
2.944336e-01 2.420399e+01 2.221787e+01
2.958984e-01 2.404162e+01 2.185086e+01
2.973633e-01 2.387843e+01 2.148925e+01
2.988281e-01 2.371451e+01 2.113301e+01
3.002930e-01 2.354992e+01 2.078209e+01
3.017578e-01 2.338472e+01 2.043644e+01
3.032227e-01 2.321898e+01 2.009602e+01
3.046875e-01 2.305277e+01 1.976078e+01
3.061523e-01 2.288615e+01 1.943067e+01
3.076172e-01 2.271918e+01 1.910564e+01
3.090820e-01 2.255193e+01 1.878565e+01
3.105469e-01 2.238445e+01 1.847065e+01
3.120117e-01 2.221680e+01 1.816059e+01
3.134766e-01 2.204905e+01 1.785541e+01
3.149414e-01 2.188125e+01 1.755507e+01
3.164062e-01 2.171345e+01 1.725952e+01
3.178711e-01 2.154571e+01 1.696871e+01
3.193359e-01 2.137808e+01 1.668258e+01
3.208008e-01 2.121062e+01 1.640109e+01
3.222656e-01 2.104338e+01 1.612418e+01
3.251953e-01 2.070974e+01 1.558390e+01
3.281250e-01 2.037756e+01 1.506134e+01
3.310547e-01 2.004721e+01 1.455608e+01
3.339844e-01 1.971903e+01 1.406771e+01
3.369141e-01 1.939336e+01 1.359580e+01
3.398438e-01 1.907052e+01 1.313996e+01
3.427734e-01 1.875080e+01 1.269977e+01
3.457031e-01 1.843450e+01 1.227481e+01
3.486328e-01 1.812187e+01 1.186470e+01
3.515625e-01 1.781316e+01 1.146901e+01
3.544922e-01 1.750862e+01 1.108737e+01
3.574219e-01 1.720845e+01 1.071938e+01
3.603516e-01 1.691285e+01 1.036464e+01
3.632812e-01 1.662203e+01 1.002278e+01
3.662109e-01 1.633614e+01 9.693418e+00
3.691406e-01 1.605535e+01 9.376187e+00
3.720703e-01 1.577981e+01 9.070721e+00
3.750000e-01 1.550964e+01 8.776661e+00
3.779297e-01 1.524497e+01 8.493657e+00
3.808594e-01 1.498590e+01 8.221362e+00
3.837891e-01 1.473254e+01 7.959440e+00
3.867188e-01 1.448495e+01 7.707557e+00
3.896484e-01 1.424322e+01 7.465390e+00
3.925781e-01 1.400741e+01 7.232621e+00
3.955078e-01 1.377756e+01 7.008940e+00
3.984375e-01 1.355372e+01 6.794044e+00
4.013672e-01 1.333593e+01 6.587637e+00
4.042969e-01 1.312420e+01 6.389429e+00
4.072266e-01 1.291854e+01 6.199139e+00
4.101562e-01 1.271897e+01 6.016493e+00
4.130859e-01 1.252548e+01 5.841222e+00
4.160156e-01 1.233806e+01 5.673065e+00
4.189453e-01 1.215670e+01 5.511770e+00
4.218750e-01 1.198136e+01 5.357089e+00
4.248047e-01 1.181203e+01 5.208781e+00
4.277344e-01 1.164866e+01 5.066614e+00
4.306641e-01 1.149121e+01 4.930361e+00
4.335938e-01 1.133964e+01 4.799802e+00
4.365234e-01 1.119388e+01 4.674722e+00
4.394531e-01 1.105389e+01 4.554915e+00
4.423828e-01 1.091960e+01 4.440178e+00
4.453125e-01 1.079094e+01 4.330317e+00
4.482422e-01 1.066785e+01 4.225143e+00
4.511719e-01 1.055024e+01 4.124472e+00
4.541016e-01 1.043804e+01 4.028128e+00
4.570312e-01 1.033118e+01 3.935937e+00
4.599609e-01 1.022955e+01 3.847733e+00
4.628906e-01 1.013309e+01 3.763356e+00
4.658203e-01 1.004170e+01 3.682650e+00
4.687500e-01 9.955285e+00 3.605465e+00
4.746094e-01 9.797016e+00 3.461078e+00
4.804688e-01 9.657520e+00 3.329089e+00
4.863281e-01 9.536005e+00 3.208469e+00
4.921875e-01 9.431663e+00 3.098256e+00
4.980469e-01 9.343675e+00 2.997557e+00
5.039062e-01 9.271216e+00 2.905543e+00
5.097656e-01 9.213455e+00 2.821445e+00
5.156250e-01 9.169564e+00 2.744548e+00
5.214844e-01 9.138722e+00 2.674195e+00
5.273438e-01 9.120113e+00 2.609773e+00
5.332031e-01 9.112932e+00 2.550721e+00
5.390625e-01 9.116389e+00 2.496518e+00
5.449219e-01 9.129708e+00 2.446688e+00
5.507812e-01 9.152131e+00 2.400789e+00
5.566406e-01 9.182920e+00 2.358420e+00
5.625000e-01 9.221356e+00 2.319209e+00
5.683594e-01 9.266743e+00 2.282818e+00
5.742188e-01 9.318407e+00 2.248936e+00
5.800781e-01 9.375698e+00 2.217281e+00
5.859375e-01 9.437990e+00 2.187596e+00
5.888672e-01 9.470822e+00 2.173417e+00
5.917969e-01 9.504681e+00 2.159645e+00
5.947266e-01 9.539495e+00 2.146253e+00
5.976562e-01 9.575195e+00 2.133216e+00
6.005859e-01 9.611712e+00 2.120511e+00
6.035156e-01 9.648980e+00 2.108116e+00
6.064453e-01 9.686933e+00 2.096009e+00
6.093750e-01 9.725509e+00 2.084170e+00
6.123047e-01 9.764646e+00 2.072581e+00
6.152344e-01 9.804283e+00 2.061222e+00
6.181641e-01 9.844361e+00 2.050077e+00
6.210938e-01 9.884824e+00 2.039129e+00
6.240234e-01 9.925616e+00 2.028363e+00
6.269531e-01 9.966681e+00 2.017765e+00
6.298828e-01 1.000797e+01 2.007320e+00
6.328125e-01 1.004943e+01 1.997015e+00
6.357422e-01 1.009101e+01 1.986838e+00
6.386719e-01 1.013266e+01 1.976778e+00
6.416016e-01 1.017434e+01 1.966824e+00
6.445312e-01 1.021600e+01 1.956964e+00
6.503906e-01 1.029908e+01 1.937493e+00
6.562500e-01 1.038158e+01 1.918293e+00
6.621094e-01 1.046319e+01 1.899305e+00
6.679688e-01 1.054360e+01 1.880472e+00
6.738281e-01 1.062256e+01 1.861749e+00
6.796875e-01 1.069982e+01 1.843096e+00
6.855469e-01 1.077513e+01 1.824477e+00
6.914062e-01 1.084830e+01 1.805865e+00
6.972656e-01 1.091913e+01 1.787235e+00
7.031250e-01 1.098744e+01 1.768567e+00
7.089844e-01 1.105307e+01 1.749845e+00
7.148438e-01 1.111588e+01 1.731058e+00
7.207031e-01 1.117574e+01 1.712196e+00
7.265625e-01 1.123254e+01 1.693254e+00
7.324219e-01 1.128617e+01 1.674226e+00
7.382812e-01 1.133655e+01 1.655112e+00
7.441406e-01 1.138361e+01 1.635913e+00
7.500000e-01 1.142728e+01 1.616630e+00
7.558594e-01 1.146752e+01 1.597267e+00
7.617188e-01 1.150428e+01 1.577830e+00
7.675781e-01 1.153753e+01 1.558324e+00
7.734375e-01 1.156725e+01 1.538756e+00
7.792969e-01 1.159343e+01 1.519135e+00
7.851562e-01 1.161607e+01 1.499468e+00
7.910156e-01 1.163517e+01 1.479766e+00
7.968750e-01 1.165075e+01 1.460036e+00
8.027344e-01 1.166282e+01 1.440290e+00
8.085938e-01 1.167140e+01 1.420537e+00
8.144531e-01 1.167654e+01 1.400787e+00
8.203125e-01 1.167826e+01 1.381050e+00
8.320312e-01 1.167162e+01 1.341658e+00
8.437500e-01 1.165187e+01 1.302442e+00
8.554688e-01 1.161946e+01 1.263479e+00
8.671875e-01 1.157488e+01 1.224844e+00
8.789062e-01 1.151867e+01 1.186609e+00
8.906250e-01 1.145140e+01 1.148838e+00
9.023438e-01 1.137365e+01 1.111593e+00
9.140625e-01 1.128603e+01 1.074929e+00
9.257812e-01 1.118917e+01 1.038894e+00
9.375000e-01 1.108370e+01 1.003535e+00
9.492188e-01 1.097022e+01 9.688863e-01
9.609375e-01 1.084935e+01 9.349829e-01
9.726562e-01 1.072171e+01 9.018524e-01
9.843750e-01 1.058789e+01 8.695177e-01
9.960938e-01 1.044847e+01 8.379971e-01
1.007812e+00 1.030403e+01 8.073049e-01
1.019531e+00 1.015510e+01 7.774511e-01
1.031250e+00 1.000221e+01 7.484422e-01
1.042969e+00 9.845882e+00 7.202813e-01
1.054688e+00 9.686589e+00 6.929684e-01
1.066406e+00 9.524799e+00 6.665007e-01
1.078125e+00 9.360952e+00 6.408729e-01
1.089844e+00 9.195467e+00 6.160776e-01
1.101562e+00 9.028738e+00 5.921053e-01
1.113281e+00 8.861141e+00 5.689446e-01
1.125000e+00 8.693024e+00 5.465828e-01
1.136719e+00 8.524717e+00 5.250057e-01
1.148438e+00 8.356527e+00 5.041981e-01
1.160156e+00 8.188741e+00 4.841437e-01
1.171875e+00 8.021624e+00 4.648254e-01
1.177734e+00 7.938395e+00 4.554368e-01
1.183594e+00 7.855423e+00 4.462255e-01
1.189453e+00 7.772738e+00 4.371893e-01
1.195312e+00 7.690366e+00 4.283258e-01
1.201172e+00 7.608332e+00 4.196327e-01
1.207031e+00 7.526661e+00 4.111076e-01
1.212891e+00 7.445377e+00 4.027481e-01
1.218750e+00 7.364501e+00 3.945520e-01
1.224609e+00 7.284055e+00 3.865167e-01
1.230469e+00 7.204060e+00 3.786398e-01
1.231934e+00 7.184134e+00 3.766951e-01
1.233398e+00 7.164238e+00 3.747601e-01
1.234863e+00 7.144371e+00 3.728348e-01
1.236328e+00 7.124535e+00 3.709191e-01
1.237793e+00 7.104729e+00 3.690130e-01
1.239258e+00 7.084954e+00 3.671165e-01
1.240723e+00 7.065211e+00 3.652295e-01
1.242188e+00 7.045498e+00 3.633520e-01
1.243652e+00 7.025817e+00 3.614839e-01
1.245117e+00 7.006169e+00 3.596253e-01
1.245850e+00 6.996356e+00 3.586995e-01
1.246582e+00 6.986552e+00 3.577761e-01
1.247314e+00 6.976756e+00 3.568550e-01
1.248047e+00 6.966967e+00 3.559362e-01
1.248779e+00 6.957188e+00 3.550197e-01
1.249512e+00 6.947416e+00 3.541056e-01
1.250244e+00 6.937652e+00 3.531937e-01
1.250977e+00 6.927897e+00 3.522842e-01
1.251709e+00 6.918149e+00 3.513770e-01
1.252441e+00 6.908410e+00 3.504721e-01
1.253174e+00 6.898680e+00 3.495695e-01
1.253906e+00 6.888957e+00 3.486691e-01
1.254639e+00 6.879244e+00 3.477711e-01
1.255371e+00 6.869538e+00 3.468753e-01
1.256104e+00 6.859841e+00 3.459819e-01
1.256836e+00 6.850153e+00 3.450907e-01
1.257568e+00 6.840473e+00 3.442018e-01
1.258301e+00 6.830802e+00 3.433151e-01
1.259033e+00 6.821139e+00 3.424307e-01
1.259766e+00 6.811485e+00 3.415486e-01
1.262695e+00 6.772956e+00 3.380425e-01
1.265625e+00 6.734567e+00 3.345721e-01
1.268555e+00 6.696320e+00 3.311372e-01
1.271484e+00 6.658216e+00 3.277374e-01
1.274414e+00 6.620258e+00 3.243724e-01
1.277344e+00 6.582446e+00 3.210420e-01
1.280273e+00 6.544783e+00 3.177459e-01
1.283203e+00 6.507269e+00 3.144837e-01
1.286133e+00 6.469907e+00 3.112551e-01
1.289062e+00 6.432697e+00 3.080600e-01
1.300781e+00 6.285408e+00 2.956072e-01
1.312500e+00 6.140658e+00 2.836654e-01
1.324219e+00 5.998513e+00 2.722164e-01
1.335938e+00 5.859032e+00 2.612424e-01
1.347656e+00 5.722261e+00 2.507261e-01
1.359375e+00 5.588241e+00 2.406504e-01
1.371094e+00 5.457000e+00 2.309988e-01
1.382812e+00 5.328563e+00 2.217551e-01
1.394531e+00 5.202944e+00 2.129035e-01
1.406250e+00 5.080153e+00 2.044287e-01
1.429688e+00 4.843058e+00 1.885504e-01
1.453125e+00 4.617231e+00 1.740066e-01
1.476562e+00 4.402548e+00 1.606906e-01
1.500000e+00 4.198818e+00 1.485028e-01
1.523438e+00 4.005797e+00 1.373504e-01
1.546875e+00 3.823196e+00 1.271470e-01
1.570312e+00 3.650692e+00 1.178130e-01
1.593750e+00 3.487933e+00 1.092743e-01
1.617188e+00 3.334551e+00 1.014628e-01
1.640625e+00 3.190161e+00 9.431572e-02
1.664062e+00 3.054370e+00 8.777534e-02
1.687500e+00 2.926782e+00 8.178863e-02
1.710938e+00 2.807000e+00 7.630698e-02
1.734375e+00 2.694630e+00 7.128583e-02
1.757812e+00 2.589282e+00 6.668442e-02
1.781250e+00 2.490575e+00 6.246548e-02
1.804688e+00 2.398137e+00 5.859493e-02
1.828125e+00 2.311604e+00 5.504169e-02
1.851562e+00 2.230625e+00 5.177737e-02
1.875000e+00 2.154860e+00 4.877606e-02
1.921875e+00 2.017702e+00 4.347072e-02
1.968750e+00 1.897697e+00 3.896152e-02
2.015625e+00 1.792638e+00 3.511262e-02
2.062500e+00 1.700536e+00 3.181179e-02
2.109375e+00 1.619615e+00 2.896639e-02
2.156250e+00 1.548297e+00 2.650003e-02
2.203125e+00 1.485192e+00 2.434975e-02
2.250000e+00 1.429078e+00 2.246369e-02
2.296875e+00 1.378890e+00 2.079913e-02
2.343750e+00 1.333704e+00 1.932088e-02
2.355469e+00 1.323092e+00 1.897691e-02
2.367188e+00 1.312731e+00 1.864235e-02
2.378906e+00 1.302611e+00 1.831682e-02
2.390625e+00 1.292719e+00 1.799995e-02
2.402344e+00 1.283046e+00 1.769140e-02
2.414062e+00 1.273583e+00 1.739084e-02
2.425781e+00 1.264320e+00 1.709795e-02
2.437500e+00 1.255249e+00 1.681244e-02
2.449219e+00 1.246359e+00 1.653401e-02
2.460938e+00 1.237644e+00 1.626240e-02
2.472656e+00 1.229095e+00 1.599735e-02
2.484375e+00 1.220704e+00 1.573860e-02
2.496094e+00 1.212464e+00 1.548593e-02
2.507812e+00 1.204369e+00 1.523911e-02
2.519531e+00 1.196411e+00 1.499792e-02
2.531250e+00 1.188584e+00 1.476216e-02
2.542969e+00 1.180881e+00 1.453163e-02
2.554688e+00 1.173297e+00 1.430614e-02
2.566406e+00 1.165826e+00 1.408553e-02
2.578125e+00 1.158463e+00 1.386961e-02
2.601562e+00 1.144038e+00 1.345123e-02
2.625000e+00 1.129983e+00 1.304979e-02
2.648438e+00 1.116263e+00 1.266419e-02
2.671875e+00 1.102846e+00 1.229342e-02
2.695312e+00 1.089700e+00 1.193655e-02
2.718750e+00 1.076800e+00 1.159276e-02
2.742188e+00 1.064121e+00 1.126126e-02
2.765625e+00 1.051641e+00 1.094135e-02
2.789062e+00 1.039340e+00 1.063240e-02
2.812500e+00 1.027199e+00 1.033379e-02
2.859375e+00 1.003339e+00 9.765520e-03
2.906250e+00 9.799494e-01 9.232682e-03
2.953125e+00 9.569457e-01 8.732001e-03
3.000000e+00 9.342609e-01 8.260680e-03
3.046875e+00 9.118446e-01 7.816308e-03
3.093750e+00 8.896605e-01 7.396802e-03
3.140625e+00 8.676834e-01 7.000342e-03
3.187500e+00 8.458977e-01 6.625331e-03
3.234375e+00 8.242950e-01 6.270354e-03
3.281250e+00 8.028735e-01 5.934151e-03
3.328125e+00 7.816358e-01 5.615589e-03
3.375000e+00 7.605884e-01 5.313642e-03
3.421875e+00 7.397406e-01 5.027375e-03
3.468750e+00 7.191039e-01 4.755934e-03
3.515625e+00 6.986910e-01 4.498526e-03
3.562500e+00 6.785157e-01 4.254419e-03
3.609375e+00 6.585920e-01 4.022931e-03
3.656250e+00 6.389341e-01 3.803421e-03
3.703125e+00 6.195561e-01 3.595291e-03
3.750000e+00 6.004716e-01 3.397974e-03
3.843750e+00 5.632330e-01 3.033668e-03
3.937500e+00 5.273109e-01 2.706548e-03
4.031250e+00 4.927821e-01 2.413046e-03
4.125000e+00 4.597069e-01 2.149925e-03
4.218750e+00 4.281283e-01 1.914241e-03
4.312500e+00 3.980731e-01 1.703314e-03
4.406250e+00 3.695526e-01 1.514705e-03
4.500000e+00 3.425646e-01 1.346194e-03
4.593750e+00 3.170944e-01 1.195760e-03
4.687500e+00 2.931168e-01 1.061569e-03
4.710938e+00 2.873519e-01 1.030361e-03
4.734375e+00 2.816775e-01 1.000039e-03
4.757812e+00 2.760930e-01 9.705791e-04
4.781250e+00 2.705979e-01 9.419581e-04
4.804688e+00 2.651913e-01 9.141535e-04
4.828125e+00 2.598726e-01 8.871430e-04
4.851562e+00 2.546411e-01 8.609052e-04
4.875000e+00 2.494959e-01 8.354191e-04
4.898438e+00 2.444364e-01 8.106641e-04
4.921875e+00 2.394617e-01 7.866202e-04
4.933594e+00 2.370060e-01 7.748589e-04
4.945312e+00 2.345711e-01 7.632681e-04
4.957031e+00 2.321570e-01 7.518455e-04
4.968750e+00 2.297636e-01 7.405887e-04
4.980469e+00 2.273908e-01 7.294954e-04
4.992188e+00 2.250385e-01 7.185635e-04
5.003906e+00 2.227065e-01 7.077905e-04
5.015625e+00 2.203948e-01 6.971742e-04
5.027344e+00 2.181032e-01 6.867126e-04
5.039062e+00 2.158317e-01 6.764036e-04
5.050781e+00 2.135802e-01 6.662450e-04
5.062500e+00 2.113485e-01 6.562347e-04
5.074219e+00 2.091365e-01 6.463706e-04
5.085938e+00 2.069441e-01 6.366507e-04
5.097656e+00 2.047713e-01 6.270730e-04
5.109375e+00 2.026178e-01 6.176355e-04
5.121094e+00 2.004836e-01 6.083361e-04
5.132812e+00 1.983686e-01 5.991731e-04
5.144531e+00 1.962726e-01 5.901443e-04
5.156250e+00 1.941956e-01 5.812481e-04
5.203125e+00 1.860744e-01 5.469507e-04
5.250000e+00 1.782468e-01 5.146278e-04
5.296875e+00 1.707053e-01 4.841698e-04
5.343750e+00 1.634424e-01 4.554730e-04
5.390625e+00 1.564506e-01 4.284391e-04
5.437500e+00 1.497223e-01 4.029750e-04
5.484375e+00 1.432501e-01 3.789926e-04
5.531250e+00 1.370264e-01 3.564084e-04
5.578125e+00 1.310440e-01 3.351434e-04
5.625000e+00 1.252953e-01 3.151229e-04
5.812500e+00 1.044953e-01 2.461281e-04
6.000000e+00 8.687441e-02 1.920346e-04
6.187500e+00 7.201575e-02 1.496881e-04
6.375000e+00 5.953898e-02 1.165819e-04
6.562500e+00 4.910234e-02 9.073058e-05
6.750000e+00 4.040280e-02 7.056577e-05
6.937500e+00 3.317459e-02 5.485166e-05
7.125000e+00 2.718669e-02 4.261640e-05
7.312500e+00 2.223974e-02 3.309695e-05
7.500000e+00 1.816263e-02 2.569487e-05
7.687500e+00 1.481022e-02 1.994258e-05
7.875000e+00 1.205947e-02 1.547452e-05
8.062500e+00 9.806730e-03 1.200535e-05
8.250000e+00 7.965131e-03 9.312691e-06
8.437500e+00 6.462112e-03 7.223324e-06
8.625000e+00 5.237282e-03 5.602449e-06
8.812500e+00 4.240541e-03 4.345234e-06
9.000000e+00 3.430452e-03 3.370206e-06
9.187500e+00 2.772840e-03 2.614088e-06
9.375000e+00 2.239591e-03 2.027759e-06
9.468750e+00 2.012219e-03 1.785994e-06
9.562500e+00 1.807627e-03 1.573099e-06
9.656250e+00 1.623575e-03 1.385625e-06
9.750000e+00 1.458039e-03 1.220535e-06
9.843750e+00 1.309184e-03 1.075151e-06
9.937500e+00 1.175357e-03 9.471214e-07
1.003125e+01 1.055074e-03 8.343779e-07
1.012500e+01 9.469853e-04 7.350947e-07
1.021875e+01 8.498570e-04 6.476501e-07
1.031250e+01 7.625871e-04 5.706262e-07
1.040625e+01 6.841949e-04 5.027840e-07
1.050000e+01 6.137886e-04 4.430272e-07
1.059375e+01 5.505657e-04 3.903910e-07
1.068750e+01 4.938023e-04 3.440258e-07
1.078125e+01 4.428463e-04 3.031831e-07
1.087500e+01 3.971103e-04 2.672039e-07
1.096875e+01 3.560650e-04 2.355077e-07
1.106250e+01 3.192343e-04 2.075836e-07
1.115625e+01 2.861894e-04 1.829815e-07
1.125000e+01 2.565446e-04 1.613050e-07
1.162500e+01 1.655315e-04 9.747311e-08
1.200000e+01 1.066957e-04 5.896231e-08
1.237500e+01 6.871031e-05 3.570439e-08
1.275000e+01 4.421412e-05 2.164366e-08
1.312500e+01 2.843375e-05 1.313487e-08
1.350000e+01 1.827641e-05 7.980196e-09
1.387500e+01 1.174181e-05 4.853545e-09
1.425000e+01 7.539944e-06 2.954803e-09
1.462500e+01 4.838946e-06 1.800318e-09
1.500000e+01 3.104564e-06 1.098015e-09
1.575000e+01 1.276513e-06 4.095004e-10
1.650000e+01 5.254947e-07 1.535998e-10
1.725000e+01 2.165756e-07 5.791907e-11
1.800000e+01 8.894372e-08 2.184542e-11
1.875000e+01 3.701071e-08 8.377510e-12
1.950000e+01 1.570475e-08 3.286639e-12
2.025000e+01 6.365539e-09 1.235308e-12
2.100000e+01 2.982216e-09 5.381343e-13
2.175000e+01 1.837696e-09 3.091329e-13
2.250000e+01 9.471107e-10 1.488764e-13
2.325000e+01 6.751831e-10 9.939528e-14
2.400000e+01 5.324325e-10 7.355839e-14
2.475000e+01 4.330822e-10 5.626134e-14
2.550000e+01 3.452829e-10 4.225565e-14
2.625000e+01 2.603661e-10 3.006879e-14
2.700000e+01 1.792114e-10 1.956268e-14
2.775000e+01 1.068229e-10 1.103897e-14
2.850000e+01 4.955261e-11 4.854751e-15
2.925000e+01 1.275499e-11 1.186366e-15
3.000000e+01 2.405049e-152 2.126530e-156
