# 
# Output from RAtom program.
# 
# Total radial electron density.
# The first column contains radius $r$ in bohr units.
# The second column holds $\rho(r)$.
# The third column holds $\tilde{\rho}(r) = \rho(r) / (\pi * r * r)$
# 
# Use this file with gnuplot to create the plot.
# 
# R     Rho     RhoTilde
#
0.000000e+00 0.000000e+00 2.553817e+05
7.629395e-05 1.847881e-02 2.526295e+05
1.525879e-04 7.311882e-02 2.499074e+05
2.288818e-04 1.627447e-01 2.472147e+05
3.051758e-04 2.862065e-01 2.445511e+05
3.814697e-04 4.423794e-01 2.419162e+05
4.577637e-04 6.301629e-01 2.393097e+05
5.340576e-04 8.484808e-01 2.367314e+05
6.103516e-04 1.096280e+00 2.341810e+05
6.866455e-04 1.372532e+00 2.316581e+05
7.629395e-04 1.676230e+00 2.291625e+05
8.392334e-04 2.006388e+00 2.266938e+05
9.155273e-04 2.362047e+00 2.242518e+05
9.918213e-04 2.742264e+00 2.218362e+05
1.068115e-03 3.146120e+00 2.194468e+05
1.144409e-03 3.572717e+00 2.170832e+05
1.220703e-03 4.021177e+00 2.147451e+05
1.296997e-03 4.490642e+00 2.124323e+05
1.373291e-03 4.980274e+00 2.101446e+05
1.449585e-03 5.489253e+00 2.078816e+05
1.525879e-03 6.016781e+00 2.056431e+05
1.678467e-03 7.124372e+00 2.012386e+05
1.831055e-03 8.297017e+00 1.969289e+05
1.983643e-03 9.528965e+00 1.927121e+05
2.136230e-03 1.081474e+01 1.885862e+05
2.288818e-03 1.214912e+01 1.845493e+05
2.441406e-03 1.352715e+01 1.805994e+05
2.593994e-03 1.494410e+01 1.767348e+05
2.746582e-03 1.639550e+01 1.729536e+05
2.899170e-03 1.787706e+01 1.692540e+05
3.051758e-03 1.938476e+01 1.656344e+05
3.356934e-03 2.246339e+01 1.586280e+05
3.662109e-03 2.560304e+01 1.519214e+05
3.967285e-03 2.877833e+01 1.455020e+05
4.272461e-03 3.196659e+01 1.393575e+05
4.577637e-03 3.514772e+01 1.334764e+05
4.882812e-03 3.830389e+01 1.278477e+05
5.187988e-03 4.141945e+01 1.224606e+05
5.493164e-03 4.448070e+01 1.173050e+05
5.798340e-03 4.747575e+01 1.123711e+05
6.103516e-03 5.039437e+01 1.076495e+05
6.256104e-03 5.182224e+01 1.053655e+05
6.408691e-03 5.322784e+01 1.031312e+05
6.561279e-03 5.461030e+01 1.009457e+05
6.713867e-03 5.596883e+01 9.880772e+04
6.866455e-03 5.730270e+01 9.671639e+04
7.019043e-03 5.861127e+01 9.467068e+04
7.171631e-03 5.989396e+01 9.266961e+04
7.324219e-03 6.115026e+01 9.071222e+04
7.476807e-03 6.237971e+01 8.879759e+04
7.629395e-03 6.358192e+01 8.692479e+04
7.781982e-03 6.475656e+01 8.509292e+04
7.934570e-03 6.590335e+01 8.330111e+04
8.087158e-03 6.702206e+01 8.154850e+04
8.239746e-03 6.811249e+01 7.983425e+04
8.392334e-03 6.917453e+01 7.815753e+04
8.544922e-03 7.020807e+01 7.651754e+04
8.697510e-03 7.121307e+01 7.491349e+04
8.850098e-03 7.218952e+01 7.334460e+04
9.002686e-03 7.313743e+01 7.181012e+04
9.155273e-03 7.405688e+01 7.030932e+04
9.307861e-03 7.494794e+01 6.884145e+04
9.460449e-03 7.581076e+01 6.740583e+04
9.613037e-03 7.664547e+01 6.600174e+04
9.765625e-03 7.745228e+01 6.462852e+04
9.918213e-03 7.823137e+01 6.328550e+04
1.007080e-02 7.898299e+01 6.197202e+04
1.022339e-02 7.970738e+01 6.068746e+04
1.037598e-02 8.040483e+01 5.943117e+04
1.052856e-02 8.107563e+01 5.820257e+04
1.068115e-02 8.172010e+01 5.700104e+04
1.083374e-02 8.233856e+01 5.582601e+04
1.098633e-02 8.293137e+01 5.467689e+04
1.113892e-02 8.349888e+01 5.355314e+04
1.129150e-02 8.404148e+01 5.245420e+04
1.144409e-02 8.455956e+01 5.137953e+04
1.159668e-02 8.505350e+01 5.032862e+04
1.174927e-02 8.552373e+01 4.930094e+04
1.190186e-02 8.597067e+01 4.829599e+04
1.205444e-02 8.639473e+01 4.731328e+04
1.220703e-02 8.679637e+01 4.635233e+04
1.235962e-02 8.717602e+01 4.541267e+04
1.251221e-02 8.753413e+01 4.449382e+04
1.266479e-02 8.787116e+01 4.359535e+04
1.281738e-02 8.818757e+01 4.271681e+04
1.296997e-02 8.848382e+01 4.185776e+04
1.312256e-02 8.876037e+01 4.101778e+04
1.327515e-02 8.901770e+01 4.019647e+04
1.342773e-02 8.925628e+01 3.939340e+04
1.358032e-02 8.947657e+01 3.860818e+04
1.373291e-02 8.967906e+01 3.784043e+04
1.388550e-02 8.986422e+01 3.708976e+04
1.403809e-02 9.003251e+01 3.635580e+04
1.419067e-02 9.018441e+01 3.563819e+04
1.434326e-02 9.032040e+01 3.493656e+04
1.449585e-02 9.044095e+01 3.425058e+04
1.464844e-02 9.054651e+01 3.357989e+04
1.480103e-02 9.063757e+01 3.292417e+04
1.495361e-02 9.071457e+01 3.228308e+04
1.510620e-02 9.077799e+01 3.165630e+04
1.525879e-02 9.082828e+01 3.104353e+04
1.556396e-02 9.089127e+01 2.985876e+04
1.586914e-02 9.090713e+01 2.872640e+04
1.617432e-02 9.087937e+01 2.764417e+04
1.647949e-02 9.081142e+01 2.660988e+04
1.678467e-02 9.070664e+01 2.562145e+04
1.708984e-02 9.056828e+01 2.467687e+04
1.739502e-02 9.039952e+01 2.377423e+04
1.770020e-02 9.020344e+01 2.291169e+04
1.800537e-02 8.998300e+01 2.208749e+04
1.831055e-02 8.974109e+01 2.129996e+04
1.892090e-02 8.920380e+01 1.982850e+04
1.953125e-02 8.861246e+01 1.848523e+04
2.014160e-02 8.798626e+01 1.725905e+04
2.075195e-02 8.734269e+01 1.613982e+04
2.136230e-02 8.669755e+01 1.511822e+04
2.197266e-02 8.606503e+01 1.418573e+04
2.258301e-02 8.545770e+01 1.333453e+04
2.319336e-02 8.488661e+01 1.255747e+04
2.380371e-02 8.436138e+01 1.184798e+04
2.441406e-02 8.389021e+01 1.120008e+04
2.471924e-02 8.367711e+01 1.089749e+04
2.502441e-02 8.348003e+01 1.060828e+04
2.532959e-02 8.329963e+01 1.033182e+04
2.563477e-02 8.313653e+01 1.006754e+04
2.593994e-02 8.299125e+01 9.814868e+03
2.624512e-02 8.286426e+01 9.573271e+03
2.655029e-02 8.275598e+01 9.342237e+03
2.685547e-02 8.266673e+01 9.121272e+03
2.716064e-02 8.259681e+01 8.909910e+03
2.746582e-02 8.254646e+01 8.707699e+03
2.777100e-02 8.251583e+01 8.514213e+03
2.807617e-02 8.250507e+01 8.329041e+03
2.838135e-02 8.251424e+01 8.151791e+03
2.868652e-02 8.254338e+01 7.982089e+03
2.899170e-02 8.259247e+01 7.819577e+03
2.929688e-02 8.266146e+01 7.663914e+03
2.960205e-02 8.275024e+01 7.514772e+03
2.990723e-02 8.285870e+01 7.371841e+03
3.021240e-02 8.298665e+01 7.234822e+03
3.051758e-02 8.313390e+01 7.103431e+03
3.067017e-02 8.321470e+01 7.039761e+03
3.082275e-02 8.330022e+01 6.977397e+03
3.097534e-02 8.339045e+01 6.916306e+03
3.112793e-02 8.348534e+01 6.856459e+03
3.128052e-02 8.358486e+01 6.797824e+03
3.143311e-02 8.368897e+01 6.740371e+03
3.158569e-02 8.379763e+01 6.684071e+03
3.173828e-02 8.391080e+01 6.628896e+03
3.189087e-02 8.402844e+01 6.574818e+03
3.204346e-02 8.415049e+01 6.521809e+03
3.219604e-02 8.427692e+01 6.469843e+03
3.234863e-02 8.440768e+01 6.418894e+03
3.250122e-02 8.454271e+01 6.368937e+03
3.265381e-02 8.468197e+01 6.319947e+03
3.280640e-02 8.482542e+01 6.271899e+03
3.295898e-02 8.497298e+01 6.224771e+03
3.311157e-02 8.512462e+01 6.178538e+03
3.326416e-02 8.528029e+01 6.133179e+03
3.341675e-02 8.543991e+01 6.088672e+03
3.356934e-02 8.560344e+01 6.044994e+03
3.387451e-02 8.594201e+01 5.960045e+03
3.417969e-02 8.629553e+01 5.878171e+03
3.448486e-02 8.666351e+01 5.799217e+03
3.479004e-02 8.704548e+01 5.723037e+03
3.509521e-02 8.744094e+01 5.649489e+03
3.540039e-02 8.784940e+01 5.578441e+03
3.570557e-02 8.827033e+01 5.509764e+03
3.601074e-02 8.870323e+01 5.443339e+03
3.631592e-02 8.914757e+01 5.379050e+03
3.662109e-02 8.960284e+01 5.316787e+03
3.723145e-02 9.054402e+01 5.197926e+03
3.784180e-02 9.152254e+01 5.085980e+03
3.845215e-02 9.253415e+01 4.980248e+03
3.906250e-02 9.357465e+01 4.880095e+03
3.967285e-02 9.463984e+01 4.784949e+03
4.028320e-02 9.572561e+01 4.694294e+03
4.089355e-02 9.682791e+01 4.607666e+03
4.150391e-02 9.794280e+01 4.524647e+03
4.211426e-02 9.906643e+01 4.444863e+03
4.272461e-02 1.001951e+02 4.367977e+03
4.333496e-02 1.013252e+02 4.293689e+03
4.394531e-02 1.024532e+02 4.221731e+03
4.455566e-02 1.035759e+02 4.151864e+03
4.516602e-02 1.046901e+02 4.083873e+03
4.577637e-02 1.057928e+02 4.017571e+03
4.638672e-02 1.068811e+02 3.952790e+03
4.699707e-02 1.079524e+02 3.889383e+03
4.760742e-02 1.090040e+02 3.827219e+03
4.821777e-02 1.100337e+02 3.766186e+03
4.882812e-02 1.110393e+02 3.706183e+03
4.943848e-02 1.120187e+02 3.647124e+03
5.004883e-02 1.129700e+02 3.588934e+03
5.065918e-02 1.138915e+02 3.531550e+03
5.126953e-02 1.147817e+02 3.474915e+03
5.187988e-02 1.156391e+02 3.418983e+03
5.249023e-02 1.164625e+02 3.363715e+03
5.310059e-02 1.172507e+02 3.309078e+03
5.371094e-02 1.180028e+02 3.255046e+03
5.432129e-02 1.187180e+02 3.201596e+03
5.493164e-02 1.193955e+02 3.148712e+03
5.554199e-02 1.200348e+02 3.096380e+03
5.615234e-02 1.206353e+02 3.044591e+03
5.676270e-02 1.211969e+02 2.993337e+03
5.737305e-02 1.217192e+02 2.942616e+03
5.798340e-02 1.222022e+02 2.892424e+03
5.859375e-02 1.226459e+02 2.842762e+03
5.920410e-02 1.230503e+02 2.793632e+03
5.981445e-02 1.234157e+02 2.745037e+03
6.042480e-02 1.237422e+02 2.696979e+03
6.103516e-02 1.240304e+02 2.649464e+03
6.134033e-02 1.241602e+02 2.625912e+03
6.164551e-02 1.242805e+02 2.602498e+03
6.195068e-02 1.243915e+02 2.579222e+03
6.225586e-02 1.244933e+02 2.556086e+03
6.256104e-02 1.245857e+02 2.533090e+03
6.286621e-02 1.246691e+02 2.510235e+03
6.317139e-02 1.247434e+02 2.487521e+03
6.347656e-02 1.248087e+02 2.464950e+03
6.378174e-02 1.248651e+02 2.442522e+03
6.408691e-02 1.249127e+02 2.420238e+03
6.423950e-02 1.249333e+02 2.409150e+03
6.439209e-02 1.249517e+02 2.398099e+03
6.454468e-02 1.249679e+02 2.387084e+03
6.469727e-02 1.249820e+02 2.376106e+03
6.484985e-02 1.249940e+02 2.365164e+03
6.500244e-02 1.250039e+02 2.354259e+03
6.515503e-02 1.250116e+02 2.343391e+03
6.530762e-02 1.250173e+02 2.332559e+03
6.546021e-02 1.250210e+02 2.321765e+03
6.561279e-02 1.250225e+02 2.311008e+03
6.576538e-02 1.250221e+02 2.300288e+03
6.591797e-02 1.250196e+02 2.289605e+03
6.607056e-02 1.250151e+02 2.278959e+03
6.622314e-02 1.250086e+02 2.268351e+03
6.637573e-02 1.250001e+02 2.257781e+03
6.652832e-02 1.249896e+02 2.247248e+03
6.668091e-02 1.249772e+02 2.236752e+03
6.683350e-02 1.249629e+02 2.226295e+03
6.698608e-02 1.249466e+02 2.215875e+03
6.713867e-02 1.249284e+02 2.205494e+03
6.774902e-02 1.248369e+02 2.164348e+03
6.835938e-02 1.247162e+02 2.123815e+03
6.896973e-02 1.245672e+02 2.083899e+03
6.958008e-02 1.243910e+02 2.044604e+03
7.019043e-02 1.241887e+02 2.005933e+03
7.080078e-02 1.239614e+02 1.967889e+03
7.141113e-02 1.237102e+02 1.930473e+03
7.202148e-02 1.234362e+02 1.893688e+03
7.263184e-02 1.231405e+02 1.857535e+03
7.324219e-02 1.228242e+02 1.822014e+03
7.385254e-02 1.224886e+02 1.787125e+03
7.446289e-02 1.221346e+02 1.752868e+03
7.507324e-02 1.217635e+02 1.719242e+03
7.568359e-02 1.213764e+02 1.686246e+03
7.629395e-02 1.209743e+02 1.653877e+03
7.690430e-02 1.205585e+02 1.622134e+03
7.751465e-02 1.201299e+02 1.591013e+03
7.812500e-02 1.196897e+02 1.560511e+03
7.873535e-02 1.192389e+02 1.530624e+03
7.934570e-02 1.187786e+02 1.501349e+03
7.995605e-02 1.183099e+02 1.472680e+03
8.056641e-02 1.178337e+02 1.444614e+03
8.117676e-02 1.173511e+02 1.417144e+03
8.178711e-02 1.168630e+02 1.390265e+03
8.239746e-02 1.163705e+02 1.363971e+03
8.300781e-02 1.158744e+02 1.338257e+03
8.361816e-02 1.153756e+02 1.313115e+03
8.422852e-02 1.148751e+02 1.288540e+03
8.483887e-02 1.143737e+02 1.264523e+03
8.544922e-02 1.138723e+02 1.241058e+03
8.666992e-02 1.128725e+02 1.195753e+03
8.789062e-02 1.118821e+02 1.152565e+03
8.911133e-02 1.109067e+02 1.111430e+03
9.033203e-02 1.099517e+02 1.072281e+03
9.155273e-02 1.090221e+02 1.035052e+03
9.277344e-02 1.081223e+02 9.996729e+02
9.399414e-02 1.072562e+02 9.660757e+02
9.521484e-02 1.064277e+02 9.341903e+02
9.643555e-02 1.056397e+02 9.039473e+02
9.765625e-02 1.048952e+02 8.752772e+02
9.826660e-02 1.045399e+02 8.615104e+02
9.887695e-02 1.041964e+02 8.481111e+02
9.948730e-02 1.038648e+02 8.350707e+02
1.000977e-01 1.035454e+02 8.223809e+02
1.007080e-01 1.032383e+02 8.100333e+02
1.013184e-01 1.029437e+02 7.980197e+02
1.019287e-01 1.026618e+02 7.863318e+02
1.025391e-01 1.023926e+02 7.749615e+02
1.031494e-01 1.021364e+02 7.639008e+02
1.037598e-01 1.018931e+02 7.531418e+02
1.043701e-01 1.016628e+02 7.426767e+02
1.049805e-01 1.014456e+02 7.324977e+02
1.055908e-01 1.012415e+02 7.225973e+02
1.062012e-01 1.010505e+02 7.129678e+02
1.068115e-01 1.008726e+02 7.036019e+02
1.074219e-01 1.007077e+02 6.944924e+02
1.080322e-01 1.005559e+02 6.856320e+02
1.086426e-01 1.004170e+02 6.770137e+02
1.092529e-01 1.002911e+02 6.686305e+02
1.098633e-01 1.001779e+02 6.604757e+02
1.110840e-01 9.998946e+01 6.448244e+02
1.123047e-01 9.985079e+01 6.300077e+02
1.135254e-01 9.976068e+01 6.159756e+02
1.147461e-01 9.971775e+01 6.026800e+02
1.159668e-01 9.972046e+01 5.900748e+02
1.171875e-01 9.976711e+01 5.781159e+02
1.184082e-01 9.985588e+01 5.667613e+02
1.196289e-01 9.998483e+01 5.559708e+02
1.208496e-01 1.001519e+02 5.457062e+02
1.220703e-01 1.003550e+02 5.359312e+02
1.226807e-01 1.004694e+02 5.312164e+02
1.232910e-01 1.005919e+02 5.266113e+02
1.239014e-01 1.007223e+02 5.221118e+02
1.245117e-01 1.008603e+02 5.177140e+02
1.251221e-01 1.010056e+02 5.134140e+02
1.257324e-01 1.011579e+02 5.092083e+02
1.263428e-01 1.013169e+02 5.050931e+02
1.269531e-01 1.014824e+02 5.010650e+02
1.275635e-01 1.016540e+02 4.971206e+02
1.281738e-01 1.018314e+02 4.932567e+02
1.283264e-01 1.018766e+02 4.923029e+02
1.284790e-01 1.019222e+02 4.913539e+02
1.286316e-01 1.019681e+02 4.904096e+02
1.287842e-01 1.020143e+02 4.894700e+02
1.289368e-01 1.020608e+02 4.885350e+02
1.290894e-01 1.021077e+02 4.876046e+02
1.292419e-01 1.021549e+02 4.866788e+02
1.293945e-01 1.022024e+02 4.857575e+02
1.295471e-01 1.022502e+02 4.848406e+02
1.296997e-01 1.022984e+02 4.839281e+02
1.297379e-01 1.023104e+02 4.837006e+02
1.297760e-01 1.023225e+02 4.834734e+02
1.298141e-01 1.023346e+02 4.832465e+02
1.298523e-01 1.023468e+02 4.830199e+02
1.298904e-01 1.023589e+02 4.827935e+02
1.299286e-01 1.023711e+02 4.825675e+02
1.299667e-01 1.023833e+02 4.823416e+02
1.300049e-01 1.023955e+02 4.821161e+02
1.300430e-01 1.024077e+02 4.818908e+02
1.300812e-01 1.024199e+02 4.816658e+02
1.301193e-01 1.024322e+02 4.814410e+02
1.301575e-01 1.024445e+02 4.812165e+02
1.301956e-01 1.024568e+02 4.809923e+02
1.302338e-01 1.024691e+02 4.807683e+02
1.302719e-01 1.024814e+02 4.805446e+02
1.303101e-01 1.024938e+02 4.803212e+02
1.303482e-01 1.025061e+02 4.800980e+02
1.303864e-01 1.025185e+02 4.798751e+02
1.304245e-01 1.025309e+02 4.796524e+02
1.304626e-01 1.025433e+02 4.794300e+02
1.305389e-01 1.025682e+02 4.789860e+02
1.306152e-01 1.025932e+02 4.785430e+02
1.306915e-01 1.026182e+02 4.781011e+02
1.307678e-01 1.026433e+02 4.776601e+02
1.308441e-01 1.026685e+02 4.772202e+02
1.309204e-01 1.026937e+02 4.767813e+02
1.309967e-01 1.027190e+02 4.763433e+02
1.310730e-01 1.027443e+02 4.759064e+02
1.311493e-01 1.027698e+02 4.754705e+02
1.312256e-01 1.027952e+02 4.750355e+02
1.315308e-01 1.028978e+02 4.733055e+02
1.318359e-01 1.030013e+02 4.715908e+02
1.321411e-01 1.031058e+02 4.698912e+02
1.324463e-01 1.032112e+02 4.682062e+02
1.327515e-01 1.033174e+02 4.665357e+02
1.330566e-01 1.034244e+02 4.648793e+02
1.333618e-01 1.035323e+02 4.632367e+02
1.336670e-01 1.036409e+02 4.616075e+02
1.339722e-01 1.037502e+02 4.599916e+02
1.342773e-01 1.038602e+02 4.583885e+02
1.354980e-01 1.043062e+02 4.520999e+02
1.367188e-01 1.047604e+02 4.459960e+02
1.379395e-01 1.052203e+02 4.400608e+02
1.391602e-01 1.056839e+02 4.342792e+02
1.403809e-01 1.061490e+02 4.286375e+02
1.416016e-01 1.066135e+02 4.231227e+02
1.428223e-01 1.070755e+02 4.177231e+02
1.440430e-01 1.075331e+02 4.124279e+02
1.452637e-01 1.079843e+02 4.072270e+02
1.464844e-01 1.084273e+02 4.021113e+02
1.477051e-01 1.088606e+02 3.970726e+02
1.489258e-01 1.092823e+02 3.921032e+02
1.501465e-01 1.096911e+02 3.871964e+02
1.513672e-01 1.100854e+02 3.823459e+02
1.525879e-01 1.104638e+02 3.775462e+02
1.538086e-01 1.108251e+02 3.727923e+02
1.550293e-01 1.111679e+02 3.680798e+02
1.562500e-01 1.114912e+02 3.634049e+02
1.574707e-01 1.117940e+02 3.587640e+02
1.586914e-01 1.120751e+02 3.541543e+02
1.593018e-01 1.122073e+02 3.518603e+02
1.599121e-01 1.123338e+02 3.495731e+02
1.605225e-01 1.124545e+02 3.472925e+02
1.611328e-01 1.125693e+02 3.450182e+02
1.617432e-01 1.126780e+02 3.427501e+02
1.623535e-01 1.127807e+02 3.404879e+02
1.629639e-01 1.128772e+02 3.382314e+02
1.635742e-01 1.129675e+02 3.359805e+02
1.641846e-01 1.130515e+02 3.337350e+02
1.647949e-01 1.131291e+02 3.314949e+02
1.654053e-01 1.132003e+02 3.292600e+02
1.660156e-01 1.132650e+02 3.270301e+02
1.666260e-01 1.133231e+02 3.248053e+02
1.672363e-01 1.133746e+02 3.225855e+02
1.678467e-01 1.134196e+02 3.203706e+02
1.684570e-01 1.134578e+02 3.181605e+02
1.690674e-01 1.134894e+02 3.159553e+02
1.696777e-01 1.135142e+02 3.137550e+02
1.702881e-01 1.135323e+02 3.115595e+02
1.708984e-01 1.135436e+02 3.093688e+02
1.721191e-01 1.135458e+02 3.050020e+02
1.733398e-01 1.135207e+02 3.006549e+02
1.745605e-01 1.134683e+02 2.963278e+02
1.757812e-01 1.133886e+02 2.920213e+02
1.770020e-01 1.132818e+02 2.877360e+02
1.782227e-01 1.131479e+02 2.834725e+02
1.794434e-01 1.129872e+02 2.792316e+02
1.806641e-01 1.127998e+02 2.750141e+02
1.818848e-01 1.125861e+02 2.708210e+02
1.831055e-01 1.123464e+02 2.666532e+02
1.843262e-01 1.120811e+02 2.625116e+02
1.855469e-01 1.117906e+02 2.583973e+02
1.867676e-01 1.114753e+02 2.543113e+02
1.879883e-01 1.111357e+02 2.502545e+02
1.892090e-01 1.107723e+02 2.462282e+02
1.904297e-01 1.103857e+02 2.422332e+02
1.916504e-01 1.099765e+02 2.382706e+02
1.928711e-01 1.095452e+02 2.343415e+02
1.940918e-01 1.090925e+02 2.304468e+02
1.953125e-01 1.086190e+02 2.265875e+02
1.965332e-01 1.081255e+02 2.227647e+02
1.977539e-01 1.076125e+02 2.189791e+02
1.989746e-01 1.070808e+02 2.152318e+02
2.001953e-01 1.065311e+02 2.115236e+02
2.014160e-01 1.059642e+02 2.078554e+02
2.026367e-01 1.053807e+02 2.042279e+02
2.038574e-01 1.047815e+02 2.006418e+02
2.050781e-01 1.041672e+02 1.970981e+02
2.062988e-01 1.035386e+02 1.935972e+02
2.075195e-01 1.028966e+02 1.901399e+02
2.087402e-01 1.022418e+02 1.867267e+02
2.099609e-01 1.015751e+02 1.833582e+02
2.111816e-01 1.008972e+02 1.800350e+02
2.124023e-01 1.002088e+02 1.767574e+02
2.136230e-01 9.951085e+01 1.735259e+02
2.148438e-01 9.880395e+01 1.703409e+02
2.160645e-01 9.808892e+01 1.672028e+02
2.172852e-01 9.736651e+01 1.641117e+02
2.185059e-01 9.663744e+01 1.610680e+02
2.197266e-01 9.590248e+01 1.580720e+02
2.221680e-01 9.441773e+01 1.522232e+02
2.246094e-01 9.291796e+01 1.465663e+02
2.270508e-01 9.140872e+01 1.411015e+02
2.294922e-01 8.989532e+01 1.358287e+02
2.319336e-01 8.838290e+01 1.307468e+02
2.343750e-01 8.687634e+01 1.258546e+02
2.368164e-01 8.538028e+01 1.211502e+02
2.392578e-01 8.389914e+01 1.166314e+02
2.416992e-01 8.243703e+01 1.122954e+02
2.441406e-01 8.099784e+01 1.081393e+02
2.453613e-01 8.028796e+01 1.061276e+02
2.465820e-01 7.958515e+01 1.041596e+02
2.478027e-01 7.888979e+01 1.022348e+02
2.490234e-01 7.820229e+01 1.003527e+02
2.502441e-01 7.752302e+01 9.851287e+01
2.514648e-01 7.685233e+01 9.671473e+01
2.526855e-01 7.619056e+01 9.495777e+01
2.539062e-01 7.553805e+01 9.324147e+01
2.551270e-01 7.489508e+01 9.156526e+01
2.563477e-01 7.426197e+01 8.992861e+01
2.566528e-01 7.410526e+01 8.952556e+01
2.569580e-01 7.394919e+01 8.912493e+01
2.572632e-01 7.379375e+01 8.872673e+01
2.575684e-01 7.363897e+01 8.833093e+01
2.578735e-01 7.348483e+01 8.793754e+01
2.581787e-01 7.333135e+01 8.754653e+01
2.584839e-01 7.317852e+01 8.715791e+01
2.587891e-01 7.302635e+01 8.677166e+01
2.590942e-01 7.287485e+01 8.638777e+01
2.593994e-01 7.272401e+01 8.600624e+01
2.594757e-01 7.268641e+01 8.591123e+01
2.595520e-01 7.264884e+01 8.581636e+01
2.596283e-01 7.261132e+01 8.572163e+01
2.597046e-01 7.257384e+01 8.562706e+01
2.597809e-01 7.253641e+01 8.553263e+01
2.598572e-01 7.249901e+01 8.543834e+01
2.599335e-01 7.246166e+01 8.534420e+01
2.600098e-01 7.242435e+01 8.525021e+01
2.600861e-01 7.238709e+01 8.515636e+01
2.601624e-01 7.234986e+01 8.506266e+01
2.602386e-01 7.231268e+01 8.496910e+01
2.603149e-01 7.227554e+01 8.487569e+01
2.603912e-01 7.223844e+01 8.478242e+01
2.604675e-01 7.220139e+01 8.468930e+01
2.605438e-01 7.216438e+01 8.459632e+01
2.606201e-01 7.212741e+01 8.450348e+01
2.606964e-01 7.209049e+01 8.441080e+01
2.607727e-01 7.205361e+01 8.431825e+01
2.608490e-01 7.201677e+01 8.422585e+01
2.609253e-01 7.197997e+01 8.413359e+01
2.610779e-01 7.190651e+01 8.394951e+01
2.612305e-01 7.183322e+01 8.376600e+01
2.613831e-01 7.176010e+01 8.358306e+01
2.615356e-01 7.168715e+01 8.340070e+01
2.616882e-01 7.161438e+01 8.321890e+01
2.618408e-01 7.154178e+01 8.303767e+01
2.619934e-01 7.146936e+01 8.285702e+01
2.621460e-01 7.139711e+01 8.267692e+01
2.622986e-01 7.132503e+01 8.249740e+01
2.624512e-01 7.125314e+01 8.231843e+01
2.630615e-01 7.096730e+01 8.160820e+01
2.636719e-01 7.068431e+01 8.090690e+01
2.642822e-01 7.040417e+01 8.021445e+01
2.648926e-01 7.012692e+01 7.953079e+01
2.655029e-01 6.985256e+01 7.885583e+01
2.661133e-01 6.958112e+01 7.818951e+01
2.667236e-01 6.931262e+01 7.753173e+01
2.673340e-01 6.904708e+01 7.688244e+01
2.679443e-01 6.878451e+01 7.624154e+01
2.685547e-01 6.852493e+01 7.560896e+01
2.697754e-01 6.801480e+01 7.436848e+01
2.709961e-01 6.751679e+01 7.316037e+01
2.722168e-01 6.703101e+01 7.198401e+01
2.734375e-01 6.655753e+01 7.083880e+01
2.746582e-01 6.609643e+01 6.972411e+01
2.758789e-01 6.564776e+01 6.863933e+01
2.770996e-01 6.521157e+01 6.758386e+01
2.783203e-01 6.478790e+01 6.655707e+01
2.795410e-01 6.437676e+01 6.555838e+01
2.807617e-01 6.397817e+01 6.458716e+01
2.819824e-01 6.359213e+01 6.364282e+01
2.832031e-01 6.321862e+01 6.272477e+01
2.844238e-01 6.285764e+01 6.183242e+01
2.856445e-01 6.250913e+01 6.096517e+01
2.868652e-01 6.217307e+01 6.012244e+01
2.880859e-01 6.184941e+01 5.930367e+01
2.893066e-01 6.153808e+01 5.850827e+01
2.905273e-01 6.123902e+01 5.773569e+01
2.917480e-01 6.095215e+01 5.698536e+01
2.929688e-01 6.067739e+01 5.625673e+01
2.941895e-01 6.041465e+01 5.554925e+01
2.954102e-01 6.016382e+01 5.486239e+01
2.966309e-01 5.992481e+01 5.419561e+01
2.978516e-01 5.969749e+01 5.354839e+01
2.990723e-01 5.948175e+01 5.292021e+01
3.002930e-01 5.927746e+01 5.231056e+01
3.015137e-01 5.908448e+01 5.171893e+01
3.027344e-01 5.890269e+01 5.114484e+01
3.039551e-01 5.873194e+01 5.058779e+01
3.051758e-01 5.857208e+01 5.004730e+01
3.063965e-01 5.842295e+01 4.952290e+01
3.076172e-01 5.828440e+01 4.901413e+01
3.088379e-01 5.815627e+01 4.852053e+01
3.100586e-01 5.803839e+01 4.804165e+01
3.112793e-01 5.793059e+01 4.757706e+01
3.125000e-01 5.783269e+01 4.712632e+01
3.137207e-01 5.774453e+01 4.668900e+01
3.149414e-01 5.766591e+01 4.626470e+01
3.161621e-01 5.759667e+01 4.585301e+01
3.173828e-01 5.753660e+01 4.545352e+01
3.186035e-01 5.748553e+01 4.506585e+01
3.198242e-01 5.744326e+01 4.468961e+01
3.210449e-01 5.740961e+01 4.432443e+01
3.222656e-01 5.738438e+01 4.396994e+01
3.234863e-01 5.736737e+01 4.362578e+01
3.247070e-01 5.735838e+01 4.329160e+01
3.259277e-01 5.735723e+01 4.296706e+01
3.271484e-01 5.736371e+01 4.265183e+01
3.283691e-01 5.737762e+01 4.234557e+01
3.295898e-01 5.739876e+01 4.204797e+01
3.308105e-01 5.742694e+01 4.175871e+01
3.320312e-01 5.746195e+01 4.147750e+01
3.332520e-01 5.750358e+01 4.120402e+01
3.344727e-01 5.755165e+01 4.093800e+01
3.356934e-01 5.760594e+01 4.067916e+01
3.369141e-01 5.766627e+01 4.042720e+01
3.381348e-01 5.773242e+01 4.018188e+01
3.393555e-01 5.780421e+01 3.994293e+01
3.405762e-01 5.788142e+01 3.971009e+01
3.417969e-01 5.796388e+01 3.948311e+01
3.442383e-01 5.814370e+01 3.904581e+01
3.466797e-01 5.834211e+01 3.862918e+01
3.491211e-01 5.855759e+01 3.823148e+01
3.515625e-01 5.878862e+01 3.785108e+01
3.540039e-01 5.903370e+01 3.748643e+01
3.564453e-01 5.929140e+01 3.713608e+01
3.588867e-01 5.956028e+01 3.679867e+01
3.613281e-01 5.983896e+01 3.647293e+01
3.637695e-01 6.012608e+01 3.615766e+01
3.662109e-01 6.042033e+01 3.585177e+01
3.686523e-01 6.072044e+01 3.555421e+01
3.710938e-01 6.102517e+01 3.526402e+01
3.735352e-01 6.133332e+01 3.498031e+01
3.759766e-01 6.164376e+01 3.470225e+01
3.784180e-01 6.195536e+01 3.442909e+01
3.808594e-01 6.226707e+01 3.416011e+01
3.833008e-01 6.257786e+01 3.389467e+01
3.857422e-01 6.288676e+01 3.363218e+01
3.881836e-01 6.319283e+01 3.337210e+01
3.906250e-01 6.349518e+01 3.311394e+01
3.930664e-01 6.379298e+01 3.285725e+01
3.955078e-01 6.408543e+01 3.260163e+01
3.979492e-01 6.437176e+01 3.234672e+01
4.003906e-01 6.465127e+01 3.209219e+01
4.028320e-01 6.492327e+01 3.183776e+01
4.052734e-01 6.518715e+01 3.158318e+01
4.077148e-01 6.544231e+01 3.132822e+01
4.101562e-01 6.568821e+01 3.107269e+01
4.125977e-01 6.592433e+01 3.081643e+01
4.150391e-01 6.615020e+01 3.055930e+01
4.174805e-01 6.636539e+01 3.030117e+01
4.199219e-01 6.656951e+01 3.004198e+01
4.223633e-01 6.676219e+01 2.978162e+01
4.248047e-01 6.694310e+01 2.952007e+01
4.272461e-01 6.711196e+01 2.925728e+01
4.296875e-01 6.726851e+01 2.899322e+01
4.321289e-01 6.741251e+01 2.872791e+01
4.345703e-01 6.754377e+01 2.846134e+01
4.370117e-01 6.766212e+01 2.819354e+01
4.394531e-01 6.776742e+01 2.792454e+01
4.418945e-01 6.785955e+01 2.765438e+01
4.443359e-01 6.793843e+01 2.738311e+01
4.467773e-01 6.800401e+01 2.711080e+01
4.492188e-01 6.805623e+01 2.683751e+01
4.516602e-01 6.809508e+01 2.656332e+01
4.541016e-01 6.812058e+01 2.628830e+01
4.565430e-01 6.813275e+01 2.601254e+01
4.589844e-01 6.813164e+01 2.573613e+01
4.614258e-01 6.811731e+01 2.545915e+01
4.638672e-01 6.808985e+01 2.518171e+01
4.663086e-01 6.804935e+01 2.490390e+01
4.687500e-01 6.799595e+01 2.462581e+01
4.711914e-01 6.792976e+01 2.434756e+01
4.736328e-01 6.785093e+01 2.406924e+01
4.760742e-01 6.775962e+01 2.379095e+01
4.785156e-01 6.765601e+01 2.351280e+01
4.809570e-01 6.754027e+01 2.323488e+01
4.833984e-01 6.741260e+01 2.295730e+01
4.858398e-01 6.727321e+01 2.268015e+01
4.882812e-01 6.712229e+01 2.240355e+01
4.907227e-01 6.696007e+01 2.212758e+01
4.931641e-01 6.678679e+01 2.185233e+01
4.956055e-01 6.660267e+01 2.157792e+01
4.980469e-01 6.640795e+01 2.130442e+01
5.004883e-01 6.620288e+01 2.103193e+01
5.029297e-01 6.598772e+01 2.076054e+01
5.053711e-01 6.576271e+01 2.049034e+01
5.078125e-01 6.552813e+01 2.022140e+01
5.102539e-01 6.528422e+01 1.995380e+01
5.126953e-01 6.503126e+01 1.968764e+01
5.133057e-01 6.496664e+01 1.962133e+01
5.139160e-01 6.490147e+01 1.955511e+01
5.145264e-01 6.483576e+01 1.948900e+01
5.151367e-01 6.476952e+01 1.942298e+01
5.157471e-01 6.470274e+01 1.935705e+01
5.163574e-01 6.463543e+01 1.929123e+01
5.169678e-01 6.456760e+01 1.922551e+01
5.175781e-01 6.449926e+01 1.915989e+01
5.181885e-01 6.443039e+01 1.909437e+01
5.187988e-01 6.436102e+01 1.902896e+01
5.194092e-01 6.429114e+01 1.896365e+01
5.200195e-01 6.422075e+01 1.889845e+01
5.206299e-01 6.414987e+01 1.883336e+01
5.212402e-01 6.407850e+01 1.876837e+01
5.218506e-01 6.400663e+01 1.870349e+01
5.224609e-01 6.393428e+01 1.863873e+01
5.230713e-01 6.386145e+01 1.857407e+01
5.236816e-01 6.378814e+01 1.850953e+01
5.242920e-01 6.371435e+01 1.844510e+01
5.249023e-01 6.364010e+01 1.838078e+01
5.261230e-01 6.349021e+01 1.825250e+01
5.273438e-01 6.333850e+01 1.812468e+01
5.285645e-01 6.318499e+01 1.799733e+01
5.297852e-01 6.302973e+01 1.787047e+01
5.310059e-01 6.287275e+01 1.774410e+01
5.322266e-01 6.271408e+01 1.761822e+01
5.334473e-01 6.255375e+01 1.749285e+01
5.346680e-01 6.239181e+01 1.736798e+01
5.358887e-01 6.222828e+01 1.724363e+01
5.371094e-01 6.206319e+01 1.711980e+01
5.419922e-01 6.138799e+01 1.662982e+01
5.468750e-01 6.069058e+01 1.614862e+01
5.517578e-01 5.997305e+01 1.567651e+01
5.566406e-01 5.923742e+01 1.521376e+01
5.615234e-01 5.848569e+01 1.476060e+01
5.664062e-01 5.771976e+01 1.431722e+01
5.712891e-01 5.694151e+01 1.388377e+01
5.761719e-01 5.615274e+01 1.346037e+01
5.810547e-01 5.535518e+01 1.304711e+01
5.859375e-01 5.455050e+01 1.264405e+01
5.908203e-01 5.374028e+01 1.225122e+01
5.957031e-01 5.292605e+01 1.186861e+01
6.005859e-01 5.210926e+01 1.149621e+01
6.054688e-01 5.129127e+01 1.113397e+01
6.103516e-01 5.047339e+01 1.078183e+01
6.152344e-01 4.965685e+01 1.043970e+01
6.201172e-01 4.884281e+01 1.010749e+01
6.250000e-01 4.803234e+01 9.785068e+00
6.298828e-01 4.722647e+01 9.472314e+00
6.347656e-01 4.642613e+01 9.169082e+00
6.359863e-01 4.622702e+01 9.094744e+00
6.372070e-01 4.602832e+01 9.020989e+00
6.384277e-01 4.583005e+01 8.947814e+00
6.396484e-01 4.563222e+01 8.875218e+00
6.408691e-01 4.543484e+01 8.803197e+00
6.420898e-01 4.523793e+01 8.731749e+00
6.433105e-01 4.504149e+01 8.660870e+00
6.445312e-01 4.484554e+01 8.590560e+00
6.457520e-01 4.465009e+01 8.520813e+00
6.469727e-01 4.445516e+01 8.451629e+00
6.481934e-01 4.426074e+01 8.383003e+00
6.494141e-01 4.406686e+01 8.314934e+00
6.506348e-01 4.387352e+01 8.247419e+00
6.518555e-01 4.368073e+01 8.180453e+00
6.530762e-01 4.348850e+01 8.114036e+00
6.542969e-01 4.329685e+01 8.048163e+00
6.555176e-01 4.310578e+01 7.982832e+00
6.567383e-01 4.291530e+01 7.918040e+00
6.579590e-01 4.272543e+01 7.853783e+00
6.591797e-01 4.253616e+01 7.790060e+00
6.616211e-01 4.215949e+01 7.664199e+00
6.640625e-01 4.178536e+01 7.540434e+00
6.665039e-01 4.141383e+01 7.418740e+00
6.689453e-01 4.104497e+01 7.299092e+00
6.713867e-01 4.067883e+01 7.181465e+00
6.738281e-01 4.031546e+01 7.065835e+00
6.762695e-01 3.995492e+01 6.952176e+00
6.787109e-01 3.959725e+01 6.840463e+00
6.811523e-01 3.924250e+01 6.730670e+00
6.835938e-01 3.889071e+01 6.622773e+00
6.860352e-01 3.854192e+01 6.516745e+00
6.884766e-01 3.819617e+01 6.412563e+00
6.909180e-01 3.785348e+01 6.310199e+00
6.933594e-01 3.751390e+01 6.209628e+00
6.958008e-01 3.717745e+01 6.110826e+00
6.982422e-01 3.684416e+01 6.013767e+00
7.006836e-01 3.651404e+01 5.918425e+00
7.031250e-01 3.618713e+01 5.824775e+00
7.055664e-01 3.586344e+01 5.732793e+00
7.080078e-01 3.554299e+01 5.642453e+00
7.104492e-01 3.522579e+01 5.553730e+00
7.128906e-01 3.491186e+01 5.466600e+00
7.153320e-01 3.460121e+01 5.381038e+00
7.177734e-01 3.429384e+01 5.297019e+00
7.202148e-01 3.398977e+01 5.214519e+00
7.226562e-01 3.368900e+01 5.133514e+00
7.250977e-01 3.339153e+01 5.053980e+00
7.275391e-01 3.309737e+01 4.975893e+00
7.299805e-01 3.280652e+01 4.899230e+00
7.324219e-01 3.251897e+01 4.823967e+00
7.373047e-01 3.195377e+01 4.677548e+00
7.421875e-01 3.140175e+01 4.536455e+00
7.470703e-01 3.086282e+01 4.400508e+00
7.519531e-01 3.033693e+01 4.269532e+00
7.568359e-01 2.982396e+01 4.143353e+00
7.617188e-01 2.932380e+01 4.021806e+00
7.666016e-01 2.883631e+01 3.904725e+00
7.714844e-01 2.836136e+01 3.791952e+00
7.763672e-01 2.789877e+01 3.683331e+00
7.812500e-01 2.744837e+01 3.578711e+00
7.861328e-01 2.700998e+01 3.477943e+00
7.910156e-01 2.658340e+01 3.380887e+00
7.958984e-01 2.616845e+01 3.287402e+00
8.007812e-01 2.576489e+01 3.197354e+00
8.056641e-01 2.537253e+01 3.110612e+00
8.105469e-01 2.499113e+01 3.027051e+00
8.154297e-01 2.462047e+01 2.946547e+00
8.203125e-01 2.426031e+01 2.868982e+00
8.251953e-01 2.391043e+01 2.794242e+00
8.300781e-01 2.357059e+01 2.722216e+00
8.349609e-01 2.324054e+01 2.652797e+00
8.398438e-01 2.292005e+01 2.585882e+00
8.447266e-01 2.260887e+01 2.521371e+00
8.496094e-01 2.230677e+01 2.459168e+00
8.544922e-01 2.201350e+01 2.399181e+00
8.593750e-01 2.172882e+01 2.341320e+00
8.642578e-01 2.145249e+01 2.285500e+00
8.691406e-01 2.118427e+01 2.231637e+00
8.740234e-01 2.092394e+01 2.179653e+00
8.789062e-01 2.067124e+01 2.129470e+00
8.837891e-01 2.042596e+01 2.081015e+00
8.886719e-01 2.018785e+01 2.034218e+00
8.935547e-01 1.995671e+01 1.989009e+00
8.984375e-01 1.973229e+01 1.945324e+00
9.033203e-01 1.951439e+01 1.903100e+00
9.082031e-01 1.930278e+01 1.862276e+00
9.130859e-01 1.909726e+01 1.822796e+00
9.179688e-01 1.889762e+01 1.784602e+00
9.228516e-01 1.870365e+01 1.747643e+00
9.277344e-01 1.851515e+01 1.711867e+00
9.326172e-01 1.833193e+01 1.677225e+00
9.375000e-01 1.815379e+01 1.643671e+00
9.423828e-01 1.798054e+01 1.611158e+00
9.472656e-01 1.781202e+01 1.579646e+00
9.521484e-01 1.764802e+01 1.549091e+00
9.570312e-01 1.748839e+01 1.519455e+00
9.619141e-01 1.733295e+01 1.490700e+00
9.667969e-01 1.718154e+01 1.462789e+00
9.716797e-01 1.703400e+01 1.435689e+00
9.765625e-01 1.689016e+01 1.409366e+00
9.814453e-01 1.674989e+01 1.383789e+00
9.863281e-01 1.661302e+01 1.358926e+00
9.912109e-01 1.647943e+01 1.334750e+00
9.960938e-01 1.634896e+01 1.311233e+00
1.000977e+00 1.622149e+01 1.288348e+00
1.005859e+00 1.609689e+01 1.266069e+00
1.010742e+00 1.597502e+01 1.244374e+00
1.015625e+00 1.585578e+01 1.223238e+00
1.020508e+00 1.573903e+01 1.202639e+00
1.025391e+00 1.562467e+01 1.182558e+00
1.026611e+00 1.559644e+01 1.177615e+00
1.027832e+00 1.556835e+01 1.172704e+00
1.029053e+00 1.554040e+01 1.167823e+00
1.030273e+00 1.551259e+01 1.162972e+00
1.031494e+00 1.548491e+01 1.158151e+00
1.032715e+00 1.545737e+01 1.153360e+00
1.033936e+00 1.542995e+01 1.148597e+00
1.035156e+00 1.540267e+01 1.143864e+00
1.036377e+00 1.537552e+01 1.139160e+00
1.037598e+00 1.534850e+01 1.134483e+00
1.038818e+00 1.532160e+01 1.129835e+00
1.040039e+00 1.529483e+01 1.125215e+00
1.041260e+00 1.526818e+01 1.120622e+00
1.042480e+00 1.524165e+01 1.116057e+00
1.043701e+00 1.521525e+01 1.111519e+00
1.044922e+00 1.518896e+01 1.107007e+00
1.046143e+00 1.516279e+01 1.102522e+00
1.047363e+00 1.513673e+01 1.098064e+00
1.048584e+00 1.511079e+01 1.093631e+00
1.049805e+00 1.508496e+01 1.089224e+00
1.052246e+00 1.503364e+01 1.080487e+00
1.054688e+00 1.498275e+01 1.071850e+00
1.057129e+00 1.493228e+01 1.063311e+00
1.059570e+00 1.488223e+01 1.054869e+00
1.062012e+00 1.483259e+01 1.046522e+00
1.064453e+00 1.478333e+01 1.038268e+00
1.066895e+00 1.473446e+01 1.030105e+00
1.069336e+00 1.468596e+01 1.022031e+00
1.071777e+00 1.463783e+01 1.014046e+00
1.074219e+00 1.459005e+01 1.006147e+00
1.083984e+00 1.440229e+01 9.753840e-01
1.093750e+00 1.421949e+01 9.458845e-01
1.103516e+00 1.404115e+01 9.175626e-01
1.113281e+00 1.386678e+01 8.903402e-01
1.123047e+00 1.369597e+01 8.641460e-01
1.132812e+00 1.352833e+01 8.389153e-01
1.142578e+00 1.336350e+01 8.145889e-01
1.152344e+00 1.320117e+01 7.911130e-01
1.162109e+00 1.304106e+01 7.684384e-01
1.171875e+00 1.288291e+01 7.465204e-01
1.181641e+00 1.272650e+01 7.253180e-01
1.191406e+00 1.257163e+01 7.047938e-01
1.201172e+00 1.241812e+01 6.849136e-01
1.210938e+00 1.226582e+01 6.656461e-01
1.220703e+00 1.211460e+01 6.469624e-01
1.230469e+00 1.196433e+01 6.288362e-01
1.240234e+00 1.181494e+01 6.112432e-01
1.250000e+00 1.166632e+01 5.941610e-01
1.259766e+00 1.151843e+01 5.775689e-01
1.269531e+00 1.137119e+01 5.614479e-01
1.271973e+00 1.133448e+01 5.574891e-01
1.274414e+00 1.129781e+01 5.535584e-01
1.276855e+00 1.126118e+01 5.496555e-01
1.279297e+00 1.122458e+01 5.457801e-01
1.281738e+00 1.118803e+01 5.419321e-01
1.284180e+00 1.115150e+01 5.381111e-01
1.286621e+00 1.111502e+01 5.343169e-01
1.289062e+00 1.107857e+01 5.305493e-01
1.291504e+00 1.104215e+01 5.268081e-01
1.293945e+00 1.100577e+01 5.230929e-01
1.296387e+00 1.096943e+01 5.194037e-01
1.298828e+00 1.093312e+01 5.157401e-01
1.301270e+00 1.089685e+01 5.121019e-01
1.303711e+00 1.086061e+01 5.084890e-01
1.306152e+00 1.082440e+01 5.049012e-01
1.308594e+00 1.078823e+01 5.013381e-01
1.311035e+00 1.075210e+01 4.977997e-01
1.313477e+00 1.071600e+01 4.942857e-01
1.315918e+00 1.067993e+01 4.907958e-01
1.318359e+00 1.064390e+01 4.873301e-01
1.323242e+00 1.057194e+01 4.804698e-01
1.328125e+00 1.050012e+01 4.737034e-01
1.333008e+00 1.042844e+01 4.670293e-01
1.337891e+00 1.035691e+01 4.604463e-01
1.342773e+00 1.028552e+01 4.539528e-01
1.347656e+00 1.021427e+01 4.475476e-01
1.352539e+00 1.014318e+01 4.412295e-01
1.357422e+00 1.007223e+01 4.349970e-01
1.362305e+00 1.000145e+01 4.288490e-01
1.367188e+00 9.930815e+00 4.227843e-01
1.386719e+00 9.649941e+00 3.993356e-01
1.406250e+00 9.371889e+00 3.771310e-01
1.425781e+00 9.096926e+00 3.561058e-01
1.445312e+00 8.825341e+00 3.362003e-01
1.464844e+00 8.557430e+00 3.173590e-01
1.484375e+00 8.293485e+00 2.995297e-01
1.503906e+00 8.033795e+00 2.826632e-01
1.523438e+00 7.778631e+00 2.667129e-01
1.542969e+00 7.528249e+00 2.516343e-01
1.562500e+00 7.282884e+00 2.373851e-01
1.582031e+00 7.042754e+00 2.239250e-01
1.601562e+00 6.808047e+00 2.112151e-01
1.621094e+00 6.578928e+00 1.992182e-01
1.640625e+00 6.355539e+00 1.878988e-01
1.660156e+00 6.137997e+00 1.772225e-01
1.679688e+00 5.926393e+00 1.671566e-01
1.699219e+00 5.720796e+00 1.576696e-01
1.718750e+00 5.521253e+00 1.487313e-01
1.738281e+00 5.327790e+00 1.403128e-01
1.757812e+00 5.140412e+00 1.323863e-01
1.777344e+00 4.959106e+00 1.249254e-01
1.796875e+00 4.783842e+00 1.179047e-01
1.816406e+00 4.614574e+00 1.113002e-01
1.835938e+00 4.451241e+00 1.050886e-01
1.855469e+00 4.293769e+00 9.924795e-02
1.875000e+00 4.142073e+00 9.375736e-02
1.894531e+00 3.996057e+00 8.859685e-02
1.914062e+00 3.855615e+00 8.374745e-02
1.933594e+00 3.720635e+00 7.919116e-02
1.953125e+00 3.590995e+00 7.491086e-02
1.962891e+00 3.528138e+00 7.286912e-02
1.972656e+00 3.466569e+00 7.089036e-02
1.982422e+00 3.406271e+00 6.897268e-02
1.992188e+00 3.347226e+00 6.711426e-02
2.001953e+00 3.289419e+00 6.531328e-02
2.011719e+00 3.232831e+00 6.356802e-02
2.021484e+00 3.177446e+00 6.187676e-02
2.031250e+00 3.123245e+00 6.023785e-02
2.041016e+00 3.070212e+00 5.864970e-02
2.050781e+00 3.018328e+00 5.711074e-02
2.060547e+00 2.967575e+00 5.561946e-02
2.070312e+00 2.917935e+00 5.417438e-02
2.080078e+00 2.869391e+00 5.277406e-02
2.089844e+00 2.821924e+00 5.141713e-02
2.099609e+00 2.775516e+00 5.010222e-02
2.109375e+00 2.730150e+00 4.882802e-02
2.119141e+00 2.685808e+00 4.759326e-02
2.128906e+00 2.642470e+00 4.639671e-02
2.138672e+00 2.600120e+00 4.523715e-02
2.148438e+00 2.558740e+00 4.411343e-02
2.167969e+00 2.478817e+00 4.196899e-02
2.187500e+00 2.402560e+00 3.995474e-02
2.207031e+00 2.329831e+00 3.806252e-02
2.226562e+00 2.260491e+00 3.628467e-02
2.246094e+00 2.194407e+00 3.461399e-02
2.265625e+00 2.131447e+00 3.304369e-02
2.285156e+00 2.071480e+00 3.156742e-02
2.304688e+00 2.014381e+00 3.017919e-02
2.324219e+00 1.960025e+00 2.887339e-02
2.343750e+00 1.908294e+00 2.764477e-02
2.363281e+00 1.859070e+00 2.648836e-02
2.382812e+00 1.812240e+00 2.539956e-02
2.402344e+00 1.767694e+00 2.437401e-02
2.421875e+00 1.725325e+00 2.340764e-02
2.441406e+00 1.685030e+00 2.249665e-02
2.460938e+00 1.646710e+00 2.163746e-02
2.480469e+00 1.610269e+00 2.082673e-02
2.500000e+00 1.575613e+00 2.006133e-02
2.519531e+00 1.542654e+00 1.933834e-02
2.539062e+00 1.511306e+00 1.865502e-02
2.558594e+00 1.481486e+00 1.800881e-02
2.578125e+00 1.453114e+00 1.739730e-02
2.597656e+00 1.426115e+00 1.681827e-02
2.617188e+00 1.400415e+00 1.626962e-02
2.636719e+00 1.375945e+00 1.574939e-02
2.656250e+00 1.352638e+00 1.525575e-02
2.675781e+00 1.330428e+00 1.478701e-02
2.695312e+00 1.309256e+00 1.434156e-02
2.714844e+00 1.289062e+00 1.391791e-02
2.734375e+00 1.269790e+00 1.351469e-02
2.773438e+00 1.233804e+00 1.276438e-02
2.812500e+00 1.200900e+00 1.208125e-02
2.851562e+00 1.170719e+00 1.145716e-02
2.890625e+00 1.142934e+00 1.088498e-02
2.929688e+00 1.117252e+00 1.035854e-02
2.968750e+00 1.093410e+00 9.872476e-03
3.007812e+00 1.071172e+00 9.422103e-03
3.046875e+00 1.050326e+00 9.003367e-03
3.085938e+00 1.030684e+00 8.612739e-03
3.125000e+00 1.012078e+00 8.247155e-03
3.203125e+00 9.774014e-01 7.580805e-03
3.281250e+00 9.453096e-01 6.986916e-03
3.359375e+00 9.150459e-01 6.452322e-03
3.437500e+00 8.860409e-01 5.967034e-03
3.515625e+00 8.578761e-01 5.523440e-03
3.593750e+00 8.302536e-01 5.115701e-03
3.671875e+00 8.029706e-01 4.739298e-03
3.750000e+00 7.758990e-01 4.390690e-03
3.828125e+00 7.489678e-01 4.067064e-03
3.906250e+00 7.221492e-01 3.766145e-03
3.925781e+00 7.154621e-01 3.694236e-03
3.945312e+00 7.087826e-01 3.623601e-03
3.964844e+00 7.021109e-01 3.554215e-03
3.984375e+00 6.954476e-01 3.486054e-03
4.003906e+00 6.887933e-01 3.419096e-03
4.023438e+00 6.821484e-01 3.353316e-03
4.042969e+00 6.755137e-01 3.288695e-03
4.062500e+00 6.688899e-01 3.225210e-03
4.082031e+00 6.622776e-01 3.162843e-03
4.101562e+00 6.556778e-01 3.101572e-03
4.121094e+00 6.490910e-01 3.041381e-03
4.140625e+00 6.425183e-01 2.982249e-03
4.160156e+00 6.359605e-01 2.924159e-03
4.179688e+00 6.294184e-01 2.867094e-03
4.199219e+00 6.228930e-01 2.811037e-03
4.218750e+00 6.163851e-01 2.755971e-03
4.238281e+00 6.098956e-01 2.701880e-03
4.257812e+00 6.034256e-01 2.648749e-03
4.277344e+00 5.969759e-01 2.596561e-03
4.296875e+00 5.905474e-01 2.545303e-03
4.335938e+00 5.777579e-01 2.445513e-03
4.375000e+00 5.650645e-01 2.349265e-03
4.414062e+00 5.524745e-01 2.256449e-03
4.453125e+00 5.399950e-01 2.166956e-03
4.492188e+00 5.276329e-01 2.080685e-03
4.531250e+00 5.153948e-01 1.997534e-03
4.570312e+00 5.032870e-01 1.917406e-03
4.609375e+00 4.913157e-01 1.840207e-03
4.648438e+00 4.794864e-01 1.765844e-03
4.687500e+00 4.678046e-01 1.694229e-03
4.765625e+00 4.449030e-01 1.558891e-03
4.843750e+00 4.226468e-01 1.433522e-03
4.921875e+00 4.010657e-01 1.317481e-03
5.000000e+00 3.801841e-01 1.210163e-03
5.078125e+00 3.600205e-01 1.110991e-03
5.156250e+00 3.405883e-01 1.019417e-03
5.234375e+00 3.218961e-01 9.349236e-04
5.312500e+00 3.039475e-01 8.570199e-04
5.390625e+00 2.867426e-01 7.852429e-04
5.468750e+00 2.702771e-01 7.191561e-04
5.546875e+00 2.545437e-01 6.583484e-04
5.625000e+00 2.395322e-01 6.024334e-04
5.703125e+00 2.252297e-01 5.510488e-04
5.781250e+00 2.116211e-01 5.038551e-04
5.859375e+00 1.986895e-01 4.605349e-04
5.937500e+00 1.864164e-01 4.207915e-04
6.015625e+00 1.747819e-01 3.843485e-04
6.093750e+00 1.637654e-01 3.509483e-04
6.171875e+00 1.533454e-01 3.203514e-04
6.250000e+00 1.434998e-01 2.923354e-04
6.406250e+00 1.254420e-01 2.432346e-04
6.562500e+00 1.094118e-01 2.021695e-04
6.718750e+00 9.523068e-02 1.678766e-04
6.875000e+00 8.272541e-02 1.392784e-04
7.031250e+00 7.173058e-02 1.154594e-04
7.187500e+00 6.209025e-02 9.564403e-05
7.343750e+00 5.365907e-02 7.917672e-05
7.500000e+00 4.630279e-02 6.550505e-05
7.656250e+00 3.989848e-02 5.416445e-05
7.812500e+00 3.433439e-02 4.476509e-05
7.890625e+00 3.183546e-02 4.068914e-05
7.968750e+00 2.950953e-02 3.698044e-05
8.046875e+00 2.734558e-02 3.360645e-05
8.125000e+00 2.533317e-02 3.053746e-05
8.203125e+00 2.346245e-02 2.774628e-05
8.281250e+00 2.172412e-02 2.520813e-05
8.359375e+00 2.010944e-02 2.290037e-05
8.437500e+00 1.861016e-02 2.080237e-05
8.515625e+00 1.721855e-02 1.889529e-05
8.593750e+00 1.592730e-02 1.716196e-05
8.671875e+00 1.472958e-02 1.558671e-05
8.750000e+00 1.361897e-02 1.415528e-05
8.828125e+00 1.258946e-02 1.285465e-05
8.906250e+00 1.163540e-02 1.167298e-05
8.984375e+00 1.075154e-02 1.059949e-05
9.062500e+00 9.932926e-03 9.624348e-06
9.140625e+00 9.174958e-03 8.738612e-06
9.218750e+00 8.473325e-03 7.934141e-06
9.296875e+00 7.824005e-03 7.203528e-06
9.375000e+00 7.223244e-03 6.540032e-06
9.687500e+00 5.239287e-03 4.442618e-06
1.000000e+01 3.791770e-03 3.017395e-06
1.031250e+01 2.738871e-03 2.049433e-06
1.062500e+01 1.975043e-03 1.392223e-06
1.093750e+01 1.422198e-03 9.460499e-07
1.125000e+01 1.022857e-03 6.431319e-07
1.156250e+01 7.348945e-04 4.374331e-07
1.187500e+01 5.275517e-04 2.977062e-07
1.218750e+01 3.784450e-04 2.027513e-07
1.250000e+01 2.713303e-04 1.381874e-07
1.281250e+01 1.944495e-04 9.426040e-08
1.312500e+01 1.393079e-04 6.435277e-08
1.343750e+01 9.978263e-05 4.397523e-08
1.375000e+01 7.146360e-05 3.007943e-08
1.406250e+01 5.118003e-05 2.059518e-08
1.437500e+01 3.665497e-05 1.411586e-08
1.468750e+01 2.625500e-05 9.685152e-09
1.500000e+01 1.880929e-05 6.652424e-09
1.531250e+01 1.347861e-05 4.574492e-09
1.562500e+01 9.661678e-06 3.149217e-09
1.593750e+01 6.928091e-06 2.170518e-09
1.625000e+01 4.969766e-06 1.497681e-09
1.656250e+01 3.566621e-06 1.034654e-09
1.687500e+01 2.560963e-06 7.156585e-10
1.718750e+01 1.839817e-06 4.956093e-10
1.750000e+01 1.322397e-06 3.436180e-10
1.781250e+01 9.510297e-07 2.385253e-10
1.812500e+01 6.844566e-07 1.657983e-10
1.843750e+01 4.929509e-07 1.153957e-10
1.875000e+01 3.552711e-07 8.041693e-11
1.937500e+01 1.849631e-07 3.920954e-11
2.000000e+01 9.661180e-08 1.922031e-11
2.062500e+01 5.061747e-08 9.468967e-12
2.125000e+01 2.660274e-08 4.688119e-12
2.187500e+01 1.405952e-08 2.338108e-12
2.250000e+01 7.484656e-09 1.176514e-12
2.312500e+01 4.008564e-09 5.965069e-13
2.375000e+01 2.177568e-09 3.072096e-13
2.437500e+01 1.207804e-09 1.617698e-13
2.500000e+01 6.856605e-10 8.730101e-14
2.750000e+01 1.364196e-10 1.435495e-14
3.000000e+01 1.084350e-10 9.587757e-15
3.250000e+01 1.039838e-10 7.834098e-15
3.500000e+01 1.038940e-10 6.749076e-15
3.750000e+01 1.186072e-10 6.711796e-15
4.000000e+01 1.216158e-10 6.048672e-15
4.250000e+01 9.765495e-11 4.302358e-15
4.500000e+01 6.090258e-11 2.393320e-15
4.750000e+01 2.130276e-11 7.513439e-16
5.000000e+01 0.000000e+00 0.000000e+00
