# 
# Output from RAtom program.
# 
# Total radial electron density.
# The first column contains radius $r$ in bohr units.
# The second column holds $\rho(r)$.
# The third column holds $\tilde{\rho}(r) = \rho(r) / (\pi * r * r)$
# 
# Use this file with gnuplot to create the plot.
# 
# R     Rho     RhoTilde
#
0.000000e+00 0.000000e+00 2.896292e+05
1.525879e-04 8.284853e-02 2.831619e+05
3.051758e-04 3.239945e-01 2.768392e+05
4.577637e-04 7.127109e-01 2.706580e+05
6.103516e-04 1.238753e+00 2.646151e+05
7.629395e-04 1.892340e+00 2.587075e+05
9.155273e-04 2.664138e+00 2.529322e+05
1.068115e-03 3.545244e+00 2.472863e+05
1.220703e-03 4.527171e+00 2.417670e+05
1.373291e-03 5.601829e+00 2.363713e+05
1.525879e-03 6.761511e+00 2.310967e+05
1.678467e-03 7.998883e+00 2.259404e+05
1.831055e-03 9.306963e+00 2.208999e+05
1.983643e-03 1.067911e+01 2.159725e+05
2.136230e-03 1.210902e+01 2.111558e+05
2.288818e-03 1.359070e+01 2.064473e+05
2.441406e-03 1.511845e+01 2.018447e+05
2.593994e-03 1.668688e+01 1.973455e+05
2.746582e-03 1.829087e+01 1.929476e+05
2.899170e-03 1.992557e+01 1.886486e+05
3.051758e-03 2.158639e+01 1.844464e+05
3.356934e-03 2.496928e+01 1.763237e+05
3.662109e-03 2.840761e+01 1.685630e+05
3.967285e-03 3.187298e+01 1.611484e+05
4.272461e-03 3.534022e+01 1.540647e+05
4.577637e-03 3.878713e+01 1.472974e+05
4.882812e-03 4.219425e+01 1.408326e+05
5.187988e-03 4.554461e+01 1.346571e+05
5.493164e-03 4.882352e+01 1.287580e+05
5.798340e-03 5.201840e+01 1.231232e+05
6.103516e-03 5.511857e+01 1.177411e+05
6.256104e-03 5.663029e+01 1.151413e+05
6.408691e-03 5.811510e+01 1.126005e+05
6.561279e-03 5.957214e+01 1.101175e+05
6.713867e-03 6.100063e+01 1.076909e+05
6.866455e-03 6.239986e+01 1.053195e+05
7.019043e-03 6.376923e+01 1.030020e+05
7.171631e-03 6.510820e+01 1.007372e+05
7.324219e-03 6.641629e+01 9.852403e+04
7.476807e-03 6.769313e+01 9.636125e+04
7.629395e-03 6.893837e+01 9.424775e+04
7.781982e-03 7.015175e+01 9.218243e+04
7.934570e-03 7.133307e+01 9.016421e+04
8.087158e-03 7.248217e+01 8.819205e+04
8.239746e-03 7.359896e+01 8.626490e+04
8.392334e-03 7.468339e+01 8.438177e+04
8.544922e-03 7.573546e+01 8.254166e+04
8.697510e-03 7.675522e+01 8.074362e+04
8.850098e-03 7.774276e+01 7.898670e+04
9.002686e-03 7.869820e+01 7.726997e+04
9.155273e-03 7.962170e+01 7.559254e+04
9.307861e-03 8.051348e+01 7.395353e+04
9.460449e-03 8.137375e+01 7.235207e+04
9.613037e-03 8.220279e+01 7.078732e+04
9.765625e-03 8.300089e+01 6.925845e+04
9.918213e-03 8.376836e+01 6.776467e+04
1.007080e-02 8.450556e+01 6.630517e+04
1.022339e-02 8.521284e+01 6.487919e+04
1.037598e-02 8.589061e+01 6.348598e+04
1.052856e-02 8.653926e+01 6.212480e+04
1.068115e-02 8.715922e+01 6.079492e+04
1.083374e-02 8.775095e+01 5.949564e+04
1.098633e-02 8.831490e+01 5.822627e+04
1.113892e-02 8.885155e+01 5.698614e+04
1.129150e-02 8.936137e+01 5.577459e+04
1.144409e-02 8.984488e+01 5.459097e+04
1.159668e-02 9.030258e+01 5.343465e+04
1.174927e-02 9.073499e+01 5.230501e+04
1.190186e-02 9.114263e+01 5.120146e+04
1.205444e-02 9.152604e+01 5.012340e+04
1.220703e-02 9.188576e+01 4.907025e+04
1.235962e-02 9.222234e+01 4.804145e+04
1.251221e-02 9.253633e+01 4.703645e+04
1.266479e-02 9.282827e+01 4.605471e+04
1.281738e-02 9.309872e+01 4.509570e+04
1.296997e-02 9.334825e+01 4.415891e+04
1.312256e-02 9.357742e+01 4.324383e+04
1.327515e-02 9.378677e+01 4.234997e+04
1.342773e-02 9.397689e+01 4.147684e+04
1.358032e-02 9.414831e+01 4.062398e+04
1.373291e-02 9.430161e+01 3.979093e+04
1.388550e-02 9.443733e+01 3.897722e+04
1.403809e-02 9.455604e+01 3.818243e+04
1.419067e-02 9.465828e+01 3.740612e+04
1.434326e-02 9.474460e+01 3.664787e+04
1.449585e-02 9.481556e+01 3.590727e+04
1.464844e-02 9.487168e+01 3.518391e+04
1.480103e-02 9.491350e+01 3.447740e+04
1.495361e-02 9.494157e+01 3.378736e+04
1.510620e-02 9.495639e+01 3.311340e+04
1.525879e-02 9.495850e+01 3.245517e+04
1.556396e-02 9.492663e+01 3.118442e+04
1.586914e-02 9.484999e+01 2.997234e+04
1.617432e-02 9.473254e+01 2.881625e+04
1.647949e-02 9.457811e+01 2.771361e+04
1.678467e-02 9.439041e+01 2.666199e+04
1.708984e-02 9.417305e+01 2.565905e+04
1.739502e-02 9.392950e+01 2.470258e+04
1.770020e-02 9.366312e+01 2.379045e+04
1.800537e-02 9.337711e+01 2.292062e+04
1.831055e-02 9.307457e+01 2.209116e+04
1.892090e-02 9.243160e+01 2.054599e+04
1.953125e-02 9.175628e+01 1.914105e+04
2.014160e-02 9.106860e+01 1.786367e+04
2.075195e-02 9.038649e+01 1.670228e+04
2.136230e-02 8.972587e+01 1.564630e+04
2.197266e-02 8.910074e+01 1.468609e+04
2.258301e-02 8.852326e+01 1.381287e+04
2.319336e-02 8.800383e+01 1.301860e+04
2.380371e-02 8.755120e+01 1.229597e+04
2.441406e-02 8.717259e+01 1.163831e+04
2.471924e-02 8.701289e+01 1.133192e+04
2.502441e-02 8.687374e+01 1.103954e+04
2.532959e-02 8.675567e+01 1.076048e+04
2.563477e-02 8.665910e+01 1.049411e+04
2.593994e-02 8.658441e+01 1.023981e+04
2.624512e-02 8.653187e+01 9.996988e+03
2.655029e-02 8.650172e+01 9.765089e+03
2.685547e-02 8.649411e+01 9.543577e+03
2.716064e-02 8.650915e+01 9.331942e+03
2.746582e-02 8.654688e+01 9.129698e+03
2.777100e-02 8.660728e+01 8.936380e+03
2.807617e-02 8.669030e+01 8.751547e+03
2.838135e-02 8.679581e+01 8.574778e+03
2.868652e-02 8.692365e+01 8.405669e+03
2.899170e-02 8.707363e+01 8.243838e+03
2.929688e-02 8.724549e+01 8.088920e+03
2.960205e-02 8.743895e+01 7.940567e+03
2.990723e-02 8.765370e+01 7.798447e+03
3.021240e-02 8.788937e+01 7.662244e+03
3.051758e-02 8.814558e+01 7.531658e+03
3.067017e-02 8.828127e+01 7.468381e+03
3.082275e-02 8.842193e+01 7.406401e+03
3.097534e-02 8.856751e+01 7.345686e+03
3.112793e-02 8.871796e+01 7.286202e+03
3.128052e-02 8.887321e+01 7.227917e+03
3.143311e-02 8.903321e+01 7.170800e+03
3.158569e-02 8.919790e+01 7.114820e+03
3.173828e-02 8.936720e+01 7.059948e+03
3.189087e-02 8.954106e+01 7.006154e+03
3.204346e-02 8.971941e+01 6.953410e+03
3.211975e-02 8.981025e+01 6.927423e+03
3.219604e-02 8.990219e+01 6.901689e+03
3.227234e-02 8.999522e+01 6.876203e+03
3.234863e-02 9.008933e+01 6.850963e+03
3.242493e-02 9.018451e+01 6.825965e+03
3.250122e-02 9.028075e+01 6.801206e+03
3.257751e-02 9.037805e+01 6.776683e+03
3.265381e-02 9.047639e+01 6.752393e+03
3.273010e-02 9.057577e+01 6.728333e+03
3.280640e-02 9.067618e+01 6.704499e+03
3.288269e-02 9.077761e+01 6.680888e+03
3.295898e-02 9.088005e+01 6.657498e+03
3.303528e-02 9.098349e+01 6.634326e+03
3.311157e-02 9.108792e+01 6.611368e+03
3.318787e-02 9.119333e+01 6.588622e+03
3.326416e-02 9.129972e+01 6.566085e+03
3.334045e-02 9.140708e+01 6.543754e+03
3.341675e-02 9.151539e+01 6.521626e+03
3.349304e-02 9.162464e+01 6.499699e+03
3.356934e-02 9.173483e+01 6.477970e+03
3.387451e-02 9.218478e+01 6.392979e+03
3.417969e-02 9.264895e+01 6.310946e+03
3.448486e-02 9.312675e+01 6.231715e+03
3.479004e-02 9.361755e+01 6.155135e+03
3.509521e-02 9.412073e+01 6.081064e+03
3.540039e-02 9.463566e+01 6.009368e+03
3.570557e-02 9.516170e+01 5.939919e+03
3.601074e-02 9.569824e+01 5.872594e+03
3.631592e-02 9.624464e+01 5.807278e+03
3.662109e-02 9.680027e+01 5.743863e+03
3.723145e-02 9.793669e+01 5.622323e+03
3.784180e-02 9.910252e+01 5.507206e+03
3.845215e-02 1.002928e+02 5.397825e+03
3.906250e-02 1.015028e+02 5.293563e+03
3.967285e-02 1.027277e+02 5.193866e+03
4.028320e-02 1.039629e+02 5.098243e+03
4.089355e-02 1.052040e+02 5.006251e+03
4.150391e-02 1.064467e+02 4.917499e+03
4.211426e-02 1.076868e+02 4.831639e+03
4.272461e-02 1.089205e+02 4.748361e+03
4.333496e-02 1.101440e+02 4.667392e+03
4.394531e-02 1.113537e+02 4.588491e+03
4.455566e-02 1.125463e+02 4.511444e+03
4.516602e-02 1.137186e+02 4.436067e+03
4.577637e-02 1.148677e+02 4.362197e+03
4.638672e-02 1.159907e+02 4.289690e+03
4.699707e-02 1.170852e+02 4.218426e+03
4.760742e-02 1.181487e+02 4.148297e+03
4.821777e-02 1.191792e+02 4.079213e+03
4.882812e-02 1.201747e+02 4.011096e+03
4.943848e-02 1.211334e+02 3.943881e+03
5.004883e-02 1.220537e+02 3.877514e+03
5.065918e-02 1.229343e+02 3.811948e+03
5.126953e-02 1.237740e+02 3.747147e+03
5.187988e-02 1.245716e+02 3.683081e+03
5.249023e-02 1.253264e+02 3.619726e+03
5.310059e-02 1.260376e+02 3.557064e+03
5.371094e-02 1.267047e+02 3.495082e+03
5.432129e-02 1.273272e+02 3.433771e+03
5.493164e-02 1.279050e+02 3.373125e+03
5.554199e-02 1.284378e+02 3.313143e+03
5.615234e-02 1.289258e+02 3.253824e+03
5.676270e-02 1.293689e+02 3.195171e+03
5.737305e-02 1.297675e+02 3.137187e+03
5.798340e-02 1.301220e+02 3.079878e+03
5.859375e-02 1.304327e+02 3.023250e+03
5.920410e-02 1.307003e+02 2.967311e+03
5.981445e-02 1.309254e+02 2.912069e+03
6.042480e-02 1.311086e+02 2.857530e+03
6.103516e-02 1.312509e+02 2.803705e+03
6.134033e-02 1.313070e+02 2.777063e+03
6.164551e-02 1.313531e+02 2.750601e+03
6.195068e-02 1.313895e+02 2.724322e+03
6.225586e-02 1.314162e+02 2.698227e+03
6.256104e-02 1.314333e+02 2.672316e+03
6.286621e-02 1.314411e+02 2.646590e+03
6.317139e-02 1.314396e+02 2.621051e+03
6.347656e-02 1.314289e+02 2.595699e+03
6.378174e-02 1.314093e+02 2.570534e+03
6.408691e-02 1.313808e+02 2.545559e+03
6.423950e-02 1.313633e+02 2.533143e+03
6.439209e-02 1.313436e+02 2.520774e+03
6.454468e-02 1.313218e+02 2.508453e+03
6.469727e-02 1.312978e+02 2.496180e+03
6.484985e-02 1.312718e+02 2.483954e+03
6.500244e-02 1.312437e+02 2.471776e+03
6.515503e-02 1.312135e+02 2.459647e+03
6.530762e-02 1.311813e+02 2.447565e+03
6.546021e-02 1.311470e+02 2.435532e+03
6.561279e-02 1.311108e+02 2.423547e+03
6.576538e-02 1.310725e+02 2.411610e+03
6.591797e-02 1.310323e+02 2.399722e+03
6.607056e-02 1.309902e+02 2.387882e+03
6.622314e-02 1.309461e+02 2.376091e+03
6.637573e-02 1.309001e+02 2.364349e+03
6.652832e-02 1.308523e+02 2.352655e+03
6.668091e-02 1.308025e+02 2.341010e+03
6.683350e-02 1.307510e+02 2.329414e+03
6.698608e-02 1.306976e+02 2.317867e+03
6.713867e-02 1.306424e+02 2.306368e+03
6.774902e-02 1.304039e+02 2.260865e+03
6.835938e-02 1.301383e+02 2.216150e+03
6.896973e-02 1.298468e+02 2.172223e+03
6.958008e-02 1.295308e+02 2.129087e+03
7.019043e-02 1.291916e+02 2.086741e+03
7.080078e-02 1.288306e+02 2.045187e+03
7.141113e-02 1.284492e+02 2.004424e+03
7.202148e-02 1.280486e+02 1.964449e+03
7.263184e-02 1.276303e+02 1.925262e+03
7.324219e-02 1.271955e+02 1.886858e+03
7.385254e-02 1.267456e+02 1.849236e+03
7.446289e-02 1.262820e+02 1.812390e+03
7.507324e-02 1.258058e+02 1.776316e+03
7.568359e-02 1.253183e+02 1.741010e+03
7.629395e-02 1.248209e+02 1.706464e+03
7.690430e-02 1.243147e+02 1.672674e+03
7.751465e-02 1.238009e+02 1.639633e+03
7.812500e-02 1.232808e+02 1.607332e+03
7.873535e-02 1.227555e+02 1.575765e+03
7.934570e-02 1.222261e+02 1.544924e+03
7.995605e-02 1.216936e+02 1.514800e+03
8.056641e-02 1.211593e+02 1.485384e+03
8.117676e-02 1.206241e+02 1.456668e+03
8.178711e-02 1.200889e+02 1.428642e+03
8.239746e-02 1.195549e+02 1.401296e+03
8.300781e-02 1.190229e+02 1.374620e+03
8.361816e-02 1.184938e+02 1.348605e+03
8.422852e-02 1.179686e+02 1.323239e+03
8.483887e-02 1.174480e+02 1.298512e+03
8.544922e-02 1.169328e+02 1.274413e+03
8.605957e-02 1.164239e+02 1.250932e+03
8.666992e-02 1.159219e+02 1.228057e+03
8.728027e-02 1.154275e+02 1.205778e+03
8.789062e-02 1.149415e+02 1.184083e+03
8.850098e-02 1.144645e+02 1.162960e+03
8.911133e-02 1.139970e+02 1.142398e+03
8.972168e-02 1.135396e+02 1.122387e+03
9.033203e-02 1.130928e+02 1.102914e+03
9.094238e-02 1.126572e+02 1.083968e+03
9.155273e-02 1.122332e+02 1.065538e+03
9.216309e-02 1.118212e+02 1.047612e+03
9.277344e-02 1.114217e+02 1.030178e+03
9.338379e-02 1.110349e+02 1.013227e+03
9.399414e-02 1.106613e+02 9.967454e+02
9.460449e-02 1.103011e+02 9.807231e+02
9.521484e-02 1.099546e+02 9.651488e+02
9.582520e-02 1.096221e+02 9.500114e+02
9.643555e-02 1.093038e+02 9.353000e+02
9.704590e-02 1.089998e+02 9.210037e+02
9.765625e-02 1.087103e+02 9.071120e+02
9.826660e-02 1.084355e+02 8.936139e+02
9.887695e-02 1.081755e+02 8.804993e+02
9.948730e-02 1.079304e+02 8.677576e+02
1.000977e-01 1.077001e+02 8.553786e+02
1.007080e-01 1.074848e+02 8.433524e+02
1.013184e-01 1.072844e+02 8.316689e+02
1.019287e-01 1.070990e+02 8.203185e+02
1.025391e-01 1.069285e+02 8.092914e+02
1.031494e-01 1.067729e+02 7.985783e+02
1.037598e-01 1.066320e+02 7.881697e+02
1.043701e-01 1.065058e+02 7.780567e+02
1.049805e-01 1.063943e+02 7.682301e+02
1.055908e-01 1.062971e+02 7.586813e+02
1.062012e-01 1.062143e+02 7.494015e+02
1.068115e-01 1.061456e+02 7.403824e+02
1.074219e-01 1.060909e+02 7.316156e+02
1.080322e-01 1.060500e+02 7.230929e+02
1.086426e-01 1.060226e+02 7.148065e+02
1.092529e-01 1.060086e+02 7.067486e+02
1.098633e-01 1.060076e+02 6.989115e+02
1.104736e-01 1.060196e+02 6.912879e+02
1.110840e-01 1.060441e+02 6.838705e+02
1.116943e-01 1.060810e+02 6.766521e+02
1.123047e-01 1.061299e+02 6.696259e+02
1.129150e-01 1.061906e+02 6.627852e+02
1.135254e-01 1.062628e+02 6.561233e+02
1.141357e-01 1.063462e+02 6.496338e+02
1.147461e-01 1.064404e+02 6.433106e+02
1.153564e-01 1.065451e+02 6.371474e+02
1.159668e-01 1.066601e+02 6.311385e+02
1.165771e-01 1.067849e+02 6.252779e+02
1.171875e-01 1.069193e+02 6.195603e+02
1.177979e-01 1.070629e+02 6.139800e+02
1.184082e-01 1.072153e+02 6.085318e+02
1.190186e-01 1.073762e+02 6.032106e+02
1.196289e-01 1.075453e+02 5.980113e+02
1.202393e-01 1.077222e+02 5.929292e+02
1.208496e-01 1.079066e+02 5.879596e+02
1.214600e-01 1.080980e+02 5.830979e+02
1.220703e-01 1.082961e+02 5.783397e+02
1.226807e-01 1.085006e+02 5.736807e+02
1.232910e-01 1.087112e+02 5.691168e+02
1.239014e-01 1.089273e+02 5.646440e+02
1.245117e-01 1.091487e+02 5.602584e+02
1.251221e-01 1.093751e+02 5.559563e+02
1.257324e-01 1.096060e+02 5.517341e+02
1.263428e-01 1.098411e+02 5.475883e+02
1.269531e-01 1.100800e+02 5.435154e+02
1.275635e-01 1.103225e+02 5.395124e+02
1.281738e-01 1.105680e+02 5.355759e+02
1.283264e-01 1.106299e+02 5.346019e+02
1.284790e-01 1.106919e+02 5.336317e+02
1.286316e-01 1.107541e+02 5.326655e+02
1.287842e-01 1.108164e+02 5.317031e+02
1.289368e-01 1.108789e+02 5.307445e+02
1.290894e-01 1.109415e+02 5.297896e+02
1.292419e-01 1.110043e+02 5.288384e+02
1.293945e-01 1.110672e+02 5.278909e+02
1.295471e-01 1.111303e+02 5.269470e+02
1.296997e-01 1.111934e+02 5.260067e+02
1.297379e-01 1.112092e+02 5.257722e+02
1.297760e-01 1.112251e+02 5.255379e+02
1.298141e-01 1.112409e+02 5.253038e+02
1.298523e-01 1.112567e+02 5.250699e+02
1.298904e-01 1.112726e+02 5.248363e+02
1.299286e-01 1.112884e+02 5.246028e+02
1.299667e-01 1.113043e+02 5.243696e+02
1.300049e-01 1.113201e+02 5.241366e+02
1.300430e-01 1.113360e+02 5.239038e+02
1.300812e-01 1.113519e+02 5.236712e+02
1.301193e-01 1.113678e+02 5.234389e+02
1.301575e-01 1.113836e+02 5.232068e+02
1.301956e-01 1.113995e+02 5.229748e+02
1.302338e-01 1.114154e+02 5.227431e+02
1.302719e-01 1.114313e+02 5.225116e+02
1.303101e-01 1.114473e+02 5.222803e+02
1.303482e-01 1.114632e+02 5.220493e+02
1.303864e-01 1.114791e+02 5.218184e+02
1.304245e-01 1.114951e+02 5.215877e+02
1.304626e-01 1.115110e+02 5.213573e+02
1.305389e-01 1.115429e+02 5.208970e+02
1.306152e-01 1.115748e+02 5.204376e+02
1.306915e-01 1.116068e+02 5.199790e+02
1.307678e-01 1.116387e+02 5.195211e+02
1.308441e-01 1.116707e+02 5.190642e+02
1.309204e-01 1.117027e+02 5.186080e+02
1.309967e-01 1.117348e+02 5.181526e+02
1.310730e-01 1.117668e+02 5.176980e+02
1.311493e-01 1.117989e+02 5.172442e+02
1.312256e-01 1.118309e+02 5.167912e+02
1.315308e-01 1.119595e+02 5.149870e+02
1.318359e-01 1.120882e+02 5.131949e+02
1.321411e-01 1.122171e+02 5.114149e+02
1.324463e-01 1.123462e+02 5.096464e+02
1.327515e-01 1.124754e+02 5.078893e+02
1.330566e-01 1.126047e+02 5.061433e+02
1.333618e-01 1.127340e+02 5.044081e+02
1.336670e-01 1.128633e+02 5.026834e+02
1.339722e-01 1.129926e+02 5.009690e+02
1.342773e-01 1.131218e+02 4.992646e+02
1.354980e-01 1.136369e+02 4.925423e+02
1.367188e-01 1.141478e+02 4.859612e+02
1.379395e-01 1.146521e+02 4.795074e+02
1.391602e-01 1.151477e+02 4.731681e+02
1.403809e-01 1.156323e+02 4.669318e+02
1.416016e-01 1.161040e+02 4.607882e+02
1.428223e-01 1.165609e+02 4.547276e+02
1.440430e-01 1.170012e+02 4.487418e+02
1.452637e-01 1.174232e+02 4.428230e+02
1.464844e-01 1.178253e+02 4.369645e+02
1.477051e-01 1.182060e+02 4.311604e+02
1.489258e-01 1.185639e+02 4.254053e+02
1.501465e-01 1.188978e+02 4.196948e+02
1.513672e-01 1.192064e+02 4.140248e+02
1.525879e-01 1.194888e+02 4.083920e+02
1.538086e-01 1.197439e+02 4.027935e+02
1.550293e-01 1.199710e+02 3.972269e+02
1.562500e-01 1.201691e+02 3.916904e+02
1.574707e-01 1.203378e+02 3.861825e+02
1.586914e-01 1.204763e+02 3.807019e+02
1.599121e-01 1.205844e+02 3.752480e+02
1.611328e-01 1.206614e+02 3.698202e+02
1.623535e-01 1.207073e+02 3.644183e+02
1.635742e-01 1.207217e+02 3.590424e+02
1.647949e-01 1.207046e+02 3.536927e+02
1.660156e-01 1.206558e+02 3.483697e+02
1.672363e-01 1.205755e+02 3.430741e+02
1.684570e-01 1.204637e+02 3.378065e+02
1.696777e-01 1.203206e+02 3.325680e+02
1.708984e-01 1.201465e+02 3.273595e+02
1.721191e-01 1.199416e+02 3.221822e+02
1.733398e-01 1.197063e+02 3.170372e+02
1.745605e-01 1.194410e+02 3.119259e+02
1.757812e-01 1.191463e+02 3.068496e+02
1.770020e-01 1.188226e+02 3.018095e+02
1.782227e-01 1.184705e+02 2.968072e+02
1.794434e-01 1.180906e+02 2.918439e+02
1.806641e-01 1.176836e+02 2.869210e+02
1.818848e-01 1.172501e+02 2.820401e+02
1.831055e-01 1.167910e+02 2.772024e+02
1.843262e-01 1.163070e+02 2.724093e+02
1.855469e-01 1.157988e+02 2.676621e+02
1.867676e-01 1.152673e+02 2.629622e+02
1.879883e-01 1.147133e+02 2.583107e+02
1.892090e-01 1.141377e+02 2.537090e+02
1.904297e-01 1.135415e+02 2.491582e+02
1.916504e-01 1.129253e+02 2.446595e+02
1.928711e-01 1.122903e+02 2.402139e+02
1.940918e-01 1.116373e+02 2.358224e+02
1.953125e-01 1.109673e+02 2.314861e+02
1.977539e-01 1.095798e+02 2.229823e+02
2.001953e-01 1.081354e+02 2.147090e+02
2.026367e-01 1.066418e+02 2.066719e+02
2.050781e-01 1.051065e+02 1.988754e+02
2.075195e-01 1.035369e+02 1.913231e+02
2.099609e-01 1.019404e+02 1.840177e+02
2.124023e-01 1.003242e+02 1.769608e+02
2.148438e-01 9.869508e+01 1.701532e+02
2.172852e-01 9.705982e+01 1.635948e+02
2.197266e-01 9.542480e+01 1.572846e+02
2.209473e-01 9.460932e+01 1.542222e+02
2.221680e-01 9.379616e+01 1.512211e+02
2.233887e-01 9.298606e+01 1.482811e+02
2.246094e-01 9.217970e+01 1.454018e+02
2.258301e-01 9.137775e+01 1.425828e+02
2.270508e-01 9.058088e+01 1.398237e+02
2.282715e-01 8.978970e+01 1.371240e+02
2.294922e-01 8.900484e+01 1.344832e+02
2.307129e-01 8.822688e+01 1.319008e+02
2.319336e-01 8.745637e+01 1.293762e+02
2.331543e-01 8.669388e+01 1.269088e+02
2.343750e-01 8.593991e+01 1.244980e+02
2.355957e-01 8.519496e+01 1.221432e+02
2.368164e-01 8.445952e+01 1.198437e+02
2.380371e-01 8.373402e+01 1.175988e+02
2.392578e-01 8.301891e+01 1.154077e+02
2.404785e-01 8.231460e+01 1.132699e+02
2.416992e-01 8.162146e+01 1.111844e+02
2.429199e-01 8.093987e+01 1.091507e+02
2.441406e-01 8.027017e+01 1.071678e+02
2.453613e-01 7.961269e+01 1.052350e+02
2.465820e-01 7.896771e+01 1.033515e+02
2.478027e-01 7.833553e+01 1.015165e+02
2.490234e-01 7.771641e+01 9.972922e+01
2.502441e-01 7.711058e+01 9.798876e+01
2.514648e-01 7.651826e+01 9.629432e+01
2.526855e-01 7.593966e+01 9.464507e+01
2.539062e-01 7.537495e+01 9.304015e+01
2.551270e-01 7.482430e+01 9.147873e+01
2.563477e-01 7.428786e+01 8.995996e+01
2.566528e-01 7.415598e+01 8.958684e+01
2.569580e-01 7.402500e+01 8.921631e+01
2.572632e-01 7.389492e+01 8.884837e+01
2.575684e-01 7.376574e+01 8.848300e+01
2.578735e-01 7.363747e+01 8.812019e+01
2.581787e-01 7.351009e+01 8.775993e+01
2.584839e-01 7.338362e+01 8.740220e+01
2.587891e-01 7.325806e+01 8.704698e+01
2.590942e-01 7.313341e+01 8.669428e+01
2.593994e-01 7.300967e+01 8.634407e+01
2.594757e-01 7.297887e+01 8.625691e+01
2.595520e-01 7.294814e+01 8.616990e+01
2.596283e-01 7.291746e+01 8.608304e+01
2.597046e-01 7.288683e+01 8.599634e+01
2.597809e-01 7.285627e+01 8.590979e+01
2.598572e-01 7.282576e+01 8.582340e+01
2.599335e-01 7.279531e+01 8.573716e+01
2.600098e-01 7.276491e+01 8.565108e+01
2.600861e-01 7.273457e+01 8.556514e+01
2.601624e-01 7.270429e+01 8.547937e+01
2.602386e-01 7.267407e+01 8.539374e+01
2.603149e-01 7.264390e+01 8.530827e+01
2.603912e-01 7.261379e+01 8.522295e+01
2.604675e-01 7.258374e+01 8.513778e+01
2.605438e-01 7.255375e+01 8.505276e+01
2.606201e-01 7.252381e+01 8.496790e+01
2.606964e-01 7.249393e+01 8.488319e+01
2.607727e-01 7.246411e+01 8.479863e+01
2.608490e-01 7.243434e+01 8.471422e+01
2.609253e-01 7.240463e+01 8.462996e+01
2.610779e-01 7.234539e+01 8.446190e+01
2.612305e-01 7.228637e+01 8.429444e+01
2.613831e-01 7.222759e+01 8.412757e+01
2.615356e-01 7.216903e+01 8.396131e+01
2.616882e-01 7.211070e+01 8.379565e+01
2.618408e-01 7.205260e+01 8.363058e+01
2.619934e-01 7.199473e+01 8.346610e+01
2.621460e-01 7.193709e+01 8.330221e+01
2.622986e-01 7.187968e+01 8.313892e+01
2.624512e-01 7.182250e+01 8.297621e+01
2.630615e-01 7.159607e+01 8.233124e+01
2.636719e-01 7.137333e+01 8.169556e+01
2.642822e-01 7.115426e+01 8.106906e+01
2.648926e-01 7.093888e+01 8.045164e+01
2.655029e-01 7.072719e+01 7.984320e+01
2.661133e-01 7.051918e+01 7.924362e+01
2.667236e-01 7.031486e+01 7.865282e+01
2.673340e-01 7.011423e+01 7.807068e+01
2.679443e-01 6.991727e+01 7.749710e+01
2.685547e-01 6.972399e+01 7.693198e+01
2.697754e-01 6.934845e+01 7.582671e+01
2.709961e-01 6.898755e+01 7.475407e+01
2.722168e-01 6.864125e+01 7.371324e+01
2.734375e-01 6.830947e+01 7.270343e+01
2.746582e-01 6.799213e+01 7.172386e+01
2.758789e-01 6.768914e+01 7.077374e+01
2.770996e-01 6.740040e+01 6.985231e+01
2.783203e-01 6.712579e+01 6.895880e+01
2.795410e-01 6.686518e+01 6.809247e+01
2.807617e-01 6.661844e+01 6.725256e+01
2.819824e-01 6.638543e+01 6.643835e+01
2.832031e-01 6.616600e+01 6.564912e+01
2.844238e-01 6.595998e+01 6.488416e+01
2.856445e-01 6.576721e+01 6.414277e+01
2.868652e-01 6.558750e+01 6.342426e+01
2.880859e-01 6.542068e+01 6.272795e+01
2.893066e-01 6.526656e+01 6.205318e+01
2.905273e-01 6.512493e+01 6.139929e+01
2.917480e-01 6.499559e+01 6.076564e+01
2.929688e-01 6.487834e+01 6.015161e+01
2.941895e-01 6.477295e+01 5.955657e+01
2.954102e-01 6.467922e+01 5.897991e+01
2.966309e-01 6.459692e+01 5.842104e+01
2.978516e-01 6.452581e+01 5.787938e+01
2.990723e-01 6.446567e+01 5.735435e+01
3.002930e-01 6.441626e+01 5.684540e+01
3.015137e-01 6.437734e+01 5.635198e+01
3.027344e-01 6.434867e+01 5.587355e+01
3.039551e-01 6.433001e+01 5.540959e+01
3.051758e-01 6.432110e+01 5.495959e+01
3.063965e-01 6.432171e+01 5.452305e+01
3.076172e-01 6.433157e+01 5.409948e+01
3.088379e-01 6.435043e+01 5.368840e+01
3.100586e-01 6.437805e+01 5.328935e+01
3.112793e-01 6.441417e+01 5.290187e+01
3.125000e-01 6.445852e+01 5.252553e+01
3.137207e-01 6.451087e+01 5.215989e+01
3.149414e-01 6.457094e+01 5.180453e+01
3.161621e-01 6.463849e+01 5.145904e+01
3.173828e-01 6.471325e+01 5.112302e+01
3.186035e-01 6.479498e+01 5.079610e+01
3.198242e-01 6.488341e+01 5.047788e+01
3.210449e-01 6.497830e+01 5.016801e+01
3.222656e-01 6.507939e+01 4.986612e+01
3.234863e-01 6.518642e+01 4.957188e+01
3.247070e-01 6.529915e+01 4.928495e+01
3.259277e-01 6.541733e+01 4.900499e+01
3.271484e-01 6.554071e+01 4.873170e+01
3.283691e-01 6.566905e+01 4.846477e+01
3.295898e-01 6.580210e+01 4.820390e+01
3.308105e-01 6.593961e+01 4.794881e+01
3.320312e-01 6.608136e+01 4.769921e+01
3.332520e-01 6.622710e+01 4.745483e+01
3.344727e-01 6.637659e+01 4.721542e+01
3.356934e-01 6.652962e+01 4.698072e+01
3.369141e-01 6.668594e+01 4.675049e+01
3.381348e-01 6.684533e+01 4.652449e+01
3.393555e-01 6.700757e+01 4.630249e+01
3.405762e-01 6.717244e+01 4.608427e+01
3.417969e-01 6.733972e+01 4.586963e+01
3.442383e-01 6.768065e+01 4.545025e+01
3.466797e-01 6.802869e+01 4.504281e+01
3.491211e-01 6.838222e+01 4.464585e+01
3.515625e-01 6.873967e+01 4.425807e+01
3.540039e-01 6.909953e+01 4.387823e+01
3.564453e-01 6.946036e+01 4.350522e+01
3.588867e-01 6.982077e+01 4.313800e+01
3.613281e-01 7.017941e+01 4.277562e+01
3.637695e-01 7.053503e+01 4.241724e+01
3.662109e-01 7.088641e+01 4.206206e+01
3.686523e-01 7.123240e+01 4.170938e+01
3.710938e-01 7.157192e+01 4.135857e+01
3.735352e-01 7.190392e+01 4.100906e+01
3.759766e-01 7.222746e+01 4.066033e+01
3.784180e-01 7.254160e+01 4.031195e+01
3.808594e-01 7.284550e+01 3.996351e+01
3.833008e-01 7.313837e+01 3.961467e+01
3.857422e-01 7.341947e+01 3.926513e+01
3.881836e-01 7.368810e+01 3.891465e+01
3.906250e-01 7.394365e+01 3.856301e+01
3.918457e-01 7.406634e+01 3.838670e+01
3.930664e-01 7.418554e+01 3.821005e+01
3.942871e-01 7.430120e+01 3.803302e+01
3.955078e-01 7.441324e+01 3.785561e+01
3.967285e-01 7.452162e+01 3.767781e+01
3.979492e-01 7.462628e+01 3.749960e+01
3.991699e-01 7.472717e+01 3.732098e+01
4.003906e-01 7.482423e+01 3.714194e+01
4.016113e-01 7.491742e+01 3.696248e+01
4.028320e-01 7.500671e+01 3.678259e+01
4.040527e-01 7.509204e+01 3.660226e+01
4.052734e-01 7.517339e+01 3.642151e+01
4.064941e-01 7.525071e+01 3.624033e+01
4.077148e-01 7.532398e+01 3.605872e+01
4.089355e-01 7.539317e+01 3.587669e+01
4.101562e-01 7.545824e+01 3.569424e+01
4.113770e-01 7.551918e+01 3.551137e+01
4.125977e-01 7.557596e+01 3.532810e+01
4.138184e-01 7.562856e+01 3.514443e+01
4.150391e-01 7.567697e+01 3.496036e+01
4.174805e-01 7.576114e+01 3.459110e+01
4.199219e-01 7.582839e+01 3.422039e+01
4.223633e-01 7.587866e+01 3.384835e+01
4.248047e-01 7.591192e+01 3.347507e+01
4.272461e-01 7.592818e+01 3.310068e+01
4.296875e-01 7.592747e+01 3.272530e+01
4.321289e-01 7.590986e+01 3.234906e+01
4.345703e-01 7.587544e+01 3.197211e+01
4.370117e-01 7.582434e+01 3.159458e+01
4.394531e-01 7.575669e+01 3.121663e+01
4.418945e-01 7.567265e+01 3.083840e+01
4.443359e-01 7.557242e+01 3.046005e+01
4.467773e-01 7.545619e+01 3.008173e+01
4.492188e-01 7.532420e+01 2.970359e+01
4.516602e-01 7.517668e+01 2.932579e+01
4.541016e-01 7.501389e+01 2.894848e+01
4.565430e-01 7.483610e+01 2.857183e+01
4.589844e-01 7.464360e+01 2.819596e+01
4.614258e-01 7.443669e+01 2.782105e+01
4.638672e-01 7.421567e+01 2.744723e+01
4.663086e-01 7.398087e+01 2.707464e+01
4.687500e-01 7.373261e+01 2.670344e+01
4.711914e-01 7.347123e+01 2.633375e+01
4.736328e-01 7.319707e+01 2.596572e+01
4.760742e-01 7.291049e+01 2.559946e+01
4.785156e-01 7.261185e+01 2.523512e+01
4.809570e-01 7.230149e+01 2.487281e+01
4.833984e-01 7.197979e+01 2.451265e+01
4.858398e-01 7.164711e+01 2.415475e+01
4.882812e-01 7.130383e+01 2.379923e+01
4.907227e-01 7.095032e+01 2.344619e+01
4.931641e-01 7.058694e+01 2.309573e+01
4.956055e-01 7.021407e+01 2.274794e+01
4.980469e-01 6.983209e+01 2.240293e+01
5.004883e-01 6.944137e+01 2.206077e+01
5.029297e-01 6.904227e+01 2.172154e+01
5.053711e-01 6.863518e+01 2.138534e+01
5.078125e-01 6.822045e+01 2.105222e+01
5.102539e-01 6.779845e+01 2.072226e+01
5.126953e-01 6.736955e+01 2.039553e+01
5.133057e-01 6.726128e+01 2.031436e+01
5.139160e-01 6.715262e+01 2.023340e+01
5.145264e-01 6.704355e+01 2.015264e+01
5.151367e-01 6.693410e+01 2.007209e+01
5.157471e-01 6.682425e+01 1.999175e+01
5.163574e-01 6.671403e+01 1.991161e+01
5.169678e-01 6.660343e+01 1.983169e+01
5.175781e-01 6.649246e+01 1.975198e+01
5.181885e-01 6.638112e+01 1.967249e+01
5.187988e-01 6.626943e+01 1.959320e+01
5.191040e-01 6.621345e+01 1.955364e+01
5.194092e-01 6.615738e+01 1.951413e+01
5.197144e-01 6.610123e+01 1.947468e+01
5.200195e-01 6.604499e+01 1.943527e+01
5.203247e-01 6.598866e+01 1.939593e+01
5.206299e-01 6.593225e+01 1.935663e+01
5.209351e-01 6.587575e+01 1.931739e+01
5.212402e-01 6.581917e+01 1.927821e+01
5.215454e-01 6.576250e+01 1.923908e+01
5.218506e-01 6.570576e+01 1.920000e+01
5.221558e-01 6.564893e+01 1.916098e+01
5.224609e-01 6.559202e+01 1.912201e+01
5.227661e-01 6.553502e+01 1.908309e+01
5.230713e-01 6.547795e+01 1.904423e+01
5.233765e-01 6.542080e+01 1.900543e+01
5.236816e-01 6.536358e+01 1.896668e+01
5.239868e-01 6.530627e+01 1.892798e+01
5.242920e-01 6.524889e+01 1.888934e+01
5.245972e-01 6.519143e+01 1.885075e+01
5.249023e-01 6.513389e+01 1.881222e+01
5.261230e-01 6.490300e+01 1.865865e+01
5.273438e-01 6.467094e+01 1.850596e+01
5.285645e-01 6.443777e+01 1.835417e+01
5.297852e-01 6.420351e+01 1.820327e+01
5.310059e-01 6.396822e+01 1.805327e+01
5.322266e-01 6.373193e+01 1.790417e+01
5.334473e-01 6.349467e+01 1.775597e+01
5.346680e-01 6.325650e+01 1.760869e+01
5.358887e-01 6.301744e+01 1.746231e+01
5.371094e-01 6.277755e+01 1.731685e+01
5.419922e-01 6.181030e+01 1.674422e+01
5.468750e-01 6.083259e+01 1.618640e+01
5.517578e-01 5.984671e+01 1.564348e+01
5.566406e-01 5.885485e+01 1.511550e+01
5.615234e-01 5.785908e+01 1.460246e+01
5.664062e-01 5.686141e+01 1.410430e+01
5.712891e-01 5.586368e+01 1.362096e+01
5.761719e-01 5.486767e+01 1.315232e+01
5.810547e-01 5.387503e+01 1.269824e+01
5.859375e-01 5.288731e+01 1.225855e+01
5.908203e-01 5.190597e+01 1.183305e+01
5.957031e-01 5.093234e+01 1.142152e+01
6.005859e-01 4.996767e+01 1.102374e+01
6.054688e-01 4.901310e+01 1.063944e+01
6.103516e-01 4.806970e+01 1.026837e+01
6.152344e-01 4.713842e+01 9.910236e+00
6.201172e-01 4.622014e+01 9.564756e+00
6.250000e-01 4.531565e+01 9.231628e+00
6.298828e-01 4.442565e+01 8.910548e+00
6.347656e-01 4.355078e+01 8.601204e+00
6.359863e-01 4.333449e+01 8.525665e+00
6.372070e-01 4.311919e+01 8.450835e+00
6.384277e-01 4.290489e+01 8.376708e+00
6.396484e-01 4.269158e+01 8.303281e+00
6.408691e-01 4.247930e+01 8.230547e+00
6.420898e-01 4.226802e+01 8.158503e+00
6.433105e-01 4.205778e+01 8.087142e+00
6.445312e-01 4.184856e+01 8.016461e+00
6.457520e-01 4.164038e+01 7.946453e+00
6.469727e-01 4.143324e+01 7.877115e+00
6.481934e-01 4.122715e+01 7.808441e+00
6.494141e-01 4.102212e+01 7.740425e+00
6.506348e-01 4.081814e+01 7.673064e+00
6.518555e-01 4.061523e+01 7.606351e+00
6.530762e-01 4.041338e+01 7.540283e+00
6.542969e-01 4.021261e+01 7.474854e+00
6.555176e-01 4.001292e+01 7.410059e+00
6.567383e-01 3.981430e+01 7.345893e+00
6.579590e-01 3.961677e+01 7.282351e+00
6.591797e-01 3.942033e+01 7.219428e+00
6.616211e-01 3.903073e+01 7.095421e+00
6.640625e-01 3.864552e+01 6.973831e+00
6.665039e-01 3.826472e+01 6.854619e+00
6.689453e-01 3.788836e+01 6.737747e+00
6.713867e-01 3.751644e+01 6.623175e+00
6.738281e-01 3.714897e+01 6.510864e+00
6.762695e-01 3.678597e+01 6.400777e+00
6.787109e-01 3.642744e+01 6.292875e+00
6.811523e-01 3.607339e+01 6.187121e+00
6.835938e-01 3.572382e+01 6.083477e+00
6.860352e-01 3.537872e+01 5.981905e+00
6.884766e-01 3.503809e+01 5.882369e+00
6.909180e-01 3.470193e+01 5.784832e+00
6.933594e-01 3.437022e+01 5.689258e+00
6.958008e-01 3.404296e+01 5.595612e+00
6.982422e-01 3.372013e+01 5.503858e+00
7.006836e-01 3.340172e+01 5.413961e+00
7.031250e-01 3.308771e+01 5.325885e+00
7.055664e-01 3.277809e+01 5.239598e+00
7.080078e-01 3.247283e+01 5.155065e+00
7.104492e-01 3.217191e+01 5.072253e+00
7.128906e-01 3.187531e+01 4.991128e+00
7.153320e-01 3.158300e+01 4.911659e+00
7.177734e-01 3.129496e+01 4.833813e+00
7.202148e-01 3.101116e+01 4.757557e+00
7.226562e-01 3.073157e+01 4.682862e+00
7.250977e-01 3.045616e+01 4.609696e+00
7.275391e-01 3.018490e+01 4.538028e+00
7.299805e-01 2.991775e+01 4.467829e+00
7.324219e-01 2.965468e+01 4.399069e+00
7.348633e-01 2.939566e+01 4.331719e+00
7.373047e-01 2.914066e+01 4.265751e+00
7.397461e-01 2.888963e+01 4.201136e+00
7.421875e-01 2.864253e+01 4.137846e+00
7.446289e-01 2.839934e+01 4.075854e+00
7.470703e-01 2.816000e+01 4.015133e+00
7.495117e-01 2.792449e+01 3.955656e+00
7.519531e-01 2.769276e+01 3.897399e+00
7.543945e-01 2.746477e+01 3.840334e+00
7.568359e-01 2.724048e+01 3.784437e+00
7.592773e-01 2.701984e+01 3.729684e+00
7.617188e-01 2.680282e+01 3.676049e+00
7.641602e-01 2.658937e+01 3.623509e+00
7.666016e-01 2.637945e+01 3.572041e+00
7.690430e-01 2.617301e+01 3.521621e+00
7.714844e-01 2.597002e+01 3.472227e+00
7.739258e-01 2.577042e+01 3.423837e+00
7.763672e-01 2.557418e+01 3.376428e+00
7.788086e-01 2.538124e+01 3.329979e+00
7.812500e-01 2.519157e+01 3.284470e+00
7.861328e-01 2.482184e+01 3.196188e+00
7.910156e-01 2.446464e+01 3.111421e+00
7.958984e-01 2.411959e+01 3.030015e+00
8.007812e-01 2.378635e+01 2.951822e+00
8.056641e-01 2.346455e+01 2.876699e+00
8.105469e-01 2.315384e+01 2.804510e+00
8.154297e-01 2.285387e+01 2.735123e+00
8.203125e-01 2.256428e+01 2.668412e+00
8.251953e-01 2.228472e+01 2.604257e+00
8.300781e-01 2.201486e+01 2.542541e+00
8.349609e-01 2.175435e+01 2.483155e+00
8.398438e-01 2.150286e+01 2.425992e+00
8.447266e-01 2.126006e+01 2.370950e+00
8.496094e-01 2.102563e+01 2.317932e+00
8.544922e-01 2.079926e+01 2.266845e+00
8.593750e-01 2.058063e+01 2.217601e+00
8.642578e-01 2.036944e+01 2.170114e+00
8.691406e-01 2.016539e+01 2.124303e+00
8.740234e-01 1.996819e+01 2.080092e+00
8.789062e-01 1.977755e+01 2.037406e+00
8.837891e-01 1.959321e+01 1.996174e+00
8.886719e-01 1.941489e+01 1.956330e+00
8.935547e-01 1.924233e+01 1.917809e+00
8.984375e-01 1.907527e+01 1.880550e+00
9.033203e-01 1.891346e+01 1.844495e+00
9.082031e-01 1.875667e+01 1.809589e+00
9.130859e-01 1.860466e+01 1.775778e+00
9.179688e-01 1.845721e+01 1.743012e+00
9.228516e-01 1.831409e+01 1.711243e+00
9.277344e-01 1.817510e+01 1.680427e+00
9.326172e-01 1.804002e+01 1.650518e+00
9.375000e-01 1.790867e+01 1.621477e+00
9.423828e-01 1.778084e+01 1.593264e+00
9.472656e-01 1.765636e+01 1.565842e+00
9.521484e-01 1.753505e+01 1.539175e+00
9.570312e-01 1.741674e+01 1.513230e+00
9.619141e-01 1.730126e+01 1.487974e+00
9.667969e-01 1.718846e+01 1.463378e+00
9.716797e-01 1.707818e+01 1.439413e+00
9.765625e-01 1.697027e+01 1.416051e+00
9.814453e-01 1.686461e+01 1.393266e+00
9.863281e-01 1.676104e+01 1.371034e+00
9.912109e-01 1.665946e+01 1.349332e+00
9.960938e-01 1.655972e+01 1.328137e+00
1.000977e+00 1.646172e+01 1.307428e+00
1.005859e+00 1.636535e+01 1.287185e+00
1.010742e+00 1.627049e+01 1.267389e+00
1.015625e+00 1.617704e+01 1.248023e+00
1.020508e+00 1.608492e+01 1.229069e+00
1.025391e+00 1.599401e+01 1.210512e+00
1.026611e+00 1.597147e+01 1.205932e+00
1.027832e+00 1.594899e+01 1.201377e+00
1.029053e+00 1.592659e+01 1.196844e+00
1.030273e+00 1.590425e+01 1.192335e+00
1.031494e+00 1.588198e+01 1.187849e+00
1.032715e+00 1.585977e+01 1.183385e+00
1.033936e+00 1.583762e+01 1.178944e+00
1.035156e+00 1.581554e+01 1.174525e+00
1.036377e+00 1.579352e+01 1.170128e+00
1.037598e+00 1.577155e+01 1.165753e+00
1.038208e+00 1.576059e+01 1.163574e+00
1.038818e+00 1.574965e+01 1.161400e+00
1.039429e+00 1.573872e+01 1.159231e+00
1.040039e+00 1.572780e+01 1.157068e+00
1.040649e+00 1.571690e+01 1.154910e+00
1.041260e+00 1.570601e+01 1.152757e+00
1.041870e+00 1.569514e+01 1.150610e+00
1.042480e+00 1.568428e+01 1.148468e+00
1.043091e+00 1.567343e+01 1.146331e+00
1.043701e+00 1.566260e+01 1.144199e+00
1.044312e+00 1.565177e+01 1.142072e+00
1.044922e+00 1.564097e+01 1.139951e+00
1.045532e+00 1.563017e+01 1.137834e+00
1.046143e+00 1.561939e+01 1.135723e+00
1.046753e+00 1.560862e+01 1.133617e+00
1.047363e+00 1.559786e+01 1.131516e+00
1.047974e+00 1.558712e+01 1.129420e+00
1.048584e+00 1.557639e+01 1.127328e+00
1.049194e+00 1.556567e+01 1.125242e+00
1.049805e+00 1.555496e+01 1.123161e+00
1.052246e+00 1.551225e+01 1.114885e+00
1.054688e+00 1.546972e+01 1.106687e+00
1.057129e+00 1.542736e+01 1.098565e+00
1.059570e+00 1.538517e+01 1.090518e+00
1.062012e+00 1.534314e+01 1.082545e+00
1.064453e+00 1.530127e+01 1.074644e+00
1.066895e+00 1.525954e+01 1.066814e+00
1.069336e+00 1.521795e+01 1.059053e+00
1.071777e+00 1.517649e+01 1.051362e+00
1.074219e+00 1.513516e+01 1.043738e+00
1.083984e+00 1.497097e+01 1.013898e+00
1.093750e+00 1.480836e+01 9.850562e-01
1.103516e+00 1.464700e+01 9.571543e-01
1.113281e+00 1.448663e+01 9.301387e-01
1.123047e+00 1.432701e+01 9.039613e-01
1.132812e+00 1.416794e+01 8.785790e-01
1.142578e+00 1.400927e+01 8.539527e-01
1.152344e+00 1.385086e+01 8.300470e-01
1.162109e+00 1.369260e+01 8.068299e-01
1.171875e+00 1.353441e+01 7.842723e-01
1.181641e+00 1.337623e+01 7.623477e-01
1.191406e+00 1.321803e+01 7.410321e-01
1.201172e+00 1.305977e+01 7.203033e-01
1.210938e+00 1.290146e+01 7.001408e-01
1.220703e+00 1.274309e+01 6.805260e-01
1.230469e+00 1.258469e+01 6.614415e-01
1.240234e+00 1.242628e+01 6.428711e-01
1.250000e+00 1.226792e+01 6.247998e-01
1.259766e+00 1.210963e+01 6.072134e-01
1.269531e+00 1.195147e+01 5.900987e-01
1.271973e+00 1.191196e+01 5.858923e-01
1.274414e+00 1.187246e+01 5.817143e-01
1.276855e+00 1.183298e+01 5.775647e-01
1.279297e+00 1.179351e+01 5.734431e-01
1.281738e+00 1.175405e+01 5.693496e-01
1.284180e+00 1.171461e+01 5.652838e-01
1.286621e+00 1.167519e+01 5.612456e-01
1.289062e+00 1.163579e+01 5.572348e-01
1.291504e+00 1.159641e+01 5.532512e-01
1.293945e+00 1.155705e+01 5.492947e-01
1.296387e+00 1.151772e+01 5.453652e-01
1.298828e+00 1.147840e+01 5.414623e-01
1.301270e+00 1.143911e+01 5.375860e-01
1.303711e+00 1.139985e+01 5.337361e-01
1.306152e+00 1.136061e+01 5.299125e-01
1.308594e+00 1.132140e+01 5.261149e-01
1.311035e+00 1.128222e+01 5.223432e-01
1.313477e+00 1.124307e+01 5.185973e-01
1.315918e+00 1.120395e+01 5.148770e-01
1.318359e+00 1.116486e+01 5.111821e-01
1.323242e+00 1.108678e+01 5.038681e-01
1.328125e+00 1.100884e+01 4.966540e-01
1.333008e+00 1.093106e+01 4.895386e-01
1.337891e+00 1.085343e+01 4.825208e-01
1.342773e+00 1.077598e+01 4.755994e-01
1.347656e+00 1.069870e+01 4.687733e-01
1.352539e+00 1.062161e+01 4.620412e-01
1.357422e+00 1.054471e+01 4.554022e-01
1.362305e+00 1.046802e+01 4.488551e-01
1.367188e+00 1.039154e+01 4.423989e-01
1.386719e+00 1.008794e+01 4.174610e-01
1.406250e+00 9.788435e+00 3.938931e-01
1.425781e+00 9.493529e+00 3.716311e-01
1.445312e+00 9.203692e+00 3.506135e-01
1.464844e+00 8.919349e+00 3.307811e-01
1.484375e+00 8.640880e+00 3.120764e-01
1.503906e+00 8.368617e+00 2.944437e-01
1.523438e+00 8.102844e+00 2.778295e-01
1.542969e+00 7.843799e+00 2.621817e-01
1.562500e+00 7.591675e+00 2.474501e-01
1.572266e+00 7.468259e+00 2.404128e-01
1.582031e+00 7.346627e+00 2.335867e-01
1.591797e+00 7.226793e+00 2.269658e-01
1.601562e+00 7.108766e+00 2.205447e-01
1.611328e+00 6.992554e+00 2.143177e-01
1.621094e+00 6.878163e+00 2.082794e-01
1.630859e+00 6.765597e+00 2.024246e-01
1.640625e+00 6.654856e+00 1.967479e-01
1.650391e+00 6.545942e+00 1.912444e-01
1.660156e+00 6.438852e+00 1.859091e-01
1.669922e+00 6.333582e+00 1.807371e-01
1.679688e+00 6.230126e+00 1.757235e-01
1.689453e+00 6.128477e+00 1.708639e-01
1.699219e+00 6.028627e+00 1.661537e-01
1.708984e+00 5.930566e+00 1.615884e-01
1.718750e+00 5.834282e+00 1.571637e-01
1.728516e+00 5.739763e+00 1.528754e-01
1.738281e+00 5.646995e+00 1.487193e-01
1.748047e+00 5.555963e+00 1.446916e-01
1.757812e+00 5.466652e+00 1.407883e-01
1.777344e+00 5.293122e+00 1.333396e-01
1.796875e+00 5.126260e+00 1.263441e-01
1.816406e+00 4.965912e+00 1.197742e-01
1.835938e+00 4.811910e+00 1.136035e-01
1.855469e+00 4.664080e+00 1.078075e-01
1.875000e+00 4.522242e+00 1.023626e-01
1.894531e+00 4.386210e+00 9.724695e-02
1.914062e+00 4.255796e+00 9.243973e-02
1.933594e+00 4.130809e+00 8.792144e-02
1.953125e+00 4.011057e+00 8.367369e-02
1.962891e+00 3.953085e+00 8.164584e-02
1.972656e+00 3.896349e+00 7.967923e-02
1.982422e+00 3.840826e+00 7.777189e-02
1.992188e+00 3.786493e+00 7.592186e-02
2.001953e+00 3.733325e+00 7.412730e-02
2.011719e+00 3.681300e+00 7.238637e-02
2.021484e+00 3.630394e+00 7.069734e-02
2.031250e+00 3.580583e+00 6.905850e-02
2.041016e+00 3.531845e+00 6.746820e-02
2.050781e+00 3.484158e+00 6.592487e-02
2.055664e+00 3.460701e+00 6.517032e-02
2.060547e+00 3.437498e+00 6.442694e-02
2.065430e+00 3.414546e+00 6.369455e-02
2.070312e+00 3.391843e+00 6.297295e-02
2.075195e+00 3.369385e+00 6.226197e-02
2.080078e+00 3.347171e+00 6.156144e-02
2.084961e+00 3.325197e+00 6.087118e-02
2.089844e+00 3.303461e+00 6.019103e-02
2.094727e+00 3.281961e+00 5.952081e-02
2.099609e+00 3.260692e+00 5.886036e-02
2.104492e+00 3.239653e+00 5.820952e-02
2.109375e+00 3.218842e+00 5.756813e-02
2.114258e+00 3.198254e+00 5.693604e-02
2.119141e+00 3.177889e+00 5.631309e-02
2.124023e+00 3.157743e+00 5.569912e-02
2.128906e+00 3.137814e+00 5.509400e-02
2.133789e+00 3.118100e+00 5.449757e-02
2.138672e+00 3.098597e+00 5.390970e-02
2.143555e+00 3.079303e+00 5.333023e-02
2.148438e+00 3.060217e+00 5.275904e-02
2.167969e+00 2.985889e+00 5.055427e-02
2.187500e+00 2.914680e+00 4.847132e-02
2.207031e+00 2.846439e+00 4.650236e-02
2.226562e+00 2.781024e+00 4.464009e-02
2.246094e+00 2.718296e+00 4.287767e-02
2.265625e+00 2.658125e+00 4.120875e-02
2.285156e+00 2.600381e+00 3.962738e-02
2.304688e+00 2.544943e+00 3.812801e-02
2.324219e+00 2.491694e+00 3.670548e-02
2.343750e+00 2.440522e+00 3.535495e-02
2.363281e+00 2.391319e+00 3.407193e-02
2.382812e+00 2.343983e+00 3.285223e-02
2.402344e+00 2.298417e+00 3.169192e-02
2.421875e+00 2.254527e+00 3.058737e-02
2.441406e+00 2.212225e+00 2.953516e-02
2.460938e+00 2.171427e+00 2.853213e-02
2.480469e+00 2.132052e+00 2.757531e-02
2.500000e+00 2.094024e+00 2.666194e-02
2.519531e+00 2.057271e+00 2.578946e-02
2.539062e+00 2.021725e+00 2.495546e-02
2.558594e+00 1.987321e+00 2.415769e-02
2.578125e+00 1.953996e+00 2.339408e-02
2.597656e+00 1.921694e+00 2.266266e-02
2.617188e+00 1.890358e+00 2.196162e-02
2.636719e+00 1.859936e+00 2.128926e-02
2.656250e+00 1.830381e+00 2.064399e-02
2.675781e+00 1.801644e+00 2.002433e-02
2.695312e+00 1.773683e+00 1.942889e-02
2.714844e+00 1.746456e+00 1.885637e-02
2.734375e+00 1.719924e+00 1.830557e-02
2.773438e+00 1.668803e+00 1.726467e-02
2.812500e+00 1.620050e+00 1.629797e-02
2.851562e+00 1.573429e+00 1.539826e-02
2.890625e+00 1.528732e+00 1.455922e-02
2.929688e+00 1.485775e+00 1.377529e-02
2.968750e+00 1.444397e+00 1.304156e-02
3.007812e+00 1.404456e+00 1.235369e-02
3.046875e+00 1.365829e+00 1.170785e-02
3.085938e+00 1.328407e+00 1.110062e-02
3.125000e+00 1.292098e+00 1.052896e-02
3.203125e+00 1.222496e+00 9.481779e-03
3.281250e+00 1.156491e+00 8.547792e-03
3.359375e+00 1.093684e+00 7.711965e-03
3.437500e+00 1.033775e+00 6.961950e-03
3.515625e+00 9.765431e-01 6.287478e-03
3.593750e+00 9.218210e-01 5.679904e-03
3.671875e+00 8.694832e-01 5.131869e-03
3.750000e+00 8.194329e-01 4.637042e-03
3.828125e+00 7.715930e-01 4.189924e-03
3.906250e+00 7.258995e-01 3.785703e-03
3.925781e+00 7.148048e-01 3.690842e-03
3.945312e+00 7.038400e-01 3.598332e-03
3.964844e+00 6.930042e-01 3.508115e-03
3.984375e+00 6.822966e-01 3.420132e-03
4.003906e+00 6.717164e-01 3.334328e-03
4.023438e+00 6.612629e-01 3.250647e-03
4.042969e+00 6.509353e-01 3.169036e-03
4.062500e+00 6.407329e-01 3.089444e-03
4.082031e+00 6.306547e-01 3.011821e-03
4.101562e+00 6.207002e-01 2.936117e-03
4.121094e+00 6.108685e-01 2.862285e-03
4.140625e+00 6.011588e-01 2.790279e-03
4.160156e+00 5.915705e-01 2.720053e-03
4.179688e+00 5.821026e-01 2.651564e-03
4.199219e+00 5.727546e-01 2.584769e-03
4.218750e+00 5.635254e-01 2.519626e-03
4.238281e+00 5.544144e-01 2.456095e-03
4.257812e+00 5.454207e-01 2.394135e-03
4.277344e+00 5.365436e-01 2.333710e-03
4.296875e+00 5.277823e-01 2.274780e-03
4.335938e+00 5.106035e-01 2.161264e-03
4.375000e+00 4.938778e-01 2.053305e-03
4.414062e+00 4.775985e-01 1.950636e-03
4.453125e+00 4.617587e-01 1.853000e-03
4.492188e+00 4.463515e-01 1.760157e-03
4.531250e+00 4.313696e-01 1.671874e-03
4.570312e+00 4.168061e-01 1.587934e-03
4.609375e+00 4.026535e-01 1.508126e-03
4.648438e+00 3.889044e-01 1.432251e-03
4.687500e+00 3.755515e-01 1.360120e-03
4.765625e+00 3.500038e-01 1.226375e-03
4.843750e+00 3.259494e-01 1.105546e-03
4.921875e+00 3.033269e-01 9.964143e-04
5.000000e+00 2.820747e-01 8.978716e-04
5.078125e+00 2.621311e-01 8.089133e-04
5.156250e+00 2.434351e-01 7.286273e-04
5.234375e+00 2.259262e-01 6.561862e-04
5.312500e+00 2.095450e-01 5.908395e-04
5.390625e+00 1.942332e-01 5.319066e-04
5.468750e+00 1.799340e-01 4.787704e-04
5.546875e+00 1.665922e-01 4.308717e-04
5.625000e+00 1.541541e-01 3.877039e-04
5.703125e+00 1.425680e-01 3.488081e-04
5.781250e+00 1.317841e-01 3.137688e-04
5.859375e+00 1.217545e-01 2.822101e-04
5.937500e+00 1.124332e-01 2.537916e-04
6.015625e+00 1.037763e-01 2.282059e-04
6.093750e+00 9.574205e-02 2.051746e-04
6.171875e+00 8.829056e-02 1.844464e-04
6.250000e+00 8.138396e-02 1.657940e-04
6.406250e+00 6.906376e-02 1.339160e-04
6.562500e+00 5.851700e-02 1.081268e-04
6.718750e+00 4.950804e-02 8.727481e-05
6.875000e+00 4.182838e-02 7.042320e-05
7.031250e+00 3.529436e-02 5.681073e-05
7.187500e+00 2.974498e-02 4.581927e-05
7.343750e+00 2.503969e-02 3.694735e-05
7.500000e+00 2.105628e-02 2.978854e-05
7.656250e+00 1.768888e-02 2.401365e-05
7.812500e+00 1.484610e-02 1.935631e-05
7.968750e+00 1.244927e-02 1.560104e-05
8.125000e+00 1.043084e-02 1.257369e-05
8.281250e+00 8.732941e-03 1.013349e-05
8.437500e+00 7.306152e-03 8.166787e-06
8.593750e+00 6.108345e-03 6.581854e-06
8.750000e+00 5.103684e-03 5.304663e-06
8.906250e+00 4.261742e-03 4.275506e-06
9.062500e+00 3.556728e-03 3.446233e-06
9.218750e+00 2.966810e-03 2.778023e-06
9.375000e+00 2.473541e-03 2.239581e-06
9.687500e+00 1.717121e-03 1.456021e-06
1.000000e+01 1.190130e-03 9.470756e-07
1.031250e+01 8.237331e-04 6.163803e-07
1.062500e+01 5.694477e-04 4.014081e-07
1.093750e+01 3.932481e-04 2.615897e-07
1.125000e+01 2.713220e-04 1.705965e-07
1.156250e+01 1.870502e-04 1.113384e-07
1.187500e+01 1.288640e-04 7.272013e-08
1.218750e+01 8.872440e-05 4.753396e-08
1.250000e+01 6.105627e-05 3.109570e-08
1.281250e+01 4.199766e-05 2.035858e-08
1.312500e+01 2.887658e-05 1.333943e-08
1.343750e+01 1.984864e-05 8.747501e-09
1.375000e+01 1.363952e-05 5.740951e-09
1.406250e+01 9.370487e-06 3.770745e-09
1.437500e+01 6.436166e-06 2.478573e-09
1.468750e+01 4.419833e-06 1.630423e-09
1.500000e+01 3.034795e-06 1.073339e-09
1.531250e+01 2.083664e-06 7.071731e-10
1.562500e+01 1.430567e-06 4.662923e-10
1.593750e+01 9.821412e-07 3.076973e-10
1.625000e+01 6.742232e-07 2.031829e-10
1.656250e+01 4.628713e-07 1.342761e-10
1.687500e+01 3.178358e-07 8.881889e-11
1.718750e+01 2.183030e-07 5.880638e-11
1.750000e+01 1.499846e-07 3.897273e-11
1.781250e+01 1.030996e-07 2.585813e-11
1.812500e+01 7.094186e-08 1.718449e-11
1.843750e+01 4.887335e-08 1.144085e-11
1.875000e+01 3.372628e-08 7.634068e-12
1.937500e+01 1.620657e-08 3.435563e-12
2.000000e+01 7.965445e-09 1.584675e-12
2.062500e+01 4.086417e-09 7.644426e-13
2.125000e+01 2.261801e-09 3.985903e-13
2.187500e+01 1.411701e-09 2.347668e-13
2.250000e+01 1.019072e-09 1.601881e-13
2.312500e+01 8.402953e-10 1.250428e-13
2.375000e+01 7.689771e-10 1.084867e-13
2.437500e+01 7.490047e-10 1.003195e-13
2.500000e+01 7.511387e-10 9.563795e-14
2.750000e+01 8.350170e-10 8.786584e-14
3.000000e+01 9.011936e-10 7.968301e-14
3.250000e+01 9.130109e-10 6.878589e-14
3.500000e+01 9.320400e-10 6.054644e-14
3.750000e+01 9.952128e-10 5.631752e-14
4.000000e+01 1.032857e-09 5.137008e-14
4.250000e+01 9.094718e-10 4.006836e-14
4.500000e+01 5.697559e-10 2.238999e-14
4.750000e+01 1.730445e-10 6.103245e-15
5.000000e+01 0.000000e+00 0.000000e+00
