# 
# Output from RAtom program.
# 
# Total radial electron density.
# The first column contains radius $r$ in bohr units.
# The second column holds $\rho(r)$.
# The third column holds $\tilde{\rho}(r) = \rho(r) / (\pi * r * r)$
# 
# Use this file with gnuplot to create the plot.
# 
# R     Rho     RhoTilde
#
0.000000e+00 0.000000e+00 3.794206e+04
3.662109e-04 6.218794e-02 3.690062e+04
7.324219e-04 2.419247e-01 3.588787e+04
1.098633e-03 5.293924e-01 3.490300e+04
1.464844e-03 9.153168e-01 3.394525e+04
1.831055e-03 1.390942e+00 3.301388e+04
2.197266e-03 1.948008e+00 3.210818e+04
2.563477e-03 2.578726e+00 3.122746e+04
2.929688e-03 3.275758e+00 3.037102e+04
3.295898e-03 4.032195e+00 2.953820e+04
3.662109e-03 4.841540e+00 2.872837e+04
4.028320e-03 5.697683e+00 2.794090e+04
4.394531e-03 6.594887e+00 2.717518e+04
4.760742e-03 7.527769e+00 2.643060e+04
5.126953e-03 8.491283e+00 2.570661e+04
5.493164e-03 9.480705e+00 2.500263e+04
5.859375e-03 1.049161e+01 2.431811e+04
6.225586e-03 1.151988e+01 2.365253e+04
6.591797e-03 1.256165e+01 2.300537e+04
6.958008e-03 1.361333e+01 2.237612e+04
7.324219e-03 1.467159e+01 2.176430e+04
7.690430e-03 1.573331e+01 2.116942e+04
8.056641e-03 1.679561e+01 2.059103e+04
8.422852e-03 1.785583e+01 2.002866e+04
8.789062e-03 1.891150e+01 1.948189e+04
9.155273e-03 1.996035e+01 1.895028e+04
9.521484e-03 2.100029e+01 1.843343e+04
9.887695e-03 2.202939e+01 1.793092e+04
1.025391e-02 2.304590e+01 1.744236e+04
1.062012e-02 2.404821e+01 1.696736e+04
1.098633e-02 2.503488e+01 1.650557e+04
1.135254e-02 2.600457e+01 1.605661e+04
1.171875e-02 2.695609e+01 1.562013e+04
1.208496e-02 2.788839e+01 1.519578e+04
1.245117e-02 2.880051e+01 1.478325e+04
1.281738e-02 2.969161e+01 1.438219e+04
1.318359e-02 3.056094e+01 1.399230e+04
1.354980e-02 3.140787e+01 1.361327e+04
1.391602e-02 3.223185e+01 1.324480e+04
1.428223e-02 3.303240e+01 1.288660e+04
1.464844e-02 3.380914e+01 1.253839e+04
1.501465e-02 3.456176e+01 1.219988e+04
1.538086e-02 3.529002e+01 1.187082e+04
1.574707e-02 3.599375e+01 1.155095e+04
1.611328e-02 3.667283e+01 1.124001e+04
1.647949e-02 3.732721e+01 1.093775e+04
1.684570e-02 3.795688e+01 1.064394e+04
1.721191e-02 3.856189e+01 1.035834e+04
1.757812e-02 3.914235e+01 1.008073e+04
1.794434e-02 3.969837e+01 9.810882e+03
1.831055e-02 4.023015e+01 9.548588e+03
1.849365e-02 4.048701e+01 9.420208e+03
1.867676e-02 4.073790e+01 9.293638e+03
1.885986e-02 4.098283e+01 9.168853e+03
1.904297e-02 4.122185e+01 9.045829e+03
1.922607e-02 4.145500e+01 8.924540e+03
1.940918e-02 4.168231e+01 8.804963e+03
1.959229e-02 4.190381e+01 8.687073e+03
1.977539e-02 4.211956e+01 8.570848e+03
1.995850e-02 4.232959e+01 8.456264e+03
2.014160e-02 4.253395e+01 8.343299e+03
2.032471e-02 4.273268e+01 8.231930e+03
2.050781e-02 4.292583e+01 8.122134e+03
2.069092e-02 4.311345e+01 8.013890e+03
2.087402e-02 4.329558e+01 7.907175e+03
2.105713e-02 4.347228e+01 7.801970e+03
2.124023e-02 4.364361e+01 7.698253e+03
2.142334e-02 4.380960e+01 7.596002e+03
2.160645e-02 4.397032e+01 7.495198e+03
2.178955e-02 4.412582e+01 7.395820e+03
2.197266e-02 4.427615e+01 7.297849e+03
2.270508e-02 4.482698e+01 6.919642e+03
2.343750e-02 4.529979e+01 6.562417e+03
2.416992e-02 4.569846e+01 6.225027e+03
2.490234e-02 4.602695e+01 5.906386e+03
2.563477e-02 4.628929e+01 5.605469e+03
2.636719e-02 4.648955e+01 5.321302e+03
2.709961e-02 4.663182e+01 5.052966e+03
2.783203e-02 4.672014e+01 4.799593e+03
2.856445e-02 4.675852e+01 4.560360e+03
2.929688e-02 4.675092e+01 4.334487e+03
3.002930e-02 4.670120e+01 4.121240e+03
3.076172e-02 4.661315e+01 3.919921e+03
3.149414e-02 4.649042e+01 3.729873e+03
3.222656e-02 4.633658e+01 3.550472e+03
3.295898e-02 4.615505e+01 3.381129e+03
3.369141e-02 4.594915e+01 3.221286e+03
3.442383e-02 4.572203e+01 3.070417e+03
3.515625e-02 4.547674e+01 2.928022e+03
3.588867e-02 4.521616e+01 2.793631e+03
3.662109e-02 4.494303e+01 2.666796e+03
3.680420e-02 4.487309e+01 2.636219e+03
3.698730e-02 4.480258e+01 2.606080e+03
3.717041e-02 4.473152e+01 2.576375e+03
3.735352e-02 4.465996e+01 2.547097e+03
3.753662e-02 4.458793e+01 2.518240e+03
3.771973e-02 4.451548e+01 2.489798e+03
3.790283e-02 4.444262e+01 2.461765e+03
3.808594e-02 4.436942e+01 2.434134e+03
3.826904e-02 4.429589e+01 2.406902e+03
3.845215e-02 4.422207e+01 2.380061e+03
3.863525e-02 4.414800e+01 2.353605e+03
3.881836e-02 4.407372e+01 2.327531e+03
3.900146e-02 4.399924e+01 2.301831e+03
3.918457e-02 4.392462e+01 2.276502e+03
3.936768e-02 4.384987e+01 2.251536e+03
3.955078e-02 4.377504e+01 2.226930e+03
3.973389e-02 4.370015e+01 2.202678e+03
3.991699e-02 4.362523e+01 2.178774e+03
4.010010e-02 4.355031e+01 2.155215e+03
4.028320e-02 4.347543e+01 2.131994e+03
4.064941e-02 4.332587e+01 2.086550e+03
4.101562e-02 4.317679e+01 2.042405e+03
4.138184e-02 4.302840e+01 1.999520e+03
4.174805e-02 4.288090e+01 1.957860e+03
4.211426e-02 4.273450e+01 1.917390e+03
4.248047e-02 4.258940e+01 1.878076e+03
4.284668e-02 4.244578e+01 1.839884e+03
4.321289e-02 4.230382e+01 1.802781e+03
4.357910e-02 4.216369e+01 1.766738e+03
4.394531e-02 4.202555e+01 1.731723e+03
4.467773e-02 4.175587e+01 1.664659e+03
4.541016e-02 4.149594e+01 1.601363e+03
4.614258e-02 4.124683e+01 1.541619e+03
4.687500e-02 4.100948e+01 1.485224e+03
4.760742e-02 4.078475e+01 1.431985e+03
4.833984e-02 4.057338e+01 1.381722e+03
4.907227e-02 4.037603e+01 1.334263e+03
4.980469e-02 4.019328e+01 1.289446e+03
5.053711e-02 4.002562e+01 1.247117e+03
5.126953e-02 3.987344e+01 1.207133e+03
5.200195e-02 3.973709e+01 1.169356e+03
5.273438e-02 3.961681e+01 1.133658e+03
5.346680e-02 3.951282e+01 1.099917e+03
5.419922e-02 3.942523e+01 1.068017e+03
5.493164e-02 3.935411e+01 1.037851e+03
5.566406e-02 3.929949e+01 1.009316e+03
5.639648e-02 3.926131e+01 9.823152e+02
5.712891e-02 3.923950e+01 9.567572e+02
5.786133e-02 3.923391e+01 9.325560e+02
5.859375e-02 3.924437e+01 9.096304e+02
5.932617e-02 3.927068e+01 8.879037e+02
6.005859e-02 3.931256e+01 8.673037e+02
6.079102e-02 3.936975e+01 8.477621e+02
6.152344e-02 3.944193e+01 8.292149e+02
6.225586e-02 3.952875e+01 8.116013e+02
6.298828e-02 3.962984e+01 7.948642e+02
6.372070e-02 3.974482e+01 7.789499e+02
6.445312e-02 3.987327e+01 7.638077e+02
6.518555e-02 4.001477e+01 7.493899e+02
6.591797e-02 4.016886e+01 7.356514e+02
6.665039e-02 4.033510e+01 7.225499e+02
6.738281e-02 4.051300e+01 7.100456e+02
6.811523e-02 4.070208e+01 6.981009e+02
6.884766e-02 4.090186e+01 6.866807e+02
6.958008e-02 4.111183e+01 6.757516e+02
7.031250e-02 4.133149e+01 6.652825e+02
7.104492e-02 4.156034e+01 6.552441e+02
7.177734e-02 4.179786e+01 6.456087e+02
7.250977e-02 4.204354e+01 6.363505e+02
7.324219e-02 4.229687e+01 6.274452e+02
7.360840e-02 4.242625e+01 6.231176e+02
7.397461e-02 4.255734e+01 6.188698e+02
7.434082e-02 4.269010e+01 6.146991e+02
7.470703e-02 4.282444e+01 6.106030e+02
7.507324e-02 4.296032e+01 6.065789e+02
7.543945e-02 4.309767e+01 6.026246e+02
7.580566e-02 4.323642e+01 5.987376e+02
7.617188e-02 4.337652e+01 5.949158e+02
7.653809e-02 4.351789e+01 5.911569e+02
7.690430e-02 4.366049e+01 5.874589e+02
7.708740e-02 4.373222e+01 5.856321e+02
7.727051e-02 4.380424e+01 5.838197e+02
7.745361e-02 4.387654e+01 5.820216e+02
7.763672e-02 4.394909e+01 5.802374e+02
7.781982e-02 4.402191e+01 5.784670e+02
7.800293e-02 4.409498e+01 5.767100e+02
7.818604e-02 4.416830e+01 5.749663e+02
7.836914e-02 4.424185e+01 5.732357e+02
7.855225e-02 4.431563e+01 5.715179e+02
7.873535e-02 4.438963e+01 5.698127e+02
7.891846e-02 4.446384e+01 5.681198e+02
7.910156e-02 4.453826e+01 5.664392e+02
7.928467e-02 4.461289e+01 5.647705e+02
7.946777e-02 4.468770e+01 5.631136e+02
7.965088e-02 4.476270e+01 5.614683e+02
7.983398e-02 4.483788e+01 5.598344e+02
8.001709e-02 4.491322e+01 5.582116e+02
8.020020e-02 4.498873e+01 5.565998e+02
8.038330e-02 4.506440e+01 5.549988e+02
8.056641e-02 4.514022e+01 5.534085e+02
8.129883e-02 4.544483e+01 5.471496e+02
8.203125e-02 4.575128e+01 5.410466e+02
8.276367e-02 4.605911e+01 5.350892e+02
8.349609e-02 4.636791e+01 5.292677e+02
8.422852e-02 4.667726e+01 5.235730e+02
8.496094e-02 4.698675e+01 5.179966e+02
8.569336e-02 4.729598e+01 5.125308e+02
8.642578e-02 4.760456e+01 5.071683e+02
8.715820e-02 4.791213e+01 5.019022e+02
8.789062e-02 4.821832e+01 4.967262e+02
8.935547e-02 4.882515e+01 4.866217e+02
9.082031e-02 4.942238e+01 4.768127e+02
9.228516e-02 5.000750e+01 4.672632e+02
9.375000e-02 5.057822e+01 4.579427e+02
9.521484e-02 5.113239e+01 4.488249e+02
9.667969e-02 5.166808e+01 4.398878e+02
9.814453e-02 5.218350e+01 4.311130e+02
9.960938e-02 5.267709e+01 4.224851e+02
1.010742e-01 5.314740e+01 4.139915e+02
1.025391e-01 5.359319e+01 4.056216e+02
1.040039e-01 5.401337e+01 3.973673e+02
1.054688e-01 5.440700e+01 3.892219e+02
1.069336e-01 5.477328e+01 3.811804e+02
1.083984e-01 5.511158e+01 3.732389e+02
1.098633e-01 5.542137e+01 3.653947e+02
1.113281e-01 5.570228e+01 3.576460e+02
1.127930e-01 5.595405e+01 3.499916e+02
1.142578e-01 5.617653e+01 3.424311e+02
1.157227e-01 5.636968e+01 3.349646e+02
1.171875e-01 5.653359e+01 3.275926e+02
1.179199e-01 5.660462e+01 3.239423e+02
1.186523e-01 5.666840e+01 3.203159e+02
1.193848e-01 5.672497e+01 3.167135e+02
1.201172e-01 5.677437e+01 3.131354e+02
1.208496e-01 5.681664e+01 3.095816e+02
1.215820e-01 5.685183e+01 3.060524e+02
1.223145e-01 5.687999e+01 3.025479e+02
1.230469e-01 5.690119e+01 2.990682e+02
1.237793e-01 5.691548e+01 2.956137e+02
1.245117e-01 5.692293e+01 2.921843e+02
1.252441e-01 5.692361e+01 2.887804e+02
1.259766e-01 5.691759e+01 2.854021e+02
1.267090e-01 5.690496e+01 2.820496e+02
1.274414e-01 5.688579e+01 2.787230e+02
1.281738e-01 5.686016e+01 2.754226e+02
1.289062e-01 5.682817e+01 2.721484e+02
1.296387e-01 5.678990e+01 2.689008e+02
1.303711e-01 5.674544e+01 2.656797e+02
1.311035e-01 5.669488e+01 2.624855e+02
1.318359e-01 5.663833e+01 2.593182e+02
1.333008e-01 5.650765e+01 2.530650e+02
1.347656e-01 5.635420e+01 2.469211e+02
1.362305e-01 5.617884e+01 2.408876e+02
1.376953e-01 5.598242e+01 2.349652e+02
1.391602e-01 5.576585e+01 2.291546e+02
1.406250e-01 5.553002e+01 2.234565e+02
1.420898e-01 5.527587e+01 2.178711e+02
1.435547e-01 5.500432e+01 2.123989e+02
1.450195e-01 5.471631e+01 2.070399e+02
1.464844e-01 5.441278e+01 2.017941e+02
1.472168e-01 5.425549e+01 1.992136e+02
1.479492e-01 5.409467e+01 1.966615e+02
1.486816e-01 5.393044e+01 1.941375e+02
1.494141e-01 5.376292e+01 1.916417e+02
1.501465e-01 5.359222e+01 1.891740e+02
1.508789e-01 5.341846e+01 1.867345e+02
1.516113e-01 5.324176e+01 1.843229e+02
1.523438e-01 5.306223e+01 1.819392e+02
1.530762e-01 5.287999e+01 1.795835e+02
1.538086e-01 5.269515e+01 1.772554e+02
1.539917e-01 5.264854e+01 1.766778e+02
1.541748e-01 5.260179e+01 1.761018e+02
1.543579e-01 5.255488e+01 1.755276e+02
1.545410e-01 5.250782e+01 1.749551e+02
1.547241e-01 5.246061e+01 1.743843e+02
1.549072e-01 5.241326e+01 1.738153e+02
1.550903e-01 5.236576e+01 1.732479e+02
1.552734e-01 5.231812e+01 1.726823e+02
1.554565e-01 5.227033e+01 1.721184e+02
1.556396e-01 5.222241e+01 1.715563e+02
1.558228e-01 5.217435e+01 1.709958e+02
1.560059e-01 5.212615e+01 1.704370e+02
1.561890e-01 5.207782e+01 1.698800e+02
1.563721e-01 5.202936e+01 1.693247e+02
1.565552e-01 5.198077e+01 1.687710e+02
1.567383e-01 5.193204e+01 1.682191e+02
1.569214e-01 5.188319e+01 1.676689e+02
1.571045e-01 5.183422e+01 1.671204e+02
1.572876e-01 5.178511e+01 1.665736e+02
1.574707e-01 5.173589e+01 1.660285e+02
1.578369e-01 5.163708e+01 1.649433e+02
1.582031e-01 5.153781e+01 1.638649e+02
1.585693e-01 5.143807e+01 1.627933e+02
1.589355e-01 5.133790e+01 1.617283e+02
1.593018e-01 5.123729e+01 1.606701e+02
1.596680e-01 5.113627e+01 1.596186e+02
1.600342e-01 5.103485e+01 1.585738e+02
1.604004e-01 5.093303e+01 1.575356e+02
1.607666e-01 5.083084e+01 1.565041e+02
1.611328e-01 5.072829e+01 1.554792e+02
1.625977e-01 5.031470e+01 1.514455e+02
1.640625e-01 4.989632e+01 1.475163e+02
1.655273e-01 4.947393e+01 1.436902e+02
1.669922e-01 4.904833e+01 1.399658e+02
1.684570e-01 4.862025e+01 1.363418e+02
1.699219e-01 4.819043e+01 1.328166e+02
1.713867e-01 4.775958e+01 1.293887e+02
1.728516e-01 4.732838e+01 1.260565e+02
1.743164e-01 4.689749e+01 1.228183e+02
1.757812e-01 4.646754e+01 1.196726e+02
1.772461e-01 4.603915e+01 1.166176e+02
1.787109e-01 4.561291e+01 1.136516e+02
1.801758e-01 4.518939e+01 1.107730e+02
1.816406e-01 4.476911e+01 1.079798e+02
1.831055e-01 4.435259e+01 1.052705e+02
1.845703e-01 4.394033e+01 1.026431e+02
1.860352e-01 4.353279e+01 1.000960e+02
1.875000e-01 4.313042e+01 9.762730e+01
1.889648e-01 4.273363e+01 9.523529e+01
1.904297e-01 4.234282e+01 9.291816e+01
1.918945e-01 4.195836e+01 9.067414e+01
1.933594e-01 4.158060e+01 8.850147e+01
1.948242e-01 4.120987e+01 8.639837e+01
1.962891e-01 4.084648e+01 8.436310e+01
1.977539e-01 4.049069e+01 8.239393e+01
1.992188e-01 4.014279e+01 8.048913e+01
2.006836e-01 3.980300e+01 7.864701e+01
2.021484e-01 3.947156e+01 7.686588e+01
2.036133e-01 3.914865e+01 7.514407e+01
2.050781e-01 3.883447e+01 7.347994e+01
2.065430e-01 3.852917e+01 7.187186e+01
2.080078e-01 3.823289e+01 7.031824e+01
2.094727e-01 3.794577e+01 6.881750e+01
2.109375e-01 3.766792e+01 6.736808e+01
2.124023e-01 3.739942e+01 6.596847e+01
2.138672e-01 3.714035e+01 6.461716e+01
2.153320e-01 3.689078e+01 6.331268e+01
2.167969e-01 3.665074e+01 6.205358e+01
2.182617e-01 3.642027e+01 6.083845e+01
2.197266e-01 3.619939e+01 5.966591e+01
2.211914e-01 3.598809e+01 5.853457e+01
2.226562e-01 3.578638e+01 5.744313e+01
2.241211e-01 3.559422e+01 5.639026e+01
2.255859e-01 3.541158e+01 5.537471e+01
2.270508e-01 3.523843e+01 5.439521e+01
2.285156e-01 3.507469e+01 5.345055e+01
2.299805e-01 3.492032e+01 5.253955e+01
2.314453e-01 3.477522e+01 5.166105e+01
2.329102e-01 3.463932e+01 5.081391e+01
2.343750e-01 3.451252e+01 4.999704e+01
2.358398e-01 3.439472e+01 4.920934e+01
2.373047e-01 3.428581e+01 4.844979e+01
2.387695e-01 3.418566e+01 4.771734e+01
2.402344e-01 3.409415e+01 4.701103e+01
2.416992e-01 3.401116e+01 4.632987e+01
2.431641e-01 3.393654e+01 4.567294e+01
2.446289e-01 3.387015e+01 4.503931e+01
2.460938e-01 3.381184e+01 4.442811e+01
2.475586e-01 3.376146e+01 4.383846e+01
2.490234e-01 3.371884e+01 4.326954e+01
2.504883e-01 3.368383e+01 4.272054e+01
2.519531e-01 3.365625e+01 4.219066e+01
2.534180e-01 3.363594e+01 4.167915e+01
2.548828e-01 3.362272e+01 4.118527e+01
2.563477e-01 3.361642e+01 4.070830e+01
2.578125e-01 3.361686e+01 4.024754e+01
2.592773e-01 3.362385e+01 3.980233e+01
2.607422e-01 3.363722e+01 3.937202e+01
2.622070e-01 3.365678e+01 3.895597e+01
2.636719e-01 3.368234e+01 3.855358e+01
2.666016e-01 3.375071e+01 3.778745e+01
2.695312e-01 3.384083e+01 3.706917e+01
2.724609e-01 3.395119e+01 3.639458e+01
2.753906e-01 3.408028e+01 3.575979e+01
2.783203e-01 3.422658e+01 3.516121e+01
2.812500e-01 3.438861e+01 3.459550e+01
2.841797e-01 3.456489e+01 3.405957e+01
2.871094e-01 3.475396e+01 3.355056e+01
2.900391e-01 3.495442e+01 3.306581e+01
2.929688e-01 3.516485e+01 3.260291e+01
2.944336e-01 3.527339e+01 3.237894e+01
2.958984e-01 3.538391e+01 3.215960e+01
2.973633e-01 3.549626e+01 3.194465e+01
2.988281e-01 3.561028e+01 3.173383e+01
3.002930e-01 3.572580e+01 3.152693e+01
3.017578e-01 3.584266e+01 3.132372e+01
3.032227e-01 3.596073e+01 3.112399e+01
3.046875e-01 3.607983e+01 3.092754e+01
3.061523e-01 3.619984e+01 3.073417e+01
3.076172e-01 3.632059e+01 3.054371e+01
3.079834e-01 3.635088e+01 3.049653e+01
3.083496e-01 3.638121e+01 3.044952e+01
3.087158e-01 3.641156e+01 3.040267e+01
3.090820e-01 3.644196e+01 3.035598e+01
3.094482e-01 3.647237e+01 3.030946e+01
3.098145e-01 3.650282e+01 3.026309e+01
3.101807e-01 3.653329e+01 3.021687e+01
3.105469e-01 3.656379e+01 3.017081e+01
3.109131e-01 3.659431e+01 3.012490e+01
3.112793e-01 3.662484e+01 3.007914e+01
3.116455e-01 3.665539e+01 3.003352e+01
3.120117e-01 3.668596e+01 2.998805e+01
3.123779e-01 3.671654e+01 2.994271e+01
3.127441e-01 3.674712e+01 2.989752e+01
3.131104e-01 3.677772e+01 2.985246e+01
3.134766e-01 3.680833e+01 2.980753e+01
3.138428e-01 3.683894e+01 2.976274e+01
3.142090e-01 3.686955e+01 2.971808e+01
3.145752e-01 3.690016e+01 2.967354e+01
3.149414e-01 3.693077e+01 2.962913e+01
3.156738e-01 3.699197e+01 2.954068e+01
3.164062e-01 3.705315e+01 2.945270e+01
3.171387e-01 3.711428e+01 2.936519e+01
3.178711e-01 3.717535e+01 2.927812e+01
3.186035e-01 3.723635e+01 2.919148e+01
3.193359e-01 3.729725e+01 2.910525e+01
3.200684e-01 3.735805e+01 2.901943e+01
3.208008e-01 3.741873e+01 2.893399e+01
3.215332e-01 3.747927e+01 2.884892e+01
3.222656e-01 3.753967e+01 2.876422e+01
3.251953e-01 3.777950e+01 2.842875e+01
3.281250e-01 3.801587e+01 2.809807e+01
3.310547e-01 3.824799e+01 2.777150e+01
3.339844e-01 3.847509e+01 2.744843e+01
3.369141e-01 3.869644e+01 2.712832e+01
3.398438e-01 3.891139e+01 2.681071e+01
3.427734e-01 3.911931e+01 2.649519e+01
3.457031e-01 3.931962e+01 2.618140e+01
3.486328e-01 3.951179e+01 2.586904e+01
3.515625e-01 3.969534e+01 2.555787e+01
3.544922e-01 3.986982e+01 2.524765e+01
3.574219e-01 4.003481e+01 2.493823e+01
3.603516e-01 4.018996e+01 2.462946e+01
3.632812e-01 4.033494e+01 2.432123e+01
3.662109e-01 4.046946e+01 2.401347e+01
3.691406e-01 4.059326e+01 2.370611e+01
3.720703e-01 4.070613e+01 2.339914e+01
3.750000e-01 4.080787e+01 2.309253e+01
3.779297e-01 4.089835e+01 2.278630e+01
3.808594e-01 4.097743e+01 2.248048e+01
3.837891e-01 4.104501e+01 2.217509e+01
3.867188e-01 4.110104e+01 2.187019e+01
3.896484e-01 4.114547e+01 2.156584e+01
3.925781e-01 4.117829e+01 2.126211e+01
3.955078e-01 4.119951e+01 2.095907e+01
3.984375e-01 4.120916e+01 2.065682e+01
4.013672e-01 4.120728e+01 2.035543e+01
4.042969e-01 4.119396e+01 2.005501e+01
4.072266e-01 4.116929e+01 1.975565e+01
4.101562e-01 4.113336e+01 1.945744e+01
4.130859e-01 4.108632e+01 1.916049e+01
4.160156e-01 4.102830e+01 1.886489e+01
4.189453e-01 4.095945e+01 1.857076e+01
4.218750e-01 4.087994e+01 1.827817e+01
4.248047e-01 4.078996e+01 1.798725e+01
4.277344e-01 4.068968e+01 1.769808e+01
4.306641e-01 4.057932e+01 1.741076e+01
4.335938e-01 4.045909e+01 1.712538e+01
4.365234e-01 4.032919e+01 1.684203e+01
4.394531e-01 4.018987e+01 1.656081e+01
4.423828e-01 4.004134e+01 1.628180e+01
4.453125e-01 3.988386e+01 1.600507e+01
4.482422e-01 3.971767e+01 1.573071e+01
4.511719e-01 3.954301e+01 1.545880e+01
4.541016e-01 3.936014e+01 1.518940e+01
4.570312e-01 3.916931e+01 1.492259e+01
4.599609e-01 3.897079e+01 1.465843e+01
4.628906e-01 3.876484e+01 1.439698e+01
4.658203e-01 3.855172e+01 1.413830e+01
4.687500e-01 3.833170e+01 1.388244e+01
4.716797e-01 3.810504e+01 1.362944e+01
4.746094e-01 3.787199e+01 1.337937e+01
4.775391e-01 3.763282e+01 1.313225e+01
4.804688e-01 3.738781e+01 1.288813e+01
4.833984e-01 3.713720e+01 1.264704e+01
4.863281e-01 3.688127e+01 1.240901e+01
4.892578e-01 3.662027e+01 1.217408e+01
4.921875e-01 3.635445e+01 1.194226e+01
4.951172e-01 3.608407e+01 1.171358e+01
4.980469e-01 3.580939e+01 1.148806e+01
5.009766e-01 3.553064e+01 1.126571e+01
5.039062e-01 3.524808e+01 1.104654e+01
5.068359e-01 3.496195e+01 1.083056e+01
5.097656e-01 3.467248e+01 1.061779e+01
5.126953e-01 3.437992e+01 1.040821e+01
5.156250e-01 3.408448e+01 1.020185e+01
5.185547e-01 3.378640e+01 9.998685e+00
5.214844e-01 3.348589e+01 9.798722e+00
5.244141e-01 3.318319e+01 9.601953e+00
5.273438e-01 3.287849e+01 9.408371e+00
5.332031e-01 3.226396e+01 9.030722e+00
5.390625e-01 3.164392e+01 8.665671e+00
5.449219e-01 3.101991e+01 8.313084e+00
5.507812e-01 3.039339e+01 7.972802e+00
5.566406e-01 2.976576e+01 7.644644e+00
5.625000e-01 2.913831e+01 7.328406e+00
5.683594e-01 2.851230e+01 7.023868e+00
5.742188e-01 2.788887e+01 6.730793e+00
5.800781e-01 2.726910e+01 6.448934e+00
5.859375e-01 2.665400e+01 6.178028e+00
5.888672e-01 2.634849e+01 6.046599e+00
5.917969e-01 2.604450e+01 5.917808e+00
5.947266e-01 2.574213e+01 5.791618e+00
5.976562e-01 2.544147e+01 5.667995e+00
6.005859e-01 2.514263e+01 5.546903e+00
6.035156e-01 2.484571e+01 5.428307e+00
6.064453e-01 2.455078e+01 5.312171e+00
6.093750e-01 2.425793e+01 5.198459e+00
6.123047e-01 2.396725e+01 5.087133e+00
6.152344e-01 2.367881e+01 4.978159e+00
6.159668e-01 2.360706e+01 4.951278e+00
6.166992e-01 2.353545e+01 4.924542e+00
6.174316e-01 2.346399e+01 4.897949e+00
6.181641e-01 2.339268e+01 4.871499e+00
6.188965e-01 2.332152e+01 4.845192e+00
6.196289e-01 2.325051e+01 4.819026e+00
6.203613e-01 2.317965e+01 4.793001e+00
6.210938e-01 2.310894e+01 4.767117e+00
6.218262e-01 2.303839e+01 4.741374e+00
6.225586e-01 2.296799e+01 4.715770e+00
6.229248e-01 2.293284e+01 4.703020e+00
6.232910e-01 2.289774e+01 4.690304e+00
6.236572e-01 2.286268e+01 4.677624e+00
6.240234e-01 2.282765e+01 4.664978e+00
6.243896e-01 2.279267e+01 4.652366e+00
6.247559e-01 2.275772e+01 4.639789e+00
6.251221e-01 2.272281e+01 4.627246e+00
6.254883e-01 2.268794e+01 4.614737e+00
6.258545e-01 2.265312e+01 4.602262e+00
6.262207e-01 2.261833e+01 4.589821e+00
6.265869e-01 2.258358e+01 4.577415e+00
6.269531e-01 2.254887e+01 4.565042e+00
6.273193e-01 2.251420e+01 4.552703e+00
6.276855e-01 2.247957e+01 4.540398e+00
6.280518e-01 2.244499e+01 4.528127e+00
6.284180e-01 2.241044e+01 4.515890e+00
6.287842e-01 2.237593e+01 4.503686e+00
6.291504e-01 2.234147e+01 4.491516e+00
6.295166e-01 2.230704e+01 4.479379e+00
6.298828e-01 2.227266e+01 4.467275e+00
6.313477e-01 2.213554e+01 4.419194e+00
6.328125e-01 2.199908e+01 4.371642e+00
6.342773e-01 2.186329e+01 4.324613e+00
6.357422e-01 2.172818e+01 4.278105e+00
6.372070e-01 2.159375e+01 4.232111e+00
6.386719e-01 2.146001e+01 4.186628e+00
6.401367e-01 2.132696e+01 4.141652e+00
6.416016e-01 2.119461e+01 4.097177e+00
6.430664e-01 2.106296e+01 4.053199e+00
6.445312e-01 2.093203e+01 4.009715e+00
6.503906e-01 2.041547e+01 3.840616e+00
6.562500e-01 1.991061e+01 3.679052e+00
6.621094e-01 1.941768e+01 3.524747e+00
6.679688e-01 1.893688e+01 3.377430e+00
6.738281e-01 1.846836e+01 3.236833e+00
6.796875e-01 1.801225e+01 3.102698e+00
6.855469e-01 1.756861e+01 2.974769e+00
6.914062e-01 1.713750e+01 2.852798e+00
6.972656e-01 1.671893e+01 2.736543e+00
7.031250e-01 1.631290e+01 2.625768e+00
7.089844e-01 1.591937e+01 2.520244e+00
7.148438e-01 1.553827e+01 2.419750e+00
7.207031e-01 1.516952e+01 2.324069e+00
7.265625e-01 1.481300e+01 2.232993e+00
7.324219e-01 1.446861e+01 2.146319e+00
7.382812e-01 1.413618e+01 2.063852e+00
7.441406e-01 1.381556e+01 1.985403e+00
7.500000e-01 1.350658e+01 1.910790e+00
7.558594e-01 1.320905e+01 1.839838e+00
7.617188e-01 1.292276e+01 1.772376e+00
7.675781e-01 1.264750e+01 1.708243e+00
7.734375e-01 1.238306e+01 1.647281e+00
7.792969e-01 1.212921e+01 1.589340e+00
7.851562e-01 1.188571e+01 1.534275e+00
7.910156e-01 1.165232e+01 1.481947e+00
7.968750e-01 1.142880e+01 1.432222e+00
8.027344e-01 1.121488e+01 1.384973e+00
8.085938e-01 1.101033e+01 1.340077e+00
8.144531e-01 1.081488e+01 1.297417e+00
8.203125e-01 1.062827e+01 1.256881e+00
8.261719e-01 1.045025e+01 1.218361e+00
8.320312e-01 1.028055e+01 1.181754e+00
8.378906e-01 1.011892e+01 1.146963e+00
8.437500e-01 9.965088e+00 1.113894e+00
8.496094e-01 9.818808e+00 1.082456e+00
8.554688e-01 9.679821e+00 1.052566e+00
8.613281e-01 9.547871e+00 1.024140e+00
8.671875e-01 9.422708e+00 9.971026e-01
8.730469e-01 9.304082e+00 9.713787e-01
8.789062e-01 9.191749e+00 9.468979e-01
8.847656e-01 9.085465e+00 9.235934e-01
8.906250e-01 8.984992e+00 9.014011e-01
8.964844e-01 8.890096e+00 8.802603e-01
9.023438e-01 8.800546e+00 8.601134e-01
9.082031e-01 8.716116e+00 8.409054e-01
9.140625e-01 8.636583e+00 8.225841e-01
9.199219e-01 8.561732e+00 8.051001e-01
9.257812e-01 8.491348e+00 7.884062e-01
9.316406e-01 8.425224e+00 7.724578e-01
9.375000e-01 8.363158e+00 7.572127e-01
9.492188e-01 8.250424e+00 7.286749e-01
9.609375e-01 8.151627e+00 7.024965e-01
9.726562e-01 8.065332e+00 6.784121e-01
9.843750e-01 7.990185e+00 6.561842e-01
9.960938e-01 7.924916e+00 6.356007e-01
1.007812e+00 7.868335e+00 6.164722e-01
1.019531e+00 7.819333e+00 5.986304e-01
1.031250e+00 7.776876e+00 5.819255e-01
1.042969e+00 7.740005e+00 5.662247e-01
1.054688e+00 7.707837e+00 5.514105e-01
1.066406e+00 7.679554e+00 5.373791e-01
1.078125e+00 7.654409e+00 5.240389e-01
1.089844e+00 7.631716e+00 5.113095e-01
1.101562e+00 7.610852e+00 4.991202e-01
1.113281e+00 7.591251e+00 4.874092e-01
1.125000e+00 7.572401e+00 4.761225e-01
1.136719e+00 7.553844e+00 4.652133e-01
1.148438e+00 7.535169e+00 4.546408e-01
1.160156e+00 7.516010e+00 4.443698e-01
1.171875e+00 7.496045e+00 4.343699e-01
1.177734e+00 7.485671e+00 4.294634e-01
1.183594e+00 7.474992e+00 4.246152e-01
1.189453e+00 7.463980e+00 4.198227e-01
1.195312e+00 7.452606e+00 4.150834e-01
1.201172e+00 7.440846e+00 4.103951e-01
1.207031e+00 7.428676e+00 4.057556e-01
1.212891e+00 7.416076e+00 4.011631e-01
1.218750e+00 7.403024e+00 3.966158e-01
1.224609e+00 7.389505e+00 3.921122e-01
1.230469e+00 7.375501e+00 3.876506e-01
1.231934e+00 7.371923e+00 3.865417e-01
1.233398e+00 7.368313e+00 3.854353e-01
1.234863e+00 7.364672e+00 3.843313e-01
1.236328e+00 7.360999e+00 3.832299e-01
1.237793e+00 7.357294e+00 3.821310e-01
1.239258e+00 7.353557e+00 3.810345e-01
1.240723e+00 7.349788e+00 3.799404e-01
1.242188e+00 7.345986e+00 3.788488e-01
1.243652e+00 7.342151e+00 3.777596e-01
1.245117e+00 7.338284e+00 3.766727e-01
1.246582e+00 7.334383e+00 3.755883e-01
1.248047e+00 7.330450e+00 3.745062e-01
1.249512e+00 7.326483e+00 3.734264e-01
1.250977e+00 7.322482e+00 3.723489e-01
1.252441e+00 7.318448e+00 3.712738e-01
1.253906e+00 7.314381e+00 3.702010e-01
1.255371e+00 7.310279e+00 3.691304e-01
1.256836e+00 7.306144e+00 3.680622e-01
1.258301e+00 7.301974e+00 3.669962e-01
1.259766e+00 7.297771e+00 3.659324e-01
1.262695e+00 7.289261e+00 3.638116e-01
1.265625e+00 7.280613e+00 3.616996e-01
1.268555e+00 7.271826e+00 3.595963e-01
1.271484e+00 7.262901e+00 3.575018e-01
1.274414e+00 7.253835e+00 3.554158e-01
1.277344e+00 7.244630e+00 3.533383e-01
1.280273e+00 7.235284e+00 3.512693e-01
1.283203e+00 7.225797e+00 3.492087e-01
1.286133e+00 7.216168e+00 3.471564e-01
1.289062e+00 7.206399e+00 3.451123e-01
1.300781e+00 7.165902e+00 3.370175e-01
1.312500e+00 7.123140e+00 3.290509e-01
1.324219e+00 7.078126e+00 3.212099e-01
1.335938e+00 7.030886e+00 3.134931e-01
1.347656e+00 6.981457e+00 3.058989e-01
1.359375e+00 6.929886e+00 2.984267e-01
1.371094e+00 6.876229e+00 2.910759e-01
1.382812e+00 6.820550e+00 2.838461e-01
1.394531e+00 6.762919e+00 2.767374e-01
1.406250e+00 6.703411e+00 2.697497e-01
1.417969e+00 6.642107e+00 2.628831e-01
1.429688e+00 6.579092e+00 2.561379e-01
1.441406e+00 6.514452e+00 2.495142e-01
1.453125e+00 6.448279e+00 2.430122e-01
1.464844e+00 6.380663e+00 2.366319e-01
1.476562e+00 6.311699e+00 2.303736e-01
1.488281e+00 6.241480e+00 2.242372e-01
1.500000e+00 6.170100e+00 2.182226e-01
1.511719e+00 6.097653e+00 2.123297e-01
1.523438e+00 6.024234e+00 2.065583e-01
1.529297e+00 5.987188e+00 2.037180e-01
1.535156e+00 5.949934e+00 2.009080e-01
1.541016e+00 5.912483e+00 1.981281e-01
1.546875e+00 5.874847e+00 1.953783e-01
1.552734e+00 5.837036e+00 1.926585e-01
1.558594e+00 5.799062e+00 1.899687e-01
1.564453e+00 5.760935e+00 1.873087e-01
1.570312e+00 5.722667e+00 1.846785e-01
1.576172e+00 5.684269e+00 1.820780e-01
1.582031e+00 5.645750e+00 1.795071e-01
1.587891e+00 5.607123e+00 1.769657e-01
1.593750e+00 5.568396e+00 1.744536e-01
1.599609e+00 5.529580e+00 1.719707e-01
1.605469e+00 5.490686e+00 1.695169e-01
1.611328e+00 5.451724e+00 1.670921e-01
1.617188e+00 5.412702e+00 1.646962e-01
1.623047e+00 5.373632e+00 1.623289e-01
1.628906e+00 5.334521e+00 1.599902e-01
1.634766e+00 5.295381e+00 1.576799e-01
1.640625e+00 5.256219e+00 1.553978e-01
1.664062e+00 5.099539e+00 1.465486e-01
1.687500e+00 4.943211e+00 1.381375e-01
1.710938e+00 4.787743e+00 1.301525e-01
1.734375e+00 4.633597e+00 1.225808e-01
1.757812e+00 4.481193e+00 1.154087e-01
1.781250e+00 4.330909e+00 1.086224e-01
1.804688e+00 4.183080e+00 1.022074e-01
1.828125e+00 4.038002e+00 9.614902e-02
1.851562e+00 3.895933e+00 9.043256e-02
1.875000e+00 3.757095e+00 8.504324e-02
1.898438e+00 3.621678e+00 7.996636e-02
1.921875e+00 3.489837e+00 7.518739e-02
1.945312e+00 3.361701e+00 7.069203e-02
1.968750e+00 3.237369e+00 6.646625e-02
1.992188e+00 3.116915e+00 6.249636e-02
2.015625e+00 3.000392e+00 5.876905e-02
2.039062e+00 2.887830e+00 5.527144e-02
2.062500e+00 2.779242e+00 5.199104e-02
2.085938e+00 2.674620e+00 4.891586e-02
2.109375e+00 2.573945e+00 4.603434e-02
2.132812e+00 2.477182e+00 4.333539e-02
2.156250e+00 2.384284e+00 4.080842e-02
2.179688e+00 2.295192e+00 3.844330e-02
2.203125e+00 2.209840e+00 3.623036e-02
2.226562e+00 2.128152e+00 3.416041e-02
2.250000e+00 2.050047e+00 3.222471e-02
2.273438e+00 1.975437e+00 3.041496e-02
2.296875e+00 1.904228e+00 2.872330e-02
2.320312e+00 1.836324e+00 2.714229e-02
2.343750e+00 1.771626e+00 2.566490e-02
2.355469e+00 1.740447e+00 2.496297e-02
2.367188e+00 1.710031e+00 2.428449e-02
2.378906e+00 1.680366e+00 2.362867e-02
2.390625e+00 1.651437e+00 2.299477e-02
2.402344e+00 1.623232e+00 2.238207e-02
2.414062e+00 1.595737e+00 2.178986e-02
2.425781e+00 1.568940e+00 2.121745e-02
2.437500e+00 1.542828e+00 2.066419e-02
2.449219e+00 1.517386e+00 2.012942e-02
2.460938e+00 1.492603e+00 1.961252e-02
2.472656e+00 1.468465e+00 1.911289e-02
2.484375e+00 1.444959e+00 1.862993e-02
2.496094e+00 1.422072e+00 1.816309e-02
2.507812e+00 1.399791e+00 1.771182e-02
2.519531e+00 1.378103e+00 1.727557e-02
2.531250e+00 1.356997e+00 1.685384e-02
2.542969e+00 1.336458e+00 1.644612e-02
2.554688e+00 1.316475e+00 1.605193e-02
2.566406e+00 1.297036e+00 1.567080e-02
2.578125e+00 1.278127e+00 1.530228e-02
2.601562e+00 1.241855e+00 1.460133e-02
2.625000e+00 1.207563e+00 1.394573e-02
2.648438e+00 1.175159e+00 1.333237e-02
2.671875e+00 1.144553e+00 1.275832e-02
2.695312e+00 1.115655e+00 1.222086e-02
2.718750e+00 1.088381e+00 1.171744e-02
2.742188e+00 1.062649e+00 1.124568e-02
2.765625e+00 1.038378e+00 1.080336e-02
2.789062e+00 1.015490e+00 1.038842e-02
2.812500e+00 9.939124e-01 9.998922e-03
2.835938e+00 9.735724e-01 9.633078e-03
2.859375e+00 9.544013e-01 9.289213e-03
2.882812e+00 9.363327e-01 8.965769e-03
2.906250e+00 9.193031e-01 8.661297e-03
2.929688e+00 9.032516e-01 8.374450e-03
2.953125e+00 8.881198e-01 8.103974e-03
2.976562e+00 8.738520e-01 7.848705e-03
3.000000e+00 8.603949e-01 7.607561e-03
3.023438e+00 8.476975e-01 7.379536e-03
3.046875e+00 8.357115e-01 7.163697e-03
3.070312e+00 8.243905e-01 6.959178e-03
3.093750e+00 8.136906e-01 6.765174e-03
3.117188e+00 8.035699e-01 6.580940e-03
3.140625e+00 7.939888e-01 6.405785e-03
3.164062e+00 7.849096e-01 6.239067e-03
3.187500e+00 7.762965e-01 6.080193e-03
3.210938e+00 7.681156e-01 5.928612e-03
3.234375e+00 7.603348e-01 5.783813e-03
3.257812e+00 7.529239e-01 5.645326e-03
3.281250e+00 7.458543e-01 5.512714e-03
3.328125e+00 7.326320e-01 5.263526e-03
3.375000e+00 7.204698e-01 5.033365e-03
3.421875e+00 7.091923e-01 4.819765e-03
3.468750e+00 6.986447e-01 4.620623e-03
3.515625e+00 6.886911e-01 4.434141e-03
3.562500e+00 6.792126e-01 4.258789e-03
3.609375e+00 6.701061e-01 4.093264e-03
3.656250e+00 6.612825e-01 3.936456e-03
3.703125e+00 6.526652e-01 3.787423e-03
3.750000e+00 6.441892e-01 3.645365e-03
3.843750e+00 6.274500e-01 3.379551e-03
3.937500e+00 6.107285e-01 3.134709e-03
4.031250e+00 5.938041e-01 2.907729e-03
4.125000e+00 5.765459e-01 2.696349e-03
4.218750e+00 5.588924e-01 2.498911e-03
4.312500e+00 5.408334e-01 2.314171e-03
4.406250e+00 5.223967e-01 2.141176e-03
4.500000e+00 5.036368e-01 1.979168e-03
4.593750e+00 4.846256e-01 1.827518e-03
4.687500e+00 4.654455e-01 1.685685e-03
4.734375e+00 4.558195e-01 1.618295e-03
4.781250e+00 4.461843e-01 1.553179e-03
4.828125e+00 4.365510e-01 1.490281e-03
4.875000e+00 4.269306e-01 1.429546e-03
4.921875e+00 4.173337e-01 1.370921e-03
4.968750e+00 4.077709e-01 1.314353e-03
5.015625e+00 3.982522e-01 1.259790e-03
5.062500e+00 3.887873e-01 1.207180e-03
5.109375e+00 3.793857e-01 1.156473e-03
5.156250e+00 3.700561e-01 1.107618e-03
5.203125e+00 3.608071e-01 1.060564e-03
5.250000e+00 3.516466e-01 1.015262e-03
5.296875e+00 3.425820e-01 9.716621e-04
5.343750e+00 3.336204e-01 9.297164e-04
5.390625e+00 3.247682e-01 8.893760e-04
5.437500e+00 3.160315e-01 8.505932e-04
5.484375e+00 3.074157e-01 8.133208e-04
5.531250e+00 2.989259e-01 7.775120e-04
5.578125e+00 2.905667e-01 7.431208e-04
5.625000e+00 2.823421e-01 7.101021e-04
5.718750e+00 2.663115e-01 6.480041e-04
5.812500e+00 2.508582e-01 5.908708e-04
5.906250e+00 2.360003e-01 5.383678e-04
6.000000e+00 2.217500e-01 4.901751e-04
6.093750e+00 2.081141e-01 4.459871e-04
6.187500e+00 1.950946e-01 4.055132e-04
6.281250e+00 1.826895e-01 3.684780e-04
6.375000e+00 1.708929e-01 3.346215e-04
6.468750e+00 1.596959e-01 3.036989e-04
6.562500e+00 1.490867e-01 2.754803e-04
6.656250e+00 1.390514e-01 2.497504e-04
6.750000e+00 1.295739e-01 2.263081e-04
6.843750e+00 1.206369e-01 2.049661e-04
6.937500e+00 1.122217e-01 1.855500e-04
7.031250e+00 1.043088e-01 1.678981e-04
7.125000e+00 9.687789e-02 1.518606e-04
7.218750e+00 8.990846e-02 1.372988e-04
7.312500e+00 8.337965e-02 1.240848e-04
7.406250e+00 7.727060e-02 1.121005e-04
7.500000e+00 7.156055e-02 1.012375e-04
7.687500e+00 6.125612e-02 8.248394e-05
7.875000e+00 5.230767e-02 6.712038e-05
8.062500e+00 4.456483e-02 5.455606e-05
8.250000e+00 3.788757e-02 4.429747e-05
8.437500e+00 3.214700e-02 3.593379e-05
8.625000e+00 2.722581e-02 2.912412e-05
8.812500e+00 2.301817e-02 2.358646e-05
9.000000e+00 1.942941e-02 1.908819e-05
9.187500e+00 1.637543e-02 1.543790e-05
9.375000e+00 1.378204e-02 1.247846e-05
9.468750e+00 1.263737e-02 1.121661e-05
9.562500e+00 1.158409e-02 1.008113e-05
9.656250e+00 1.061532e-02 9.059545e-06
9.750000e+00 9.724689e-03 8.140604e-06
9.843750e+00 8.906219e-03 7.314125e-06
9.937500e+00 8.154355e-03 6.570909e-06
1.003125e+01 7.463934e-03 5.902660e-06
1.012500e+01 6.830182e-03 5.301910e-06
1.021875e+01 6.248694e-03 4.761939e-06
1.031250e+01 5.715342e-03 4.276657e-06
1.040625e+01 5.226289e-03 3.840564e-06
1.050000e+01 4.777999e-03 3.448717e-06
1.059375e+01 4.367198e-03 3.096660e-06
1.068750e+01 3.990864e-03 2.780384e-06
1.078125e+01 3.646205e-03 2.496278e-06
1.087500e+01 3.330644e-03 2.241093e-06
1.096875e+01 3.041804e-03 2.011903e-06
1.106250e+01 2.777493e-03 1.806078e-06
1.115625e+01 2.535689e-03 1.621249e-06
1.125000e+01 2.314533e-03 1.455286e-06
1.162500e+01 1.604080e-03 9.445615e-07
1.200000e+01 1.109108e-03 6.129167e-07
1.237500e+01 7.653140e-04 3.976852e-07
1.275000e+01 5.271460e-04 2.580481e-07
1.312500e+01 3.625226e-04 1.674660e-07
1.350000e+01 2.489593e-04 1.087054e-07
1.387500e+01 1.707618e-04 7.058539e-08
1.425000e+01 1.170084e-04 4.585404e-08
1.462500e+01 8.011067e-05 2.980497e-08
1.500000e+01 5.479945e-05 1.938134e-08
1.537500e+01 3.746039e-05 1.261050e-08
1.575000e+01 2.559224e-05 8.209890e-09
1.612500e+01 1.747499e-05 5.348200e-09
1.650000e+01 1.192687e-05 3.486172e-09
1.687500e+01 8.137036e-06 2.273887e-09
1.725000e+01 5.549545e-06 1.484121e-09
1.762500e+01 3.783677e-06 9.692727e-10
1.800000e+01 2.579067e-06 6.334433e-10
1.837500e+01 1.757601e-06 4.142435e-10
1.875000e+01 1.197524e-06 2.710640e-10
1.912500e+01 8.157993e-07 1.774886e-10
1.950000e+01 5.556825e-07 1.162914e-10
1.987500e+01 3.784659e-07 7.624347e-11
2.025000e+01 2.577461e-07 5.001868e-11
2.062500e+01 1.755259e-07 3.283548e-11
2.100000e+01 1.195354e-07 2.156990e-11
2.137500e+01 8.141200e-08 1.417968e-11
2.175000e+01 5.545788e-08 9.328995e-12
2.212500e+01 3.778735e-08 6.142852e-12
2.250000e+01 2.575664e-08 4.048689e-12
2.325000e+01 1.199329e-08 1.765561e-12
2.400000e+01 5.618966e-09 7.762901e-13
2.475000e+01 2.657934e-09 3.452899e-13
2.550000e+01 1.273154e-09 1.558084e-13
2.625000e+01 6.203117e-10 7.163768e-14
2.700000e+01 3.026841e-10 3.304093e-14
2.775000e+01 1.387119e-10 1.433435e-14
2.850000e+01 5.453546e-11 5.342929e-15
2.925000e+01 1.412426e-11 1.313724e-15
3.000000e+01 5.788669e-250 5.118308e-254
