# 
# Output from RAtom program.
# 
# Total radial electron density.
# The first column contains radius $r$ in bohr units.
# The second column holds $\rho(r)$.
# The third column holds $\tilde{\rho}(r) = \rho(r) / (\pi * r * r)$
# 
# Use this file with gnuplot to create the plot.
# 
# R     Rho     RhoTilde
#
0.000000e+00 0.000000e+00 1.309315e+05
1.220703e-04 2.417856e-02 1.291221e+05
2.441406e-04 9.537774e-02 1.273377e+05
3.662109e-04 2.116344e-01 1.255781e+05
4.882812e-04 3.710399e-01 1.238428e+05
6.103516e-04 5.717390e-01 1.221315e+05
7.324219e-04 8.119282e-01 1.204440e+05
8.544922e-04 1.089855e+00 1.187798e+05
9.765625e-04 1.403817e+00 1.171388e+05
1.098633e-03 1.752160e+00 1.155204e+05
1.220703e-03 2.133277e+00 1.139245e+05
1.342773e-03 2.545608e+00 1.123508e+05
1.464844e-03 2.987636e+00 1.107989e+05
1.586914e-03 3.457893e+00 1.092685e+05
1.708984e-03 3.954949e+00 1.077593e+05
1.831055e-03 4.477418e+00 1.062711e+05
1.953125e-03 5.023957e+00 1.048036e+05
2.075195e-03 5.593262e+00 1.033564e+05
2.197266e-03 6.184066e+00 1.019293e+05
2.319336e-03 6.795144e+00 1.005221e+05
2.441406e-03 7.425305e+00 9.913439e+04
2.685547e-03 8.738305e+00 9.641661e+04
2.929688e-03 1.011427e+01 9.377388e+04
3.173828e-03 1.154493e+01 9.120415e+04
3.417969e-03 1.302256e+01 8.870544e+04
3.662109e-03 1.453991e+01 8.627582e+04
3.906250e-03 1.609019e+01 8.391340e+04
4.150391e-03 1.766709e+01 8.161635e+04
4.394531e-03 1.926468e+01 7.938289e+04
4.638672e-03 2.087747e+01 7.721128e+04
4.882812e-03 2.250034e+01 7.509984e+04
5.126953e-03 2.412851e+01 7.304693e+04
5.371094e-03 2.575759e+01 7.105094e+04
5.615234e-03 2.738347e+01 6.911032e+04
5.859375e-03 2.900240e+01 6.722356e+04
6.103516e-03 3.061089e+01 6.538919e+04
6.347656e-03 3.220573e+01 6.360577e+04
6.591797e-03 3.378400e+01 6.187191e+04
6.835938e-03 3.534300e+01 6.018626e+04
7.080078e-03 3.688028e+01 5.854749e+04
7.324219e-03 3.839363e+01 5.695432e+04
7.568359e-03 3.988102e+01 5.540551e+04
7.812500e-03 4.134065e+01 5.389983e+04
8.056641e-03 4.277089e+01 5.243611e+04
8.300781e-03 4.417030e+01 5.101320e+04
8.544922e-03 4.553759e+01 4.962997e+04
8.789062e-03 4.687165e+01 4.828534e+04
9.033203e-03 4.817150e+01 4.697824e+04
9.277344e-03 4.943632e+01 4.570766e+04
9.521484e-03 5.066540e+01 4.447258e+04
9.765625e-03 5.185817e+01 4.327202e+04
1.000977e-02 5.301416e+01 4.210505e+04
1.025391e-02 5.413303e+01 4.097074e+04
1.049805e-02 5.521452e+01 3.986818e+04
1.074219e-02 5.625848e+01 3.879651e+04
1.098633e-02 5.726483e+01 3.775487e+04
1.123047e-02 5.823360e+01 3.674244e+04
1.147461e-02 5.916488e+01 3.575842e+04
1.171875e-02 6.005882e+01 3.480201e+04
1.196289e-02 6.091566e+01 3.387247e+04
1.220703e-02 6.173568e+01 3.296904e+04
1.245117e-02 6.251923e+01 3.209100e+04
1.269531e-02 6.326671e+01 3.123767e+04
1.293945e-02 6.397856e+01 3.040835e+04
1.318359e-02 6.465528e+01 2.960237e+04
1.342773e-02 6.529739e+01 2.881911e+04
1.367188e-02 6.590547e+01 2.805792e+04
1.391602e-02 6.648009e+01 2.731819e+04
1.416016e-02 6.702191e+01 2.659934e+04
1.440430e-02 6.753157e+01 2.590078e+04
1.464844e-02 6.800975e+01 2.522195e+04
1.489258e-02 6.845716e+01 2.456231e+04
1.513672e-02 6.887450e+01 2.392132e+04
1.538086e-02 6.926253e+01 2.329846e+04
1.562500e-02 6.962198e+01 2.269324e+04
1.586914e-02 6.995362e+01 2.210515e+04
1.611328e-02 7.025823e+01 2.153373e+04
1.635742e-02 7.053657e+01 2.097851e+04
1.660156e-02 7.078943e+01 2.043905e+04
1.684570e-02 7.101761e+01 1.991489e+04
1.708984e-02 7.122189e+01 1.940562e+04
1.733398e-02 7.140307e+01 1.891081e+04
1.757812e-02 7.156195e+01 1.843008e+04
1.782227e-02 7.169931e+01 1.796302e+04
1.806641e-02 7.181594e+01 1.750925e+04
1.831055e-02 7.191263e+01 1.706839e+04
1.855469e-02 7.199016e+01 1.664010e+04
1.879883e-02 7.204931e+01 1.622402e+04
1.904297e-02 7.209084e+01 1.581980e+04
1.928711e-02 7.211552e+01 1.542711e+04
1.953125e-02 7.212410e+01 1.504563e+04
2.001953e-02 7.209592e+01 1.431506e+04
2.050781e-02 7.201214e+01 1.362565e+04
2.099609e-02 7.187843e+01 1.297513e+04
2.148438e-02 7.170026e+01 1.236134e+04
2.197266e-02 7.148292e+01 1.178222e+04
2.246094e-02 7.123148e+01 1.123586e+04
2.294922e-02 7.095079e+01 1.072041e+04
2.343750e-02 7.064549e+01 1.023416e+04
2.392578e-02 7.032000e+01 9.775449e+03
2.441406e-02 6.997849e+01 9.342747e+03
2.465820e-02 6.980298e+01 9.135688e+03
2.490234e-02 6.962493e+01 8.934587e+03
2.514648e-02 6.944480e+01 8.739274e+03
2.539062e-02 6.926305e+01 8.549583e+03
2.563477e-02 6.908009e+01 8.365354e+03
2.587891e-02 6.889634e+01 8.186429e+03
2.612305e-02 6.871222e+01 8.012655e+03
2.636719e-02 6.852811e+01 7.843886e+03
2.661133e-02 6.834438e+01 7.679976e+03
2.685547e-02 6.816141e+01 7.520785e+03
2.709961e-02 6.797953e+01 7.366178e+03
2.734375e-02 6.779908e+01 7.216021e+03
2.758789e-02 6.762039e+01 7.070186e+03
2.783203e-02 6.744378e+01 6.928548e+03
2.807617e-02 6.726953e+01 6.790984e+03
2.832031e-02 6.709793e+01 6.657377e+03
2.856445e-02 6.692926e+01 6.527612e+03
2.880859e-02 6.676378e+01 6.401576e+03
2.905273e-02 6.660173e+01 6.279161e+03
2.929688e-02 6.644337e+01 6.160262e+03
2.978516e-02 6.613855e+01 5.932600e+03
3.027344e-02 6.585102e+01 5.717803e+03
3.076172e-02 6.558227e+01 5.515126e+03
3.125000e-02 6.533365e+01 5.323865e+03
3.173828e-02 6.510634e+01 5.143357e+03
3.222656e-02 6.490137e+01 4.972972e+03
3.271484e-02 6.471963e+01 4.812120e+03
3.320312e-02 6.456185e+01 4.660239e+03
3.369141e-02 6.442867e+01 4.516802e+03
3.417969e-02 6.432057e+01 4.381308e+03
3.466797e-02 6.423792e+01 4.253288e+03
3.515625e-02 6.418100e+01 4.132297e+03
3.564453e-02 6.414996e+01 4.017915e+03
3.613281e-02 6.414486e+01 3.909745e+03
3.662109e-02 6.416568e+01 3.807416e+03
3.710938e-02 6.421230e+01 3.710574e+03
3.759766e-02 6.428453e+01 3.618887e+03
3.808594e-02 6.438209e+01 3.532042e+03
3.857422e-02 6.450465e+01 3.449744e+03
3.906250e-02 6.465180e+01 3.371714e+03
3.955078e-02 6.482309e+01 3.297689e+03
4.003906e-02 6.501800e+01 3.227424e+03
4.052734e-02 6.523597e+01 3.160683e+03
4.101562e-02 6.547639e+01 3.097250e+03
4.150391e-02 6.573861e+01 3.036916e+03
4.199219e-02 6.602195e+01 2.979487e+03
4.248047e-02 6.632569e+01 2.924781e+03
4.296875e-02 6.664908e+01 2.872625e+03
4.345703e-02 6.699136e+01 2.822857e+03
4.394531e-02 6.735173e+01 2.775325e+03
4.443359e-02 6.772938e+01 2.729885e+03
4.492188e-02 6.812350e+01 2.686404e+03
4.541016e-02 6.853323e+01 2.644754e+03
4.589844e-02 6.895773e+01 2.604817e+03
4.638672e-02 6.939615e+01 2.566482e+03
4.687500e-02 6.984763e+01 2.529643e+03
4.736328e-02 7.031130e+01 2.494202e+03
4.785156e-02 7.078630e+01 2.460068e+03
4.833984e-02 7.127178e+01 2.427154e+03
4.882812e-02 7.176688e+01 2.395378e+03
4.907227e-02 7.201776e+01 2.379894e+03
4.931641e-02 7.227074e+01 2.364666e+03
4.956055e-02 7.252569e+01 2.349686e+03
4.980469e-02 7.278252e+01 2.334946e+03
5.004883e-02 7.304112e+01 2.320437e+03
5.029297e-02 7.330138e+01 2.306151e+03
5.053711e-02 7.356321e+01 2.292081e+03
5.078125e-02 7.382651e+01 2.278220e+03
5.102539e-02 7.409116e+01 2.264560e+03
5.126953e-02 7.435708e+01 2.251095e+03
5.139160e-02 7.449048e+01 2.244433e+03
5.151367e-02 7.462416e+01 2.237817e+03
5.163574e-02 7.475810e+01 2.231246e+03
5.175781e-02 7.489229e+01 2.224720e+03
5.187988e-02 7.502673e+01 2.218238e+03
5.200195e-02 7.516140e+01 2.211799e+03
5.212402e-02 7.529628e+01 2.205402e+03
5.224609e-02 7.543136e+01 2.199047e+03
5.236816e-02 7.556664e+01 2.192732e+03
5.249023e-02 7.570210e+01 2.186457e+03
5.261230e-02 7.583772e+01 2.180222e+03
5.273438e-02 7.597350e+01 2.174026e+03
5.285645e-02 7.610943e+01 2.167867e+03
5.297852e-02 7.624549e+01 2.161746e+03
5.310059e-02 7.638167e+01 2.155662e+03
5.322266e-02 7.651796e+01 2.149614e+03
5.334473e-02 7.665435e+01 2.143601e+03
5.346680e-02 7.679083e+01 2.137623e+03
5.358887e-02 7.692738e+01 2.131680e+03
5.371094e-02 7.706400e+01 2.125770e+03
5.419922e-02 7.761088e+01 2.102455e+03
5.468750e-02 7.815790e+01 2.079634e+03
5.517578e-02 7.870437e+01 2.057273e+03
5.566406e-02 7.924962e+01 2.035343e+03
5.615234e-02 7.979299e+01 2.013813e+03
5.664062e-02 8.033384e+01 1.992657e+03
5.712891e-02 8.087158e+01 1.971852e+03
5.761719e-02 8.140560e+01 1.951373e+03
5.810547e-02 8.193533e+01 1.931200e+03
5.859375e-02 8.246021e+01 1.911314e+03
5.908203e-02 8.297972e+01 1.891696e+03
5.957031e-02 8.349334e+01 1.872329e+03
6.005859e-02 8.400058e+01 1.853199e+03
6.054688e-02 8.450098e+01 1.834292e+03
6.103516e-02 8.499407e+01 1.815594e+03
6.152344e-02 8.547945e+01 1.797093e+03
6.201172e-02 8.595668e+01 1.778780e+03
6.250000e-02 8.642540e+01 1.760644e+03
6.298828e-02 8.688522e+01 1.742676e+03
6.347656e-02 8.733581e+01 1.724867e+03
6.396484e-02 8.777683e+01 1.707212e+03
6.445312e-02 8.820798e+01 1.689702e+03
6.494141e-02 8.862897e+01 1.672332e+03
6.542969e-02 8.903952e+01 1.655096e+03
6.591797e-02 8.943939e+01 1.637990e+03
6.640625e-02 8.982835e+01 1.621010e+03
6.689453e-02 9.020618e+01 1.604151e+03
6.738281e-02 9.057268e+01 1.587410e+03
6.787109e-02 9.092767e+01 1.570784e+03
6.835938e-02 9.127099e+01 1.554271e+03
6.884766e-02 9.160250e+01 1.537868e+03
6.933594e-02 9.192207e+01 1.521574e+03
6.982422e-02 9.222958e+01 1.505387e+03
7.031250e-02 9.252493e+01 1.489306e+03
7.080078e-02 9.280805e+01 1.473329e+03
7.128906e-02 9.307886e+01 1.457456e+03
7.177734e-02 9.333731e+01 1.441686e+03
7.226562e-02 9.358337e+01 1.426019e+03
7.275391e-02 9.381700e+01 1.410454e+03
7.324219e-02 9.403819e+01 1.394992e+03
7.373047e-02 9.424694e+01 1.379633e+03
7.421875e-02 9.444327e+01 1.364375e+03
7.470703e-02 9.462720e+01 1.349221e+03
7.519531e-02 9.479877e+01 1.334170e+03
7.568359e-02 9.495801e+01 1.319223e+03
7.617188e-02 9.510500e+01 1.304380e+03
7.666016e-02 9.523979e+01 1.289642e+03
7.714844e-02 9.536247e+01 1.275009e+03
7.763672e-02 9.547312e+01 1.260483e+03
7.812500e-02 9.557185e+01 1.246063e+03
7.861328e-02 9.565875e+01 1.231751e+03
7.910156e-02 9.573394e+01 1.217548e+03
7.958984e-02 9.579754e+01 1.203453e+03
8.007812e-02 9.584968e+01 1.189469e+03
8.056641e-02 9.589050e+01 1.175595e+03
8.105469e-02 9.592014e+01 1.161833e+03
8.154297e-02 9.593876e+01 1.148183e+03
8.203125e-02 9.594650e+01 1.134647e+03
8.251953e-02 9.594354e+01 1.121224e+03
8.300781e-02 9.593004e+01 1.107916e+03
8.349609e-02 9.590618e+01 1.094723e+03
8.398438e-02 9.587213e+01 1.081647e+03
8.447266e-02 9.582808e+01 1.068687e+03
8.496094e-02 9.577421e+01 1.055845e+03
8.544922e-02 9.571072e+01 1.043121e+03
8.593750e-02 9.563781e+01 1.030515e+03
8.642578e-02 9.555566e+01 1.018028e+03
8.691406e-02 9.546449e+01 1.005662e+03
8.740234e-02 9.536450e+01 9.934150e+02
8.789062e-02 9.525589e+01 9.812889e+02
8.886719e-02 9.501369e+01 9.574000e+02
8.984375e-02 9.473958e+01 9.339978e+02
9.082031e-02 9.443531e+01 9.110843e+02
9.179688e-02 9.410262e+01 8.886608e+02
9.277344e-02 9.374328e+01 8.667283e+02
9.375000e-02 9.335906e+01 8.452867e+02
9.472656e-02 9.295174e+01 8.243357e+02
9.570312e-02 9.252308e+01 8.038740e+02
9.667969e-02 9.207484e+01 7.838999e+02
9.765625e-02 9.160875e+01 7.644112e+02
9.814453e-02 9.136956e+01 7.548479e+02
9.863281e-02 9.112655e+01 7.454048e+02
9.912109e-02 9.087993e+01 7.360816e+02
9.960938e-02 9.062991e+01 7.268776e+02
1.000977e-01 9.037670e+01 7.177923e+02
1.005859e-01 9.012051e+01 7.088254e+02
1.010742e-01 8.986154e+01 6.999761e+02
1.015625e-01 8.959999e+01 6.912440e+02
1.020508e-01 8.933606e+01 6.826283e+02
1.025391e-01 8.906995e+01 6.741284e+02
1.026611e-01 8.900310e+01 6.720215e+02
1.027832e-01 8.893613e+01 6.699217e+02
1.029053e-01 8.886904e+01 6.678292e+02
1.030273e-01 8.880184e+01 6.657437e+02
1.031494e-01 8.873453e+01 6.636655e+02
1.032715e-01 8.866710e+01 6.615944e+02
1.033936e-01 8.859957e+01 6.595304e+02
1.035156e-01 8.853194e+01 6.574735e+02
1.036377e-01 8.846420e+01 6.554238e+02
1.037598e-01 8.839637e+01 6.533812e+02
1.038818e-01 8.832844e+01 6.513456e+02
1.040039e-01 8.826042e+01 6.493171e+02
1.041260e-01 8.819232e+01 6.472957e+02
1.042480e-01 8.812412e+01 6.452813e+02
1.043701e-01 8.805585e+01 6.432740e+02
1.044922e-01 8.798749e+01 6.412737e+02
1.046143e-01 8.791906e+01 6.392804e+02
1.047363e-01 8.785055e+01 6.372942e+02
1.048584e-01 8.778198e+01 6.353149e+02
1.049805e-01 8.771333e+01 6.333426e+02
1.052246e-01 8.757584e+01 6.294189e+02
1.054688e-01 8.743810e+01 6.255230e+02
1.057129e-01 8.730015e+01 6.216547e+02
1.059570e-01 8.716200e+01 6.178140e+02
1.062012e-01 8.702367e+01 6.140008e+02
1.064453e-01 8.688519e+01 6.102149e+02
1.066895e-01 8.674657e+01 6.064563e+02
1.069336e-01 8.660785e+01 6.027248e+02
1.071777e-01 8.646903e+01 5.990204e+02
1.074219e-01 8.633014e+01 5.953429e+02
1.083984e-01 8.577432e+01 5.809000e+02
1.093750e-01 8.521900e+01 5.668791e+02
1.103516e-01 8.466544e+01 5.532728e+02
1.113281e-01 8.411482e+01 5.400735e+02
1.123047e-01 8.356830e+01 5.272735e+02
1.132812e-01 8.302696e+01 5.148648e+02
1.142578e-01 8.249183e+01 5.028393e+02
1.152344e-01 8.196390e+01 4.911890e+02
1.162109e-01 8.144410e+01 4.799055e+02
1.171875e-01 8.093331e+01 4.689806e+02
1.181641e-01 8.043237e+01 4.584059e+02
1.191406e-01 7.994203e+01 4.481729e+02
1.201172e-01 7.946303e+01 4.382733e+02
1.210938e-01 7.899605e+01 4.286986e+02
1.220703e-01 7.854169e+01 4.194404e+02
1.230469e-01 7.810054e+01 4.104904e+02
1.240234e-01 7.767312e+01 4.018402e+02
1.250000e-01 7.725992e+01 3.934815e+02
1.259766e-01 7.686135e+01 3.854061e+02
1.269531e-01 7.647781e+01 3.776059e+02
1.279297e-01 7.610964e+01 3.700728e+02
1.289062e-01 7.575713e+01 3.627987e+02
1.298828e-01 7.542055e+01 3.557758e+02
1.308594e-01 7.510010e+01 3.489964e+02
1.318359e-01 7.479596e+01 3.424528e+02
1.328125e-01 7.450828e+01 3.361373e+02
1.337891e-01 7.423714e+01 3.300427e+02
1.347656e-01 7.398261e+01 3.241616e+02
1.357422e-01 7.374472e+01 3.184868e+02
1.367188e-01 7.352348e+01 3.130113e+02
1.376953e-01 7.331883e+01 3.077282e+02
1.386719e-01 7.313072e+01 3.026309e+02
1.396484e-01 7.295905e+01 2.977125e+02
1.406250e-01 7.280369e+01 2.929669e+02
1.416016e-01 7.266451e+01 2.883875e+02
1.425781e-01 7.254131e+01 2.839682e+02
1.435547e-01 7.243391e+01 2.797031e+02
1.445312e-01 7.234207e+01 2.755863e+02
1.455078e-01 7.226556e+01 2.716120e+02
1.464844e-01 7.220411e+01 2.677747e+02
1.474609e-01 7.215745e+01 2.640689e+02
1.484375e-01 7.212526e+01 2.604895e+02
1.494141e-01 7.210723e+01 2.570313e+02
1.503906e-01 7.210304e+01 2.536893e+02
1.513672e-01 7.211232e+01 2.504587e+02
1.523438e-01 7.213473e+01 2.473348e+02
1.533203e-01 7.216989e+01 2.443131e+02
1.542969e-01 7.221742e+01 2.413892e+02
1.552734e-01 7.227691e+01 2.385588e+02
1.562500e-01 7.234798e+01 2.358178e+02
1.582031e-01 7.252317e+01 2.305881e+02
1.601562e-01 7.273962e+01 2.256698e+02
1.621094e-01 7.299388e+01 2.210346e+02
1.640625e-01 7.328242e+01 2.166563e+02
1.660156e-01 7.360170e+01 2.125103e+02
1.679688e-01 7.394815e+01 2.085741e+02
1.699219e-01 7.431821e+01 2.048268e+02
1.718750e-01 7.470836e+01 2.012491e+02
1.738281e-01 7.511512e+01 1.978233e+02
1.757812e-01 7.553506e+01 1.945332e+02
1.777344e-01 7.596485e+01 1.913639e+02
1.796875e-01 7.640121e+01 1.883019e+02
1.816406e-01 7.684101e+01 1.853349e+02
1.835938e-01 7.728119e+01 1.824518e+02
1.855469e-01 7.771881e+01 1.796425e+02
1.875000e-01 7.815109e+01 1.768979e+02
1.894531e-01 7.857534e+01 1.742099e+02
1.914062e-01 7.898903e+01 1.715713e+02
1.933594e-01 7.938976e+01 1.689757e+02
1.953125e-01 7.977528e+01 1.664173e+02
1.962891e-01 7.996167e+01 1.651505e+02
1.972656e-01 8.014348e+01 1.638911e+02
1.982422e-01 8.032046e+01 1.626388e+02
1.992188e-01 8.049239e+01 1.613929e+02
2.001953e-01 8.065904e+01 1.601531e+02
2.011719e-01 8.082020e+01 1.589189e+02
2.021484e-01 8.097566e+01 1.576899e+02
2.031250e-01 8.112524e+01 1.564658e+02
2.041016e-01 8.126873e+01 1.552462e+02
2.050781e-01 8.140597e+01 1.540308e+02
2.053223e-01 8.143928e+01 1.537276e+02
2.055664e-01 8.147219e+01 1.534247e+02
2.058105e-01 8.150469e+01 1.531220e+02
2.060547e-01 8.153678e+01 1.528195e+02
2.062988e-01 8.156846e+01 1.525172e+02
2.065430e-01 8.159973e+01 1.522152e+02
2.067871e-01 8.163058e+01 1.519134e+02
2.070312e-01 8.166101e+01 1.516118e+02
2.072754e-01 8.169103e+01 1.513105e+02
2.075195e-01 8.172061e+01 1.510093e+02
2.076416e-01 8.173525e+01 1.508588e+02
2.077637e-01 8.174978e+01 1.507084e+02
2.078857e-01 8.176420e+01 1.505580e+02
2.080078e-01 8.177851e+01 1.504077e+02
2.081299e-01 8.179272e+01 1.502574e+02
2.082520e-01 8.180682e+01 1.501072e+02
2.083740e-01 8.182081e+01 1.499570e+02
2.084961e-01 8.183469e+01 1.498069e+02
2.086182e-01 8.184846e+01 1.496568e+02
2.087402e-01 8.186213e+01 1.495068e+02
2.088623e-01 8.187569e+01 1.493568e+02
2.089844e-01 8.188913e+01 1.492069e+02
2.091064e-01 8.190247e+01 1.490570e+02
2.092285e-01 8.191570e+01 1.489071e+02
2.093506e-01 8.192882e+01 1.487574e+02
2.094727e-01 8.194183e+01 1.486076e+02
2.095947e-01 8.195472e+01 1.484579e+02
2.097168e-01 8.196751e+01 1.483083e+02
2.098389e-01 8.198018e+01 1.481587e+02
2.099609e-01 8.199275e+01 1.480092e+02
2.104492e-01 8.204188e+01 1.474114e+02
2.109375e-01 8.208922e+01 1.468144e+02
2.114258e-01 8.213474e+01 1.462181e+02
2.119141e-01 8.217844e+01 1.456225e+02
2.124023e-01 8.222029e+01 1.450276e+02
2.128906e-01 8.226030e+01 1.444333e+02
2.133789e-01 8.229843e+01 1.438397e+02
2.138672e-01 8.233469e+01 1.432467e+02
2.143555e-01 8.236905e+01 1.426544e+02
2.148438e-01 8.240152e+01 1.420627e+02
2.158203e-01 8.246072e+01 1.408811e+02
2.167969e-01 8.251219e+01 1.397019e+02
2.177734e-01 8.255588e+01 1.385251e+02
2.187500e-01 8.259172e+01 1.373506e+02
2.197266e-01 8.261966e+01 1.361785e+02
2.207031e-01 8.263965e+01 1.350087e+02
2.216797e-01 8.265165e+01 1.338412e+02
2.226562e-01 8.265562e+01 1.326761e+02
2.236328e-01 8.265154e+01 1.315134e+02
2.246094e-01 8.263940e+01 1.303531e+02
2.255859e-01 8.261917e+01 1.291954e+02
2.265625e-01 8.259085e+01 1.280401e+02
2.275391e-01 8.255443e+01 1.268874e+02
2.285156e-01 8.250994e+01 1.257374e+02
2.294922e-01 8.245736e+01 1.245902e+02
2.304688e-01 8.239673e+01 1.234457e+02
2.314453e-01 8.232806e+01 1.223042e+02
2.324219e-01 8.225139e+01 1.211656e+02
2.333984e-01 8.216674e+01 1.200301e+02
2.343750e-01 8.207415e+01 1.188978e+02
2.353516e-01 8.197366e+01 1.177688e+02
2.363281e-01 8.186533e+01 1.166432e+02
2.373047e-01 8.174921e+01 1.155210e+02
2.382812e-01 8.162535e+01 1.144025e+02
2.392578e-01 8.149382e+01 1.132876e+02
2.402344e-01 8.135467e+01 1.121766e+02
2.412109e-01 8.120798e+01 1.110695e+02
2.421875e-01 8.105383e+01 1.099665e+02
2.431641e-01 8.089229e+01 1.088676e+02
2.441406e-01 8.072344e+01 1.077729e+02
2.451172e-01 8.054736e+01 1.066827e+02
2.460938e-01 8.036415e+01 1.055969e+02
2.470703e-01 8.017389e+01 1.045158e+02
2.480469e-01 7.997668e+01 1.034394e+02
2.490234e-01 7.977261e+01 1.023678e+02
2.500000e-01 7.956179e+01 1.013012e+02
2.509766e-01 7.934431e+01 1.002397e+02
2.519531e-01 7.912028e+01 9.918328e+01
2.529297e-01 7.888981e+01 9.813218e+01
2.539062e-01 7.865301e+01 9.708647e+01
2.548828e-01 7.840999e+01 9.604625e+01
2.558594e-01 7.816086e+01 9.501163e+01
2.568359e-01 7.790573e+01 9.398271e+01
2.578125e-01 7.764473e+01 9.295959e+01
2.587891e-01 7.737797e+01 9.194236e+01
2.597656e-01 7.710558e+01 9.093113e+01
2.607422e-01 7.682767e+01 8.992598e+01
2.617188e-01 7.654437e+01 8.892701e+01
2.626953e-01 7.625580e+01 8.793431e+01
2.636719e-01 7.596208e+01 8.694796e+01
2.646484e-01 7.566335e+01 8.596804e+01
2.656250e-01 7.535972e+01 8.499464e+01
2.666016e-01 7.505134e+01 8.402784e+01
2.675781e-01 7.473832e+01 8.306771e+01
2.685547e-01 7.442079e+01 8.211433e+01
2.695312e-01 7.409889e+01 8.116777e+01
2.705078e-01 7.377274e+01 8.022809e+01
2.714844e-01 7.344248e+01 7.929536e+01
2.724609e-01 7.310823e+01 7.836965e+01
2.734375e-01 7.277013e+01 7.745102e+01
2.773438e-01 7.138178e+01 7.384834e+01
2.812500e-01 6.994220e+01 7.036300e+01
2.851562e-01 6.845963e+01 6.699755e+01
2.890625e-01 6.694222e+01 6.375390e+01
2.929688e-01 6.539787e+01 6.063329e+01
2.968750e-01 6.383427e+01 5.763639e+01
3.007812e-01 6.225880e+01 5.476327e+01
3.046875e-01 6.067850e+01 5.201346e+01
3.085938e-01 5.910010e+01 4.938603e+01
3.125000e-01 5.752991e+01 4.687958e+01
3.144531e-01 5.674975e+01 4.567118e+01
3.164062e-01 5.597383e+01 4.449232e+01
3.183594e-01 5.520283e+01 4.334272e+01
3.203125e-01 5.443739e+01 4.222208e+01
3.222656e-01 5.367814e+01 4.113009e+01
3.242188e-01 5.292568e+01 4.006640e+01
3.261719e-01 5.218057e+01 3.903067e+01
3.281250e-01 5.144337e+01 3.802252e+01
3.300781e-01 5.071459e+01 3.704159e+01
3.320312e-01 4.999473e+01 3.608747e+01
3.339844e-01 4.928424e+01 3.515976e+01
3.359375e-01 4.858358e+01 3.425805e+01
3.378906e-01 4.789315e+01 3.338191e+01
3.398438e-01 4.721335e+01 3.253092e+01
3.417969e-01 4.654454e+01 3.170463e+01
3.437500e-01 4.588706e+01 3.090259e+01
3.457031e-01 4.524123e+01 3.012437e+01
3.476562e-01 4.460734e+01 2.936949e+01
3.496094e-01 4.398567e+01 2.863751e+01
3.515625e-01 4.337645e+01 2.792795e+01
3.535156e-01 4.277992e+01 2.724036e+01
3.554688e-01 4.219627e+01 2.657427e+01
3.574219e-01 4.162568e+01 2.592921e+01
3.593750e-01 4.106833e+01 2.530471e+01
3.613281e-01 4.052434e+01 2.470032e+01
3.632812e-01 3.999384e+01 2.411555e+01
3.652344e-01 3.947692e+01 2.354996e+01
3.671875e-01 3.897368e+01 2.300307e+01
3.691406e-01 3.848418e+01 2.247443e+01
3.710938e-01 3.800845e+01 2.196358e+01
3.730469e-01 3.754654e+01 2.147006e+01
3.750000e-01 3.709846e+01 2.099343e+01
3.769531e-01 3.666419e+01 2.053324e+01
3.789062e-01 3.624374e+01 2.008906e+01
3.808594e-01 3.583705e+01 1.966044e+01
3.828125e-01 3.544410e+01 1.924695e+01
3.847656e-01 3.506481e+01 1.884817e+01
3.867188e-01 3.469911e+01 1.846367e+01
3.886719e-01 3.434693e+01 1.809305e+01
3.906250e-01 3.400815e+01 1.773589e+01
3.925781e-01 3.368268e+01 1.739180e+01
3.945312e-01 3.337039e+01 1.706038e+01
3.964844e-01 3.307116e+01 1.674123e+01
3.984375e-01 3.278483e+01 1.643398e+01
4.003906e-01 3.251128e+01 1.613825e+01
4.023438e-01 3.225033e+01 1.585367e+01
4.042969e-01 3.200183e+01 1.557988e+01
4.062500e-01 3.176559e+01 1.531653e+01
4.082031e-01 3.154145e+01 1.506327e+01
4.101562e-01 3.132921e+01 1.481975e+01
4.111328e-01 3.122749e+01 1.470154e+01
4.121094e-01 3.112867e+01 1.458565e+01
4.130859e-01 3.103273e+01 1.447203e+01
4.140625e-01 3.093964e+01 1.436064e+01
4.150391e-01 3.084938e+01 1.425144e+01
4.160156e-01 3.076192e+01 1.414439e+01
4.169922e-01 3.067724e+01 1.403946e+01
4.179688e-01 3.059529e+01 1.393661e+01
4.189453e-01 3.051607e+01 1.383579e+01
4.199219e-01 3.043954e+01 1.373698e+01
4.208984e-01 3.036568e+01 1.364013e+01
4.218750e-01 3.029445e+01 1.354521e+01
4.228516e-01 3.022584e+01 1.345218e+01
4.238281e-01 3.015980e+01 1.336100e+01
4.248047e-01 3.009632e+01 1.327165e+01
4.257812e-01 3.003536e+01 1.318408e+01
4.267578e-01 2.997689e+01 1.309827e+01
4.277344e-01 2.992089e+01 1.301417e+01
4.287109e-01 2.986733e+01 1.293176e+01
4.296875e-01 2.981618e+01 1.285099e+01
4.316406e-01 2.972099e+01 1.269430e+01
4.335938e-01 2.963507e+01 1.254383e+01
4.355469e-01 2.955819e+01 1.239933e+01
4.375000e-01 2.949011e+01 1.226056e+01
4.394531e-01 2.943059e+01 1.212730e+01
4.414062e-01 2.937939e+01 1.199930e+01
4.433594e-01 2.933627e+01 1.187636e+01
4.453125e-01 2.930098e+01 1.175824e+01
4.472656e-01 2.927328e+01 1.164476e+01
4.492188e-01 2.925293e+01 1.153569e+01
4.511719e-01 2.923968e+01 1.143086e+01
4.531250e-01 2.923331e+01 1.133006e+01
4.550781e-01 2.923356e+01 1.123311e+01
4.570312e-01 2.924020e+01 1.113983e+01
4.589844e-01 2.925298e+01 1.105006e+01
4.609375e-01 2.927168e+01 1.096361e+01
4.628906e-01 2.929606e+01 1.088034e+01
4.648438e-01 2.932589e+01 1.080009e+01
4.667969e-01 2.936093e+01 1.072270e+01
4.687500e-01 2.940097e+01 1.064803e+01
4.726562e-01 2.949509e+01 1.050628e+01
4.765625e-01 2.960648e+01 1.037379e+01
4.804688e-01 2.973342e+01 1.024955e+01
4.843750e-01 2.987420e+01 1.013265e+01
4.882812e-01 3.002720e+01 1.002224e+01
4.921875e-01 3.019082e+01 9.917538e+00
4.960938e-01 3.036354e+01 9.817819e+00
5.000000e-01 3.054388e+01 9.722420e+00
5.039062e-01 3.073044e+01 9.630733e+00
5.078125e-01 3.092184e+01 9.542204e+00
5.117188e-01 3.111680e+01 9.456327e+00
5.156250e-01 3.131409e+01 9.372641e+00
5.195312e-01 3.151252e+01 9.290732e+00
5.234375e-01 3.171099e+01 9.210224e+00
5.273438e-01 3.190843e+01 9.130782e+00
5.312500e-01 3.210387e+01 9.052105e+00
5.351562e-01 3.229636e+01 8.973925e+00
5.390625e-01 3.248503e+01 8.896007e+00
5.429688e-01 3.266906e+01 8.818144e+00
5.468750e-01 3.284771e+01 8.740154e+00
5.507812e-01 3.302026e+01 8.661882e+00
5.546875e-01 3.318606e+01 8.583196e+00
5.585938e-01 3.334452e+01 8.503984e+00
5.625000e-01 3.349509e+01 8.424153e+00
5.664062e-01 3.363729e+01 8.343629e+00
5.703125e-01 3.377065e+01 8.262355e+00
5.742188e-01 3.389480e+01 8.180285e+00
5.781250e-01 3.400936e+01 8.097392e+00
5.820312e-01 3.411404e+01 8.013656e+00
5.859375e-01 3.420856e+01 7.929072e+00
5.898438e-01 3.429270e+01 7.843643e+00
5.937500e-01 3.436625e+01 7.757380e+00
5.976562e-01 3.442908e+01 7.670305e+00
6.015625e-01 3.448106e+01 7.582444e+00
6.054688e-01 3.452210e+01 7.493831e+00
6.093750e-01 3.455215e+01 7.404504e+00
6.132812e-01 3.457119e+01 7.314507e+00
6.171875e-01 3.457921e+01 7.223888e+00
6.210938e-01 3.457626e+01 7.132697e+00
6.250000e-01 3.456237e+01 7.040988e+00
6.289062e-01 3.453764e+01 6.948818e+00
6.328125e-01 3.450215e+01 6.856242e+00
6.367188e-01 3.445602e+01 6.763321e+00
6.406250e-01 3.439941e+01 6.670115e+00
6.445312e-01 3.433245e+01 6.576684e+00
6.484375e-01 3.425533e+01 6.483089e+00
6.523438e-01 3.416823e+01 6.389392e+00
6.562500e-01 3.407135e+01 6.295653e+00
6.601562e-01 3.396490e+01 6.201932e+00
6.640625e-01 3.384911e+01 6.108288e+00
6.679688e-01 3.372422e+01 6.014780e+00
6.718750e-01 3.359046e+01 5.921464e+00
6.757812e-01 3.344809e+01 5.828397e+00
6.796875e-01 3.329735e+01 5.735632e+00
6.835938e-01 3.313853e+01 5.643223e+00
6.875000e-01 3.297188e+01 5.551221e+00
6.914062e-01 3.279769e+01 5.459674e+00
6.953125e-01 3.261621e+01 5.368632e+00
6.992188e-01 3.242775e+01 5.278139e+00
7.031250e-01 3.223257e+01 5.188240e+00
7.070312e-01 3.203097e+01 5.098976e+00
7.109375e-01 3.182321e+01 5.010387e+00
7.148438e-01 3.160960e+01 4.922513e+00
7.187500e-01 3.139041e+01 4.835389e+00
7.226562e-01 3.116592e+01 4.749048e+00
7.265625e-01 3.093642e+01 4.663524e+00
7.304688e-01 3.070219e+01 4.578847e+00
7.343750e-01 3.046349e+01 4.495045e+00
7.382812e-01 3.022061e+01 4.412145e+00
7.421875e-01 2.997382e+01 4.330171e+00
7.460938e-01 2.972339e+01 4.249146e+00
7.500000e-01 2.946957e+01 4.169091e+00
7.539062e-01 2.921262e+01 4.090025e+00
7.578125e-01 2.895281e+01 4.011967e+00
7.617188e-01 2.869038e+01 3.934932e+00
7.656250e-01 2.842558e+01 3.858933e+00
7.695312e-01 2.815865e+01 3.783985e+00
7.734375e-01 2.788982e+01 3.710098e+00
7.773438e-01 2.761932e+01 3.637282e+00
7.812500e-01 2.734739e+01 3.565545e+00
7.851562e-01 2.707423e+01 3.494894e+00
7.890625e-01 2.680006e+01 3.425335e+00
7.929688e-01 2.652508e+01 3.356872e+00
7.968750e-01 2.624951e+01 3.289508e+00
8.007812e-01 2.597353e+01 3.223245e+00
8.046875e-01 2.569734e+01 3.158085e+00
8.085938e-01 2.542112e+01 3.094026e+00
8.125000e-01 2.514504e+01 3.031069e+00
8.164062e-01 2.486929e+01 2.969210e+00
8.203125e-01 2.459402e+01 2.908446e+00
8.212891e-01 2.452530e+01 2.893426e+00
8.222656e-01 2.445662e+01 2.878474e+00
8.232422e-01 2.438799e+01 2.863591e+00
8.242188e-01 2.431941e+01 2.848775e+00
8.251953e-01 2.425087e+01 2.834027e+00
8.261719e-01 2.418239e+01 2.819347e+00
8.271484e-01 2.411396e+01 2.804735e+00
8.281250e-01 2.404559e+01 2.790190e+00
8.291016e-01 2.397728e+01 2.775713e+00
8.300781e-01 2.390903e+01 2.761304e+00
8.305664e-01 2.387493e+01 2.754125e+00
8.310547e-01 2.384085e+01 2.746962e+00
8.315430e-01 2.380678e+01 2.739816e+00
8.320312e-01 2.377273e+01 2.732687e+00
8.325195e-01 2.373870e+01 2.725575e+00
8.330078e-01 2.370468e+01 2.718480e+00
8.334961e-01 2.367068e+01 2.711401e+00
8.339844e-01 2.363670e+01 2.704340e+00
8.344727e-01 2.360274e+01 2.697294e+00
8.349609e-01 2.356880e+01 2.690266e+00
8.354492e-01 2.353487e+01 2.683254e+00
8.359375e-01 2.350096e+01 2.676259e+00
8.364258e-01 2.346708e+01 2.669281e+00
8.369141e-01 2.343321e+01 2.662320e+00
8.374023e-01 2.339936e+01 2.655375e+00
8.378906e-01 2.336553e+01 2.648446e+00
8.383789e-01 2.333173e+01 2.641535e+00
8.388672e-01 2.329794e+01 2.634640e+00
8.393555e-01 2.326417e+01 2.627761e+00
8.398438e-01 2.323043e+01 2.620899e+00
8.417969e-01 2.309566e+01 2.593617e+00
8.437500e-01 2.296125e+01 2.566600e+00
8.457031e-01 2.282722e+01 2.539845e+00
8.476562e-01 2.269357e+01 2.513352e+00
8.496094e-01 2.256032e+01 2.487120e+00
8.515625e-01 2.242749e+01 2.461148e+00
8.535156e-01 2.229509e+01 2.435434e+00
8.554688e-01 2.216314e+01 2.409978e+00
8.574219e-01 2.203164e+01 2.384777e+00
8.593750e-01 2.190062e+01 2.359832e+00
8.671875e-01 2.138149e+01 2.262570e+00
8.750000e-01 2.087088e+01 2.169276e+00
8.828125e-01 2.036948e+01 2.079855e+00
8.906250e-01 1.987790e+01 1.994210e+00
8.984375e-01 1.939668e+01 1.912238e+00
9.062500e-01 1.892630e+01 1.833833e+00
9.140625e-01 1.846715e+01 1.758888e+00
9.218750e-01 1.801958e+01 1.687294e+00
9.296875e-01 1.758386e+01 1.618938e+00
9.375000e-01 1.716022e+01 1.553711e+00
9.453125e-01 1.674882e+01 1.491501e+00
9.531250e-01 1.634980e+01 1.432197e+00
9.609375e-01 1.596322e+01 1.375689e+00
9.687500e-01 1.558911e+01 1.321868e+00
9.765625e-01 1.522748e+01 1.270627e+00
9.843750e-01 1.487826e+01 1.221859e+00
9.921875e-01 1.454140e+01 1.175462e+00
1.000000e+00 1.421677e+01 1.131335e+00
1.007812e+00 1.390424e+01 1.089376e+00
1.015625e+00 1.360365e+01 1.049491e+00
1.017578e+00 1.353035e+01 1.039833e+00
1.019531e+00 1.345778e+01 1.030297e+00
1.021484e+00 1.338593e+01 1.020882e+00
1.023438e+00 1.331482e+01 1.011586e+00
1.025391e+00 1.324442e+01 1.002408e+00
1.027344e+00 1.317474e+01 9.933464e-01
1.029297e+00 1.310578e+01 9.844003e-01
1.031250e+00 1.303753e+01 9.755680e-01
1.033203e+00 1.296999e+01 9.668481e-01
1.035156e+00 1.290315e+01 9.582394e-01
1.037109e+00 1.283701e+01 9.497404e-01
1.039062e+00 1.277157e+01 9.413499e-01
1.041016e+00 1.270682e+01 9.330664e-01
1.042969e+00 1.264276e+01 9.248887e-01
1.044922e+00 1.257939e+01 9.168156e-01
1.046875e+00 1.251669e+01 9.088456e-01
1.048828e+00 1.245468e+01 9.009775e-01
1.050781e+00 1.239333e+01 8.932102e-01
1.052734e+00 1.233266e+01 8.855422e-01
1.054688e+00 1.227265e+01 8.779724e-01
1.058594e+00 1.215461e+01 8.631224e-01
1.062500e+00 1.203917e+01 8.486505e-01
1.066406e+00 1.192631e+01 8.345470e-01
1.070312e+00 1.181598e+01 8.208027e-01
1.074219e+00 1.170816e+01 8.074083e-01
1.078125e+00 1.160280e+01 7.943549e-01
1.082031e+00 1.149987e+01 7.816337e-01
1.085938e+00 1.139932e+01 7.692360e-01
1.089844e+00 1.130114e+01 7.571532e-01
1.093750e+00 1.120527e+01 7.453773e-01
1.101562e+00 1.102032e+01 7.227132e-01
1.109375e+00 1.084418e+01 7.011807e-01
1.117188e+00 1.067654e+01 6.807197e-01
1.125000e+00 1.051708e+01 6.612725e-01
1.132812e+00 1.036552e+01 6.427840e-01
1.140625e+00 1.022153e+01 6.252017e-01
1.148438e+00 1.008481e+01 6.084754e-01
1.156250e+00 9.955057e+00 5.925574e-01
1.164062e+00 9.831977e+00 5.774021e-01
1.171875e+00 9.715272e+00 5.629664e-01
1.179688e+00 9.604651e+00 5.492091e-01
1.187500e+00 9.499829e+00 5.360912e-01
1.195312e+00 9.400526e+00 5.235756e-01
1.203125e+00 9.306468e+00 5.116271e-01
1.210938e+00 9.217386e+00 5.002124e-01
1.218750e+00 9.133018e+00 4.893000e-01
1.226562e+00 9.053110e+00 4.788600e-01
1.234375e+00 8.977413e+00 4.688642e-01
1.242188e+00 8.905686e+00 4.592860e-01
1.250000e+00 8.837695e+00 4.501001e-01
1.265625e+00 8.712020e+00 4.328116e-01
1.281250e+00 8.598666e+00 4.168247e-01
1.296875e+00 8.496025e+00 4.019849e-01
1.312500e+00 8.402607e+00 3.881553e-01
1.328125e+00 8.317040e+00 3.752157e-01
1.343750e+00 8.238065e+00 3.630600e-01
1.359375e+00 8.164534e+00 3.515952e-01
1.375000e+00 8.095406e+00 3.407402e-01
1.390625e+00 8.029739e+00 3.304239e-01
1.406250e+00 7.966691e+00 3.205849e-01
1.421875e+00 7.905508e+00 3.111695e-01
1.437500e+00 7.845525e+00 3.021318e-01
1.453125e+00 7.786157e+00 2.934319e-01
1.468750e+00 7.726895e+00 2.850358e-01
1.484375e+00 7.667298e+00 2.769142e-01
1.500000e+00 7.606992e+00 2.690423e-01
1.515625e+00 7.545662e+00 2.613990e-01
1.531250e+00 7.483048e+00 2.539665e-01
1.546875e+00 7.418941e+00 2.467298e-01
1.562500e+00 7.353174e+00 2.396762e-01
1.570312e+00 7.319628e+00 2.362147e-01
1.578125e+00 7.285624e+00 2.327952e-01
1.585938e+00 7.251153e+00 2.294167e-01
1.593750e+00 7.216205e+00 2.260782e-01
1.601562e+00 7.180777e+00 2.227788e-01
1.609375e+00 7.144864e+00 2.195177e-01
1.617188e+00 7.108463e+00 2.162943e-01
1.625000e+00 7.071576e+00 2.131079e-01
1.632812e+00 7.034201e+00 2.099579e-01
1.640625e+00 6.996343e+00 2.068438e-01
1.642578e+00 6.986803e+00 2.060709e-01
1.644531e+00 6.977234e+00 2.053001e-01
1.646484e+00 6.967634e+00 2.045315e-01
1.648438e+00 6.958005e+00 2.037652e-01
1.650391e+00 6.948346e+00 2.030010e-01
1.652344e+00 6.938658e+00 2.022390e-01
1.654297e+00 6.928940e+00 2.014791e-01
1.656250e+00 6.919193e+00 2.007214e-01
1.658203e+00 6.909416e+00 1.999659e-01
1.660156e+00 6.899610e+00 1.992126e-01
1.662109e+00 6.889776e+00 1.984614e-01
1.664062e+00 6.879912e+00 1.977123e-01
1.666016e+00 6.870019e+00 1.969654e-01
1.667969e+00 6.860098e+00 1.962206e-01
1.669922e+00 6.850148e+00 1.954780e-01
1.671875e+00 6.840170e+00 1.947374e-01
1.673828e+00 6.830163e+00 1.939990e-01
1.675781e+00 6.820129e+00 1.932627e-01
1.677734e+00 6.810066e+00 1.925285e-01
1.679688e+00 6.799975e+00 1.917964e-01
1.683594e+00 6.779711e+00 1.903385e-01
1.687500e+00 6.759337e+00 1.888890e-01
1.691406e+00 6.738854e+00 1.874478e-01
1.695312e+00 6.718265e+00 1.860149e-01
1.699219e+00 6.697570e+00 1.845903e-01
1.703125e+00 6.676770e+00 1.831739e-01
1.707031e+00 6.655868e+00 1.817657e-01
1.710938e+00 6.634865e+00 1.803657e-01
1.714844e+00 6.613763e+00 1.789739e-01
1.718750e+00 6.592562e+00 1.775902e-01
1.734375e+00 6.506812e+00 1.721363e-01
1.750000e+00 6.419629e+00 1.668107e-01
1.765625e+00 6.331129e+00 1.616123e-01
1.781250e+00 6.241434e+00 1.565398e-01
1.796875e+00 6.150668e+00 1.515922e-01
1.812500e+00 6.058959e+00 1.467683e-01
1.828125e+00 5.966435e+00 1.420670e-01
1.843750e+00 5.873224e+00 1.374873e-01
1.859375e+00 5.779455e+00 1.330280e-01
1.875000e+00 5.685256e+00 1.286879e-01
1.890625e+00 5.590751e+00 1.244656e-01
1.906250e+00 5.496062e+00 1.203600e-01
1.921875e+00 5.401308e+00 1.163694e-01
1.937500e+00 5.306605e+00 1.124925e-01
1.953125e+00 5.212063e+00 1.087276e-01
1.968750e+00 5.117791e+00 1.050731e-01
1.984375e+00 5.023890e+00 1.015273e-01
2.000000e+00 4.930458e+00 9.808835e-02
2.015625e+00 4.837589e+00 9.475446e-02
2.031250e+00 4.745370e+00 9.152369e-02
2.035156e+00 4.722427e+00 9.073188e-02
2.039062e+00 4.699531e+00 8.994636e-02
2.042969e+00 4.676684e+00 8.916711e-02
2.046875e+00 4.653885e+00 8.839408e-02
2.050781e+00 4.631138e+00 8.762725e-02
2.054688e+00 4.608443e+00 8.686659e-02
2.058594e+00 4.585800e+00 8.611206e-02
2.062500e+00 4.563212e+00 8.536363e-02
2.066406e+00 4.540679e+00 8.462127e-02
2.070312e+00 4.518203e+00 8.388495e-02
2.074219e+00 4.495784e+00 8.315464e-02
2.078125e+00 4.473424e+00 8.243029e-02
2.082031e+00 4.451123e+00 8.171189e-02
2.085938e+00 4.428883e+00 8.099939e-02
2.089844e+00 4.406705e+00 8.029277e-02
2.093750e+00 4.384589e+00 7.959199e-02
2.097656e+00 4.362536e+00 7.889701e-02
2.101562e+00 4.340548e+00 7.820781e-02
2.105469e+00 4.318626e+00 7.752435e-02
2.109375e+00 4.296770e+00 7.684659e-02
2.117188e+00 4.253259e+00 7.550807e-02
2.125000e+00 4.210025e+00 7.419198e-02
2.132812e+00 4.167073e+00 7.289804e-02
2.140625e+00 4.124409e+00 7.162599e-02
2.148438e+00 4.082039e+00 7.037556e-02
2.156250e+00 4.039970e+00 6.914647e-02
2.164062e+00 3.998206e+00 6.793845e-02
2.171875e+00 3.956752e+00 6.675124e-02
2.179688e+00 3.915614e+00 6.558456e-02
2.187500e+00 3.874797e+00 6.443813e-02
2.218750e+00 3.714811e+00 6.004960e-02
2.250000e+00 3.560252e+00 5.596362e-02
2.281250e+00 3.411298e+00 5.216318e-02
2.312500e+00 3.268074e+00 4.863159e-02
2.343750e+00 3.130653e+00 4.535264e-02
2.375000e+00 2.999066e+00 4.231057e-02
2.406250e+00 2.873301e+00 3.949025e-02
2.437500e+00 2.753315e+00 3.687710e-02
2.468750e+00 2.639030e+00 3.445721e-02
2.500000e+00 2.530345e+00 3.221735e-02
2.531250e+00 2.427135e+00 3.014491e-02
2.562500e+00 2.329259e+00 2.822801e-02
2.593750e+00 2.236558e+00 2.645539e-02
2.625000e+00 2.148862e+00 2.481648e-02
2.656250e+00 2.065992e+00 2.330134e-02
2.687500e+00 1.987759e+00 2.190065e-02
2.718750e+00 1.913974e+00 2.060571e-02
2.750000e+00 1.844441e+00 1.940839e-02
2.781250e+00 1.778964e+00 1.830110e-02
2.812500e+00 1.717348e+00 1.727680e-02
2.843750e+00 1.659399e+00 1.632895e-02
2.875000e+00 1.604926e+00 1.545146e-02
2.906250e+00 1.553741e+00 1.463871e-02
2.937500e+00 1.505660e+00 1.388549e-02
2.968750e+00 1.460505e+00 1.318700e-02
3.000000e+00 1.418102e+00 1.253878e-02
3.031250e+00 1.378285e+00 1.193674e-02
3.062500e+00 1.340892e+00 1.137710e-02
3.093750e+00 1.305769e+00 1.085640e-02
3.125000e+00 1.272767e+00 1.037144e-02
3.156250e+00 1.241745e+00 9.919272e-03
3.187500e+00 1.212568e+00 9.497209e-03
3.218750e+00 1.185109e+00 9.102774e-03
3.250000e+00 1.159244e+00 8.733698e-03
3.281250e+00 1.134859e+00 8.387900e-03
3.312500e+00 1.111844e+00 8.063477e-03
3.343750e+00 1.090098e+00 7.758684e-03
3.375000e+00 1.069523e+00 7.471927e-03
3.406250e+00 1.050028e+00 7.201746e-03
3.437500e+00 1.031527e+00 6.946809e-03
3.468750e+00 1.013941e+00 6.705896e-03
3.500000e+00 9.971945e-01 6.477895e-03
3.531250e+00 9.812176e-01 6.261790e-03
3.562500e+00 9.659451e-01 6.056655e-03
3.593750e+00 9.513163e-01 5.861643e-03
3.625000e+00 9.372747e-01 5.675982e-03
3.656250e+00 9.237679e-01 5.498969e-03
3.687500e+00 9.107475e-01 5.329962e-03
3.718750e+00 8.981686e-01 5.168375e-03
3.750000e+00 8.859898e-01 5.013677e-03
3.812500e+00 8.626830e-01 4.723040e-03
3.875000e+00 8.405575e-01 4.454656e-03
3.937500e+00 8.193875e-01 4.205701e-03
4.000000e+00 7.989851e-01 3.973826e-03
4.062500e+00 7.791958e-01 3.757076e-03
4.125000e+00 7.598940e-01 3.553819e-03
4.187500e+00 7.409791e-01 3.362687e-03
4.250000e+00 7.223720e-01 3.182535e-03
4.312500e+00 7.040118e-01 3.012395e-03
4.375000e+00 6.858533e-01 2.851447e-03
4.437500e+00 6.678641e-01 2.698991e-03
4.500000e+00 6.500229e-01 2.554428e-03
4.562500e+00 6.323171e-01 2.417237e-03
4.625000e+00 6.147417e-01 2.286964e-03
4.687500e+00 5.972973e-01 2.163207e-03
4.750000e+00 5.799893e-01 2.045610e-03
4.812500e+00 5.628267e-01 1.933853e-03
4.875000e+00 5.458210e-01 1.827642e-03
4.937500e+00 5.289857e-01 1.726712e-03
5.000000e+00 5.123355e-01 1.630815e-03
5.125000e+00 4.796522e-01 1.453211e-03
5.250000e+00 4.478949e-01 1.293146e-03
5.375000e+00 4.171814e-01 1.149101e-03
5.500000e+00 3.876160e-01 1.019686e-03
5.625000e+00 3.592860e-01 9.036190e-04
5.750000e+00 3.322594e-01 7.997086e-04
5.875000e+00 3.065852e-01 7.068473e-04
6.000000e+00 2.822934e-01 6.240054e-04
6.125000e+00 2.593968e-01 5.502279e-04
6.250000e+00 2.378926e-01 4.846308e-04
6.281250e+00 2.327324e-01 4.694127e-04
6.312500e+00 2.276579e-01 4.546426e-04
6.343750e+00 2.226687e-01 4.403086e-04
6.375000e+00 2.177642e-01 4.263991e-04
6.406250e+00 2.129441e-01 4.129029e-04
6.437500e+00 2.082076e-01 3.998088e-04
6.468750e+00 2.035544e-01 3.871060e-04
6.500000e+00 1.989837e-01 3.747839e-04
6.531250e+00 1.944949e-01 3.628321e-04
6.562500e+00 1.900874e-01 3.512406e-04
6.570312e+00 1.889981e-01 3.483979e-04
6.578125e+00 1.879138e-01 3.455769e-04
6.585938e+00 1.868346e-01 3.427774e-04
6.593750e+00 1.857604e-01 3.399995e-04
6.601562e+00 1.846911e-01 3.372428e-04
6.609375e+00 1.836268e-01 3.345072e-04
6.617188e+00 1.825675e-01 3.317927e-04
6.625000e+00 1.815132e-01 3.290990e-04
6.632812e+00 1.804638e-01 3.264260e-04
6.640625e+00 1.794193e-01 3.237735e-04
6.648438e+00 1.783797e-01 3.211415e-04
6.656250e+00 1.773451e-01 3.185297e-04
6.664062e+00 1.763153e-01 3.159381e-04
6.671875e+00 1.752904e-01 3.133664e-04
6.679688e+00 1.742703e-01 3.108145e-04
6.687500e+00 1.732551e-01 3.082823e-04
6.695312e+00 1.722448e-01 3.057697e-04
6.703125e+00 1.712392e-01 3.032765e-04
6.710938e+00 1.702385e-01 3.008026e-04
6.718750e+00 1.692426e-01 2.983479e-04
6.734375e+00 1.672652e-01 2.934954e-04
6.750000e+00 1.653069e-01 2.887178e-04
6.765625e+00 1.633676e-01 2.840142e-04
6.781250e+00 1.614471e-01 2.793835e-04
6.796875e+00 1.595453e-01 2.748246e-04
6.812500e+00 1.576622e-01 2.703365e-04
6.828125e+00 1.557977e-01 2.659182e-04
6.843750e+00 1.539515e-01 2.615687e-04
6.859375e+00 1.521237e-01 2.572870e-04
6.875000e+00 1.503140e-01 2.530721e-04
6.937500e+00 1.432552e-01 2.368615e-04
7.000000e+00 1.364783e-01 2.216449e-04
7.062500e+00 1.299759e-01 2.073654e-04
7.125000e+00 1.237404e-01 1.939689e-04
7.187500e+00 1.177642e-01 1.814043e-04
7.250000e+00 1.120394e-01 1.696230e-04
7.312500e+00 1.065583e-01 1.585791e-04
7.375000e+00 1.013134e-01 1.482289e-04
7.437500e+00 9.629681e-02 1.385313e-04
7.500000e+00 9.150095e-02 1.294474e-04
7.750000e+00 7.437486e-02 9.854007e-05
8.000000e+00 6.019388e-02 7.484495e-05
8.250000e+00 4.852516e-02 5.673476e-05
8.500000e+00 3.897772e-02 4.293077e-05
8.750000e+00 3.120559e-02 3.243445e-05
9.000000e+00 2.490783e-02 2.447039e-05
9.250000e+00 1.982618e-02 1.843936e-05
9.500000e+00 1.574159e-02 1.388007e-05
9.750000e+00 1.246984e-02 1.043859e-05
1.000000e+01 9.857137e-03 7.844061e-06
1.025000e+01 7.776821e-03 5.890396e-06
1.050000e+01 6.124723e-03 4.420771e-06
1.075000e+01 4.815791e-03 3.316201e-06
1.100000e+01 3.780994e-03 2.486628e-06
1.125000e+01 2.964542e-03 1.863986e-06
1.150000e+01 2.321525e-03 1.396908e-06
1.175000e+01 1.815931e-03 1.046680e-06
1.200000e+01 1.418981e-03 7.841594e-07
1.225000e+01 1.107754e-03 5.874369e-07
1.250000e+01 8.640411e-04 4.400525e-07
1.275000e+01 6.734175e-04 3.296508e-07
1.300000e+01 5.244753e-04 2.469611e-07
1.325000e+01 4.082078e-04 1.850289e-07
1.350000e+01 3.175239e-04 1.386433e-07
1.375000e+01 2.468502e-04 1.039007e-07
1.400000e+01 1.918115e-04 7.787691e-08
1.425000e+01 1.489769e-04 5.838206e-08
1.450000e+01 1.156600e-04 4.377614e-08
1.475000e+01 8.976048e-05 3.283154e-08
1.500000e+01 6.963682e-05 2.462899e-08
1.550000e+01 4.187439e-05 1.386996e-08
1.600000e+01 2.515430e-05 7.819203e-09
1.650000e+01 1.509717e-05 4.412837e-09
1.700000e+01 9.054200e-06 2.493115e-09
1.750000e+01 5.427250e-06 1.410243e-09
1.800000e+01 3.251775e-06 7.986668e-10
1.850000e+01 1.947190e-06 4.527465e-10
1.900000e+01 1.165814e-06 2.569875e-10
1.950000e+01 6.979903e-07 1.460731e-10
2.000000e+01 4.175789e-07 8.307469e-11
2.100000e+01 1.493442e-07 2.694882e-11
2.200000e+01 5.359661e-08 8.812155e-12
2.300000e+01 1.924881e-08 2.895598e-12
2.400000e+01 6.809998e-09 9.408375e-13
2.500000e+01 2.558215e-09 3.257220e-13
2.600000e+01 1.054064e-09 1.240825e-13
2.700000e+01 3.279121e-10 3.579481e-14
2.800000e+01 1.880385e-10 1.908626e-14
2.900000e+01 2.132146e-10 2.017488e-14
3.000000e+01 1.089847e-10 9.636360e-15
3.100000e+01 1.048566e-10 8.682858e-15
3.200000e+01 1.076185e-10 8.363291e-15
3.300000e+01 1.101729e-10 8.050765e-15
3.400000e+01 1.073730e-10 7.391413e-15
3.500000e+01 9.611626e-11 6.243828e-15
3.600000e+01 7.621245e-11 4.679625e-15
3.700000e+01 5.077020e-11 2.951179e-15
3.800000e+01 2.548587e-11 1.404502e-15
3.900000e+01 6.859225e-12 3.588690e-16
4.000000e+01 0.000000e+00 0.000000e+00
