# 
# Output from RAtom program.
# 
# Total radial electron density.
# The first column contains radius $r$ in bohr units.
# The second column holds $\rho(r)$.
# The third column holds $\tilde{\rho}(r) = \rho(r) / (\pi * r * r)$
# 
# Use this file with gnuplot to create the plot.
# 
# R     Rho     RhoTilde
#
0.000000e+00 0.000000e+00 4.573195e+05
8.392334e-05 3.989571e-02 4.507656e+05
1.678467e-04 1.572959e-01 4.443058e+05
2.517700e-04 3.488440e-01 4.379387e+05
3.356934e-04 6.112801e-01 4.316630e+05
4.196167e-04 9.414385e-01 4.254775e+05
5.035400e-04 1.336246e+00 4.193807e+05
5.874634e-04 1.792718e+00 4.133716e+05
6.713867e-04 2.307960e+00 4.074488e+05
7.553101e-04 2.879162e+00 4.016111e+05
8.392334e-04 3.503596e+00 3.958573e+05
9.231567e-04 4.178619e+00 3.901863e+05
1.007080e-03 4.901665e+00 3.845969e+05
1.091003e-03 5.670246e+00 3.790878e+05
1.174927e-03 6.481952e+00 3.736581e+05
1.258850e-03 7.334445e+00 3.683065e+05
1.342773e-03 8.225459e+00 3.630319e+05
1.426697e-03 9.152800e+00 3.578333e+05
1.510620e-03 1.011434e+01 3.527096e+05
1.594543e-03 1.110803e+01 3.476597e+05
1.678467e-03 1.213186e+01 3.426825e+05
1.846313e-03 1.426231e+01 3.329425e+05
2.014160e-03 1.649100e+01 3.234813e+05
2.182007e-03 1.880418e+01 3.142912e+05
2.349854e-03 2.118898e+01 3.053645e+05
2.517700e-03 2.363341e+01 2.966938e+05
2.685547e-03 2.612629e+01 2.882719e+05
2.853394e-03 2.865719e+01 2.800918e+05
3.021240e-03 3.121643e+01 2.721466e+05
3.189087e-03 3.379502e+01 2.644297e+05
3.356934e-03 3.638463e+01 2.569346e+05
3.524780e-03 3.897755e+01 2.496552e+05
3.692627e-03 4.156665e+01 2.425852e+05
3.860474e-03 4.414539e+01 2.357188e+05
4.028320e-03 4.670772e+01 2.290503e+05
4.196167e-03 4.924813e+01 2.225740e+05
4.364014e-03 5.176155e+01 2.162844e+05
4.531860e-03 5.424339e+01 2.101764e+05
4.699707e-03 5.668945e+01 2.042447e+05
4.867554e-03 5.909595e+01 1.984844e+05
5.035400e-03 6.145947e+01 1.928905e+05
5.203247e-03 6.377697e+01 1.874585e+05
5.371094e-03 6.604573e+01 1.821837e+05
5.538940e-03 6.826333e+01 1.770615e+05
5.706787e-03 7.042766e+01 1.720878e+05
5.874634e-03 7.253689e+01 1.672582e+05
6.042480e-03 7.458946e+01 1.625687e+05
6.210327e-03 7.658401e+01 1.580154e+05
6.378174e-03 7.851947e+01 1.535942e+05
6.546021e-03 8.039494e+01 1.493015e+05
6.713867e-03 8.220974e+01 1.451336e+05
6.881714e-03 8.396338e+01 1.410869e+05
7.049561e-03 8.565552e+01 1.371581e+05
7.217407e-03 8.728601e+01 1.333436e+05
7.385254e-03 8.885483e+01 1.296404e+05
7.553101e-03 9.036213e+01 1.260451e+05
7.720947e-03 9.180815e+01 1.225548e+05
7.888794e-03 9.319329e+01 1.191663e+05
8.056641e-03 9.451803e+01 1.158769e+05
8.224487e-03 9.578297e+01 1.126836e+05
8.392334e-03 9.698879e+01 1.095838e+05
8.560181e-03 9.813628e+01 1.065746e+05
8.728027e-03 9.922628e+01 1.036537e+05
8.895874e-03 1.002597e+02 1.008183e+05
9.063721e-03 1.012376e+02 9.806609e+04
9.231567e-03 1.021609e+02 9.539466e+04
9.399414e-03 1.030308e+02 9.280168e+04
9.567261e-03 1.038485e+02 9.028489e+04
9.735107e-03 1.046150e+02 8.784211e+04
9.902954e-03 1.053317e+02 8.547120e+04
1.007080e-02 1.059998e+02 8.317010e+04
1.023865e-02 1.066206e+02 8.093679e+04
1.040649e-02 1.071953e+02 7.876933e+04
1.057434e-02 1.077254e+02 7.666580e+04
1.074219e-02 1.082121e+02 7.462437e+04
1.091003e-02 1.086569e+02 7.264323e+04
1.107788e-02 1.090610e+02 7.072066e+04
1.124573e-02 1.094259e+02 6.885494e+04
1.141357e-02 1.097529e+02 6.704444e+04
1.158142e-02 1.100434e+02 6.528755e+04
1.174927e-02 1.102987e+02 6.358272e+04
1.191711e-02 1.105203e+02 6.192844e+04
1.208496e-02 1.107095e+02 6.032323e+04
1.225281e-02 1.108677e+02 5.876568e+04
1.242065e-02 1.109961e+02 5.725440e+04
1.258850e-02 1.110961e+02 5.578803e+04
1.275635e-02 1.111691e+02 5.436527e+04
1.292419e-02 1.112163e+02 5.298485e+04
1.309204e-02 1.112391e+02 5.164553e+04
1.325989e-02 1.112386e+02 5.034611e+04
1.342773e-02 1.112161e+02 4.908542e+04
1.376343e-02 1.111102e+02 4.667572e+04
1.409912e-02 1.109310e+02 4.440776e+04
1.443481e-02 1.106875e+02 4.227331e+04
1.477051e-02 1.103887e+02 4.026464e+04
1.510620e-02 1.100430e+02 3.837443e+04
1.544189e-02 1.096584e+02 3.659578e+04
1.577759e-02 1.092427e+02 3.492217e+04
1.611328e-02 1.088029e+02 3.334746e+04
1.644897e-02 1.083460e+02 3.186585e+04
1.678467e-02 1.078783e+02 3.047186e+04
1.712036e-02 1.074059e+02 2.916032e+04
1.745605e-02 1.069342e+02 2.792636e+04
1.779175e-02 1.064684e+02 2.676540e+04
1.812744e-02 1.060134e+02 2.567308e+04
1.846313e-02 1.055736e+02 2.464532e+04
1.879883e-02 1.051529e+02 2.367826e+04
1.913452e-02 1.047551e+02 2.276827e+04
1.947021e-02 1.043834e+02 2.191191e+04
1.980591e-02 1.040410e+02 2.110596e+04
2.014160e-02 1.037303e+02 2.034736e+04
2.047729e-02 1.034539e+02 1.963324e+04
2.081299e-02 1.032137e+02 1.896089e+04
2.114868e-02 1.030116e+02 1.832777e+04
2.148438e-02 1.028490e+02 1.773147e+04
2.182007e-02 1.027272e+02 1.716972e+04
2.215576e-02 1.026472e+02 1.664040e+04
2.249146e-02 1.026097e+02 1.614149e+04
2.282715e-02 1.026155e+02 1.567110e+04
2.316284e-02 1.026647e+02 1.522746e+04
2.349854e-02 1.027576e+02 1.480888e+04
2.383423e-02 1.028941e+02 1.441380e+04
2.416992e-02 1.030741e+02 1.404072e+04
2.450562e-02 1.032973e+02 1.368825e+04
2.484131e-02 1.035632e+02 1.335508e+04
2.517700e-02 1.038711e+02 1.303998e+04
2.551270e-02 1.042203e+02 1.274177e+04
2.584839e-02 1.046101e+02 1.245939e+04
2.618408e-02 1.050393e+02 1.219179e+04
2.651978e-02 1.055071e+02 1.193801e+04
2.685547e-02 1.060122e+02 1.169716e+04
2.719116e-02 1.065535e+02 1.146839e+04
2.752686e-02 1.071297e+02 1.125088e+04
2.786255e-02 1.077394e+02 1.104391e+04
2.819824e-02 1.083813e+02 1.084677e+04
2.853394e-02 1.090540e+02 1.065880e+04
2.886963e-02 1.097559e+02 1.047938e+04
2.920532e-02 1.104857e+02 1.030794e+04
2.954102e-02 1.112416e+02 1.014394e+04
2.987671e-02 1.120223e+02 9.986867e+03
3.021240e-02 1.128262e+02 9.836250e+03
3.054810e-02 1.136516e+02 9.691645e+03
3.088379e-02 1.144971e+02 9.552638e+03
3.121948e-02 1.153609e+02 9.418840e+03
3.155518e-02 1.162416e+02 9.289890e+03
3.189087e-02 1.171376e+02 9.165449e+03
3.222656e-02 1.180473e+02 9.045202e+03
3.256226e-02 1.189692e+02 8.928855e+03
3.289795e-02 1.199018e+02 8.816131e+03
3.323364e-02 1.208435e+02 8.706777e+03
3.356934e-02 1.217928e+02 8.600553e+03
3.373718e-02 1.222699e+02 8.548545e+03
3.390503e-02 1.227484e+02 8.497237e+03
3.407288e-02 1.232281e+02 8.446606e+03
3.424072e-02 1.237088e+02 8.396625e+03
3.440857e-02 1.241903e+02 8.347272e+03
3.457642e-02 1.246725e+02 8.298524e+03
3.474426e-02 1.251552e+02 8.250359e+03
3.491211e-02 1.256382e+02 8.202756e+03
3.507996e-02 1.261214e+02 8.155695e+03
3.524780e-02 1.266047e+02 8.109157e+03
3.533173e-02 1.268462e+02 8.086078e+03
3.541565e-02 1.270877e+02 8.063122e+03
3.549957e-02 1.273291e+02 8.040288e+03
3.558350e-02 1.275704e+02 8.017573e+03
3.566742e-02 1.278116e+02 7.994975e+03
3.575134e-02 1.280527e+02 7.972493e+03
3.583527e-02 1.282936e+02 7.950123e+03
3.591919e-02 1.285343e+02 7.927864e+03
3.600311e-02 1.287748e+02 7.905713e+03
3.608704e-02 1.290152e+02 7.883670e+03
3.617096e-02 1.292552e+02 7.861732e+03
3.625488e-02 1.294951e+02 7.839897e+03
3.633881e-02 1.297346e+02 7.818163e+03
3.642273e-02 1.299739e+02 7.796529e+03
3.650665e-02 1.302128e+02 7.774992e+03
3.659058e-02 1.304515e+02 7.753551e+03
3.667450e-02 1.306898e+02 7.732205e+03
3.675842e-02 1.309277e+02 7.710952e+03
3.684235e-02 1.311653e+02 7.689789e+03
3.692627e-02 1.314024e+02 7.668716e+03
3.726196e-02 1.323468e+02 7.585287e+03
3.759766e-02 1.332834e+02 7.503170e+03
3.793335e-02 1.342114e+02 7.422278e+03
3.826904e-02 1.351297e+02 7.342530e+03
3.860474e-02 1.360373e+02 7.263852e+03
3.894043e-02 1.369334e+02 7.186177e+03
3.927612e-02 1.378170e+02 7.109444e+03
3.961182e-02 1.386873e+02 7.033596e+03
3.994751e-02 1.395436e+02 6.958581e+03
4.028320e-02 1.403851e+02 6.884354e+03
4.061890e-02 1.412111e+02 6.810872e+03
4.095459e-02 1.420209e+02 6.738097e+03
4.129028e-02 1.428139e+02 6.665994e+03
4.162598e-02 1.435895e+02 6.594532e+03
4.196167e-02 1.443472e+02 6.523684e+03
4.229736e-02 1.450864e+02 6.453425e+03
4.263306e-02 1.458067e+02 6.383733e+03
4.296875e-02 1.465077e+02 6.314588e+03
4.330444e-02 1.471889e+02 6.245974e+03
4.364014e-02 1.478500e+02 6.177875e+03
4.397583e-02 1.484906e+02 6.110278e+03
4.431152e-02 1.491105e+02 6.043173e+03
4.464722e-02 1.497094e+02 5.976550e+03
4.498291e-02 1.502872e+02 5.910401e+03
4.531860e-02 1.508435e+02 5.844719e+03
4.565430e-02 1.513782e+02 5.779499e+03
4.598999e-02 1.518913e+02 5.714738e+03
4.632568e-02 1.523825e+02 5.650432e+03
4.666138e-02 1.528519e+02 5.586579e+03
4.699707e-02 1.532994e+02 5.523177e+03
4.733276e-02 1.537249e+02 5.460228e+03
4.766846e-02 1.541286e+02 5.397729e+03
4.800415e-02 1.545103e+02 5.335683e+03
4.833984e-02 1.548702e+02 5.274091e+03
4.867554e-02 1.552084e+02 5.212954e+03
4.901123e-02 1.555250e+02 5.152275e+03
4.934692e-02 1.558200e+02 5.092057e+03
4.968262e-02 1.560937e+02 5.032301e+03
5.001831e-02 1.563462e+02 4.973011e+03
5.035400e-02 1.565777e+02 4.914191e+03
5.068970e-02 1.567884e+02 4.855843e+03
5.102539e-02 1.569785e+02 4.797972e+03
5.136108e-02 1.571483e+02 4.740580e+03
5.169678e-02 1.572980e+02 4.683673e+03
5.203247e-02 1.574280e+02 4.627252e+03
5.236816e-02 1.575384e+02 4.571323e+03
5.270386e-02 1.576296e+02 4.515888e+03
5.303955e-02 1.577019e+02 4.460951e+03
5.337524e-02 1.577557e+02 4.406516e+03
5.371094e-02 1.577912e+02 4.352586e+03
5.404663e-02 1.578088e+02 4.299165e+03
5.438232e-02 1.578089e+02 4.246255e+03
5.471802e-02 1.577918e+02 4.193860e+03
5.505371e-02 1.577580e+02 4.141982e+03
5.538940e-02 1.577077e+02 4.090625e+03
5.572510e-02 1.576414e+02 4.039790e+03
5.606079e-02 1.575595e+02 3.989481e+03
5.639648e-02 1.574624e+02 3.939698e+03
5.673218e-02 1.573505e+02 3.890446e+03
5.706787e-02 1.572242e+02 3.841724e+03
5.740356e-02 1.570839e+02 3.793535e+03
5.773926e-02 1.569301e+02 3.745881e+03
5.807495e-02 1.567631e+02 3.698762e+03
5.841064e-02 1.565835e+02 3.652179e+03
5.874634e-02 1.563915e+02 3.606133e+03
5.908203e-02 1.561878e+02 3.560625e+03
5.941772e-02 1.559726e+02 3.515655e+03
5.975342e-02 1.557464e+02 3.471224e+03
6.008911e-02 1.555097e+02 3.427331e+03
6.042480e-02 1.552629e+02 3.383975e+03
6.109619e-02 1.547406e+02 3.298877e+03
6.176758e-02 1.541830e+02 3.215922e+03
6.243896e-02 1.535936e+02 3.135103e+03
6.311035e-02 1.529757e+02 3.056408e+03
6.378174e-02 1.523325e+02 2.979821e+03
6.445312e-02 1.516675e+02 2.905325e+03
6.512451e-02 1.509838e+02 2.832901e+03
6.579590e-02 1.502844e+02 2.762526e+03
6.646729e-02 1.495725e+02 2.694176e+03
6.713867e-02 1.488509e+02 2.627824e+03
6.747437e-02 1.484875e+02 2.595388e+03
6.781006e-02 1.481226e+02 2.563441e+03
6.814575e-02 1.477568e+02 2.531979e+03
6.848145e-02 1.473903e+02 2.500998e+03
6.881714e-02 1.470235e+02 2.470494e+03
6.915283e-02 1.466567e+02 2.440462e+03
6.948853e-02 1.462902e+02 2.410899e+03
6.982422e-02 1.459242e+02 2.381800e+03
7.015991e-02 1.455592e+02 2.353162e+03
7.049561e-02 1.451954e+02 2.324978e+03
7.057953e-02 1.451047e+02 2.318003e+03
7.066345e-02 1.450140e+02 2.311056e+03
7.074738e-02 1.449235e+02 2.304137e+03
7.083130e-02 1.448331e+02 2.297246e+03
7.091522e-02 1.447428e+02 2.290383e+03
7.099915e-02 1.446526e+02 2.283547e+03
7.108307e-02 1.445625e+02 2.276740e+03
7.116699e-02 1.444725e+02 2.269960e+03
7.125092e-02 1.443827e+02 2.263208e+03
7.133484e-02 1.442930e+02 2.256483e+03
7.137680e-02 1.442482e+02 2.253131e+03
7.141876e-02 1.442034e+02 2.249785e+03
7.146072e-02 1.441587e+02 2.246447e+03
7.150269e-02 1.441140e+02 2.243116e+03
7.154465e-02 1.440694e+02 2.239791e+03
7.158661e-02 1.440247e+02 2.236473e+03
7.162857e-02 1.439802e+02 2.233162e+03
7.167053e-02 1.439356e+02 2.229858e+03
7.171249e-02 1.438911e+02 2.226560e+03
7.175446e-02 1.438466e+02 2.223269e+03
7.179642e-02 1.438022e+02 2.219986e+03
7.183838e-02 1.437578e+02 2.216708e+03
7.188034e-02 1.437135e+02 2.213438e+03
7.192230e-02 1.436692e+02 2.210174e+03
7.196426e-02 1.436249e+02 2.206917e+03
7.200623e-02 1.435807e+02 2.203667e+03
7.204819e-02 1.435365e+02 2.200424e+03
7.209015e-02 1.434923e+02 2.197187e+03
7.213211e-02 1.434482e+02 2.193957e+03
7.217407e-02 1.434042e+02 2.190734e+03
7.234192e-02 1.432284e+02 2.177907e+03
7.250977e-02 1.430534e+02 2.165186e+03
7.267761e-02 1.428791e+02 2.152571e+03
7.284546e-02 1.427056e+02 2.140061e+03
7.301331e-02 1.425330e+02 2.127656e+03
7.318115e-02 1.423612e+02 2.115355e+03
7.334900e-02 1.421902e+02 2.103156e+03
7.351685e-02 1.420202e+02 2.091061e+03
7.368469e-02 1.418512e+02 2.079067e+03
7.385254e-02 1.416831e+02 2.067175e+03
7.452393e-02 1.410208e+02 2.020607e+03
7.519531e-02 1.403760e+02 1.975611e+03
7.586670e-02 1.397502e+02 1.932147e+03
7.653809e-02 1.391448e+02 1.890175e+03
7.720947e-02 1.385611e+02 1.849653e+03
7.788086e-02 1.380002e+02 1.810541e+03
7.855225e-02 1.374632e+02 1.772798e+03
7.922363e-02 1.369511e+02 1.736385e+03
7.989502e-02 1.364646e+02 1.701261e+03
8.056641e-02 1.360047e+02 1.667385e+03
8.123779e-02 1.355718e+02 1.634719e+03
8.190918e-02 1.351665e+02 1.603224e+03
8.258057e-02 1.347894e+02 1.572860e+03
8.325195e-02 1.344407e+02 1.543590e+03
8.392334e-02 1.341207e+02 1.515376e+03
8.459473e-02 1.338295e+02 1.488180e+03
8.526611e-02 1.335674e+02 1.461967e+03
8.593750e-02 1.333343e+02 1.436701e+03
8.660889e-02 1.331301e+02 1.412347e+03
8.728027e-02 1.329547e+02 1.388870e+03
8.795166e-02 1.328079e+02 1.366237e+03
8.862305e-02 1.326895e+02 1.344415e+03
8.929443e-02 1.325991e+02 1.323372e+03
8.996582e-02 1.325362e+02 1.303076e+03
9.063721e-02 1.325006e+02 1.283497e+03
9.130859e-02 1.324916e+02 1.264606e+03
9.197998e-02 1.325087e+02 1.246373e+03
9.265137e-02 1.325513e+02 1.228770e+03
9.332275e-02 1.326189e+02 1.211770e+03
9.399414e-02 1.327105e+02 1.195347e+03
9.466553e-02 1.328257e+02 1.179474e+03
9.533691e-02 1.329636e+02 1.164128e+03
9.600830e-02 1.331234e+02 1.149283e+03
9.667969e-02 1.333043e+02 1.134916e+03
9.735107e-02 1.335055e+02 1.121005e+03
9.802246e-02 1.337261e+02 1.107529e+03
9.869385e-02 1.339652e+02 1.094465e+03
9.936523e-02 1.342220e+02 1.081795e+03
1.000366e-01 1.344955e+02 1.069497e+03
1.007080e-01 1.347847e+02 1.057555e+03
1.013794e-01 1.350888e+02 1.045948e+03
1.020508e-01 1.354069e+02 1.034661e+03
1.027222e-01 1.357378e+02 1.023676e+03
1.033936e-01 1.360808e+02 1.012978e+03
1.040649e-01 1.364348e+02 1.002551e+03
1.047363e-01 1.367989e+02 9.923802e+02
1.054077e-01 1.371721e+02 9.824517e+02
1.060791e-01 1.375535e+02 9.727520e+02
1.067505e-01 1.379421e+02 9.632683e+02
1.074219e-01 1.383370e+02 9.539883e+02
1.087646e-01 1.391419e+02 9.359932e+02
1.101074e-01 1.399610e+02 9.186793e+02
1.114502e-01 1.407870e+02 9.019678e+02
1.127930e-01 1.416131e+02 8.857875e+02
1.141357e-01 1.424327e+02 8.700746e+02
1.154785e-01 1.432394e+02 8.547721e+02
1.168213e-01 1.440273e+02 8.398292e+02
1.181641e-01 1.447907e+02 8.252012e+02
1.195068e-01 1.455242e+02 8.108486e+02
1.208496e-01 1.462229e+02 7.967371e+02
1.215210e-01 1.465578e+02 7.897623e+02
1.221924e-01 1.468823e+02 7.828370e+02
1.228638e-01 1.471959e+02 7.759580e+02
1.235352e-01 1.474982e+02 7.691227e+02
1.242065e-01 1.477886e+02 7.623283e+02
1.248779e-01 1.480667e+02 7.555725e+02
1.255493e-01 1.483321e+02 7.488531e+02
1.262207e-01 1.485845e+02 7.421682e+02
1.268921e-01 1.488234e+02 7.355160e+02
1.275635e-01 1.490485e+02 7.288949e+02
1.282349e-01 1.492594e+02 7.223035e+02
1.289062e-01 1.494560e+02 7.157404e+02
1.295776e-01 1.496379e+02 7.092046e+02
1.302490e-01 1.498048e+02 7.026951e+02
1.309204e-01 1.499566e+02 6.962111e+02
1.315918e-01 1.500930e+02 6.897519e+02
1.322632e-01 1.502138e+02 6.833168e+02
1.329346e-01 1.503189e+02 6.769053e+02
1.336060e-01 1.504082e+02 6.705173e+02
1.342773e-01 1.504815e+02 6.641522e+02
1.349487e-01 1.505386e+02 6.578101e+02
1.356201e-01 1.505797e+02 6.514907e+02
1.362915e-01 1.506044e+02 6.451940e+02
1.369629e-01 1.506130e+02 6.389203e+02
1.376343e-01 1.506052e+02 6.326695e+02
1.383057e-01 1.505811e+02 6.264418e+02
1.389771e-01 1.505408e+02 6.202376e+02
1.396484e-01 1.504842e+02 6.140571e+02
1.403198e-01 1.504114e+02 6.079008e+02
1.409912e-01 1.503224e+02 6.017689e+02
1.411591e-01 1.502976e+02 6.002398e+02
1.413269e-01 1.502719e+02 5.987123e+02
1.414948e-01 1.502451e+02 5.971864e+02
1.416626e-01 1.502174e+02 5.956620e+02
1.418304e-01 1.501886e+02 5.941392e+02
1.419983e-01 1.501589e+02 5.926181e+02
1.421661e-01 1.501281e+02 5.910985e+02
1.423340e-01 1.500964e+02 5.895806e+02
1.425018e-01 1.500637e+02 5.880642e+02
1.426697e-01 1.500299e+02 5.865495e+02
1.427536e-01 1.500127e+02 5.857928e+02
1.428375e-01 1.499952e+02 5.850365e+02
1.429214e-01 1.499775e+02 5.842806e+02
1.430054e-01 1.499595e+02 5.835251e+02
1.430893e-01 1.499413e+02 5.827700e+02
1.431732e-01 1.499229e+02 5.820153e+02
1.432571e-01 1.499041e+02 5.812611e+02
1.433411e-01 1.498852e+02 5.805072e+02
1.434250e-01 1.498660e+02 5.797538e+02
1.435089e-01 1.498466e+02 5.790008e+02
1.435928e-01 1.498269e+02 5.782482e+02
1.436768e-01 1.498069e+02 5.774960e+02
1.437607e-01 1.497868e+02 5.767443e+02
1.438446e-01 1.497663e+02 5.759930e+02
1.439285e-01 1.497457e+02 5.752421e+02
1.440125e-01 1.497248e+02 5.744917e+02
1.440964e-01 1.497036e+02 5.737416e+02
1.441803e-01 1.496822e+02 5.729920e+02
1.442642e-01 1.496606e+02 5.722428e+02
1.443481e-01 1.496387e+02 5.714941e+02
1.446838e-01 1.495488e+02 5.685035e+02
1.450195e-01 1.494551e+02 5.655199e+02
1.453552e-01 1.493575e+02 5.625433e+02
1.456909e-01 1.492562e+02 5.595739e+02
1.460266e-01 1.491510e+02 5.566118e+02
1.463623e-01 1.490421e+02 5.536569e+02
1.466980e-01 1.489295e+02 5.507095e+02
1.470337e-01 1.488132e+02 5.477695e+02
1.473694e-01 1.486932e+02 5.448371e+02
1.477051e-01 1.485695e+02 5.419124e+02
1.490479e-01 1.480389e+02 5.302915e+02
1.503906e-01 1.474521e+02 5.187996e+02
1.517334e-01 1.468111e+02 5.074422e+02
1.530762e-01 1.461179e+02 4.962246e+02
1.544189e-01 1.453748e+02 4.851522e+02
1.557617e-01 1.445840e+02 4.742300e+02
1.571045e-01 1.437482e+02 4.634631e+02
1.584473e-01 1.428696e+02 4.528563e+02
1.597900e-01 1.419509e+02 4.424141e+02
1.611328e-01 1.409948e+02 4.321407e+02
1.624756e-01 1.400038e+02 4.220401e+02
1.638184e-01 1.389807e+02 4.121160e+02
1.651611e-01 1.379282e+02 4.023717e+02
1.665039e-01 1.368490e+02 3.928104e+02
1.678467e-01 1.357459e+02 3.834346e+02
1.691895e-01 1.346215e+02 3.742468e+02
1.705322e-01 1.334786e+02 3.652489e+02
1.718750e-01 1.323198e+02 3.564427e+02
1.732178e-01 1.311478e+02 3.478295e+02
1.745605e-01 1.299652e+02 3.394103e+02
1.752319e-01 1.293707e+02 3.352738e+02
1.759033e-01 1.287745e+02 3.311860e+02
1.765747e-01 1.281769e+02 3.271469e+02
1.772461e-01 1.275782e+02 3.231568e+02
1.779175e-01 1.269787e+02 3.192154e+02
1.785889e-01 1.263788e+02 3.153229e+02
1.792603e-01 1.257786e+02 3.114791e+02
1.799316e-01 1.251786e+02 3.076841e+02
1.806030e-01 1.245789e+02 3.039377e+02
1.812744e-01 1.239799e+02 3.002399e+02
1.819458e-01 1.233818e+02 2.965905e+02
1.826172e-01 1.227850e+02 2.929896e+02
1.832886e-01 1.221896e+02 2.894368e+02
1.839600e-01 1.215960e+02 2.859321e+02
1.846313e-01 1.210044e+02 2.824753e+02
1.853027e-01 1.204151e+02 2.790663e+02
1.859741e-01 1.198282e+02 2.757048e+02
1.866455e-01 1.192441e+02 2.723906e+02
1.873169e-01 1.186630e+02 2.691235e+02
1.879883e-01 1.180851e+02 2.659034e+02
1.893311e-01 1.169399e+02 2.596026e+02
1.906738e-01 1.158101e+02 2.534863e+02
1.920166e-01 1.146975e+02 2.475521e+02
1.933594e-01 1.136037e+02 2.417976e+02
1.947021e-01 1.125300e+02 2.362202e+02
1.960449e-01 1.114779e+02 2.308170e+02
1.973877e-01 1.104487e+02 2.255852e+02
1.987305e-01 1.094435e+02 2.205217e+02
2.000732e-01 1.084636e+02 2.156236e+02
2.014160e-01 1.075099e+02 2.108874e+02
2.027588e-01 1.065834e+02 2.063100e+02
2.041016e-01 1.056849e+02 2.018879e+02
2.054443e-01 1.048152e+02 1.976178e+02
2.067871e-01 1.039750e+02 1.934960e+02
2.081299e-01 1.031648e+02 1.895191e+02
2.094727e-01 1.023853e+02 1.856834e+02
2.108154e-01 1.016369e+02 1.819854e+02
2.121582e-01 1.009198e+02 1.784214e+02
2.135010e-01 1.002345e+02 1.749878e+02
2.148438e-01 9.958117e+01 1.716809e+02
2.155151e-01 9.926653e+01 1.700738e+02
2.161865e-01 9.895993e+01 1.684970e+02
2.168579e-01 9.866138e+01 1.669501e+02
2.175293e-01 9.837088e+01 1.654326e+02
2.182007e-01 9.808844e+01 1.639441e+02
2.188721e-01 9.781405e+01 1.624840e+02
2.195435e-01 9.754770e+01 1.610520e+02
2.202148e-01 9.728939e+01 1.596476e+02
2.208862e-01 9.703910e+01 1.582704e+02
2.215576e-01 9.679681e+01 1.569198e+02
2.222290e-01 9.656250e+01 1.555955e+02
2.229004e-01 9.633615e+01 1.542971e+02
2.235718e-01 9.611772e+01 1.530240e+02
2.242432e-01 9.590719e+01 1.517759e+02
2.249146e-01 9.570452e+01 1.505523e+02
2.255859e-01 9.550968e+01 1.493528e+02
2.262573e-01 9.532262e+01 1.481770e+02
2.269287e-01 9.514330e+01 1.470244e+02
2.276001e-01 9.497167e+01 1.458946e+02
2.282715e-01 9.480768e+01 1.447873e+02
2.289429e-01 9.465128e+01 1.437019e+02
2.296143e-01 9.450242e+01 1.426380e+02
2.302856e-01 9.436103e+01 1.415954e+02
2.309570e-01 9.422706e+01 1.405735e+02
2.316284e-01 9.410045e+01 1.395720e+02
2.322998e-01 9.398113e+01 1.385904e+02
2.329712e-01 9.386903e+01 1.376284e+02
2.336426e-01 9.376408e+01 1.366856e+02
2.343140e-01 9.366621e+01 1.357615e+02
2.349854e-01 9.357535e+01 1.348559e+02
2.356567e-01 9.349143e+01 1.339684e+02
2.363281e-01 9.341436e+01 1.330984e+02
2.369995e-01 9.334407e+01 1.322458e+02
2.376709e-01 9.328047e+01 1.314101e+02
2.383423e-01 9.322348e+01 1.305910e+02
2.390137e-01 9.317302e+01 1.297881e+02
2.396851e-01 9.312901e+01 1.290010e+02
2.403564e-01 9.309135e+01 1.282295e+02
2.410278e-01 9.305995e+01 1.274731e+02
2.416992e-01 9.303473e+01 1.267315e+02
2.430420e-01 9.300245e+01 1.252916e+02
2.443848e-01 9.299376e+01 1.239070e+02
2.457275e-01 9.300789e+01 1.225751e+02
2.470703e-01 9.304407e+01 1.212935e+02
2.484131e-01 9.310150e+01 1.200599e+02
2.497559e-01 9.317938e+01 1.188717e+02
2.510986e-01 9.327690e+01 1.177268e+02
2.524414e-01 9.339322e+01 1.166230e+02
2.537842e-01 9.352752e+01 1.155581e+02
2.551270e-01 9.367897e+01 1.145301e+02
2.564697e-01 9.384673e+01 1.135369e+02
2.578125e-01 9.402995e+01 1.125767e+02
2.591553e-01 9.422780e+01 1.116475e+02
2.604980e-01 9.443944e+01 1.107477e+02
2.618408e-01 9.466403e+01 1.098754e+02
2.631836e-01 9.490073e+01 1.090290e+02
2.645264e-01 9.514872e+01 1.082069e+02
2.658691e-01 9.540716e+01 1.074077e+02
2.672119e-01 9.567526e+01 1.066297e+02
2.685547e-01 9.595219e+01 1.058716e+02
2.698975e-01 9.623715e+01 1.051321e+02
2.712402e-01 9.652936e+01 1.044098e+02
2.725830e-01 9.682804e+01 1.037036e+02
2.739258e-01 9.713241e+01 1.030122e+02
2.752686e-01 9.744172e+01 1.023345e+02
2.766113e-01 9.775522e+01 1.016694e+02
2.779541e-01 9.807219e+01 1.010159e+02
2.792969e-01 9.839190e+01 1.003731e+02
2.806396e-01 9.871366e+01 9.974000e+01
2.819824e-01 9.903678e+01 9.911572e+01
2.823181e-01 9.911769e+01 9.896094e+01
2.826538e-01 9.919863e+01 9.880664e+01
2.829895e-01 9.927960e+01 9.865282e+01
2.833252e-01 9.936057e+01 9.849946e+01
2.836609e-01 9.944155e+01 9.834655e+01
2.839966e-01 9.952252e+01 9.819408e+01
2.843323e-01 9.960347e+01 9.804203e+01
2.846680e-01 9.968440e+01 9.789040e+01
2.850037e-01 9.976528e+01 9.773918e+01
2.853394e-01 9.984612e+01 9.758835e+01
2.854233e-01 9.986632e+01 9.755070e+01
2.855072e-01 9.988652e+01 9.751308e+01
2.855911e-01 9.990671e+01 9.747548e+01
2.856750e-01 9.992690e+01 9.743790e+01
2.857590e-01 9.994708e+01 9.740035e+01
2.858429e-01 9.996726e+01 9.736282e+01
2.859268e-01 9.998744e+01 9.732531e+01
2.860107e-01 1.000076e+02 9.728782e+01
2.860947e-01 1.000278e+02 9.725036e+01
2.861786e-01 1.000479e+02 9.721292e+01
2.862206e-01 1.000580e+02 9.719421e+01
2.862625e-01 1.000681e+02 9.717550e+01
2.863045e-01 1.000782e+02 9.715680e+01
2.863464e-01 1.000882e+02 9.713811e+01
2.863884e-01 1.000983e+02 9.711942e+01
2.864304e-01 1.001084e+02 9.710073e+01
2.864723e-01 1.001185e+02 9.708205e+01
2.865143e-01 1.001285e+02 9.706338e+01
2.865562e-01 1.001386e+02 9.704472e+01
2.865982e-01 1.001487e+02 9.702606e+01
2.866402e-01 1.001587e+02 9.700740e+01
2.866821e-01 1.001688e+02 9.698875e+01
2.867241e-01 1.001789e+02 9.697010e+01
2.867661e-01 1.001889e+02 9.695146e+01
2.868080e-01 1.001990e+02 9.693283e+01
2.868500e-01 1.002090e+02 9.691420e+01
2.868919e-01 1.002191e+02 9.689558e+01
2.869339e-01 1.002292e+02 9.687696e+01
2.869759e-01 1.002392e+02 9.685834e+01
2.870178e-01 1.002493e+02 9.683974e+01
2.871857e-01 1.002895e+02 9.676535e+01
2.873535e-01 1.003296e+02 9.669105e+01
2.875214e-01 1.003698e+02 9.661683e+01
2.876892e-01 1.004099e+02 9.654269e+01
2.878571e-01 1.004499e+02 9.646862e+01
2.880249e-01 1.004900e+02 9.639463e+01
2.881927e-01 1.005300e+02 9.632072e+01
2.883606e-01 1.005700e+02 9.624688e+01
2.885284e-01 1.006099e+02 9.617311e+01
2.886963e-01 1.006498e+02 9.609942e+01
2.893677e-01 1.008091e+02 9.580532e+01
2.900391e-01 1.009676e+02 9.551228e+01
2.907104e-01 1.011254e+02 9.522022e+01
2.913818e-01 1.012824e+02 9.492906e+01
2.920532e-01 1.014385e+02 9.463875e+01
2.927246e-01 1.015937e+02 9.434922e+01
2.933960e-01 1.017478e+02 9.406040e+01
2.940674e-01 1.019009e+02 9.377223e+01
2.947388e-01 1.020528e+02 9.348467e+01
2.954102e-01 1.022035e+02 9.319764e+01
2.967529e-01 1.025010e+02 9.262498e+01
2.980957e-01 1.027929e+02 9.205385e+01
2.994385e-01 1.030789e+02 9.148387e+01
3.007812e-01 1.033583e+02 9.091468e+01
3.021240e-01 1.036309e+02 9.034596e+01
3.034668e-01 1.038961e+02 8.977740e+01
3.048096e-01 1.041537e+02 8.920875e+01
3.061523e-01 1.044031e+02 8.863974e+01
3.074951e-01 1.046442e+02 8.807016e+01
3.088379e-01 1.048765e+02 8.749980e+01
3.101807e-01 1.050997e+02 8.692848e+01
3.115234e-01 1.053135e+02 8.635605e+01
3.128662e-01 1.055177e+02 8.578235e+01
3.142090e-01 1.057119e+02 8.520728e+01
3.155518e-01 1.058959e+02 8.463071e+01
3.168945e-01 1.060695e+02 8.405258e+01
3.182373e-01 1.062324e+02 8.347280e+01
3.195801e-01 1.063845e+02 8.289132e+01
3.209229e-01 1.065255e+02 8.230810e+01
3.222656e-01 1.066554e+02 8.172310e+01
3.236084e-01 1.067738e+02 8.113632e+01
3.249512e-01 1.068807e+02 8.054775e+01
3.262939e-01 1.069760e+02 7.995739e+01
3.276367e-01 1.070596e+02 7.936527e+01
3.289795e-01 1.071312e+02 7.877141e+01
3.303223e-01 1.071910e+02 7.817584e+01
3.316650e-01 1.072387e+02 7.757863e+01
3.330078e-01 1.072743e+02 7.697981e+01
3.343506e-01 1.072977e+02 7.637945e+01
3.356934e-01 1.073090e+02 7.577762e+01
3.370361e-01 1.073082e+02 7.517440e+01
3.383789e-01 1.072951e+02 7.456986e+01
3.397217e-01 1.072698e+02 7.396409e+01
3.410645e-01 1.072323e+02 7.335718e+01
3.424072e-01 1.071826e+02 7.274924e+01
3.437500e-01 1.071207e+02 7.214035e+01
3.450928e-01 1.070468e+02 7.153063e+01
3.464355e-01 1.069608e+02 7.092017e+01
3.477783e-01 1.068628e+02 7.030909e+01
3.491211e-01 1.067528e+02 6.969751e+01
3.504639e-01 1.066310e+02 6.908553e+01
3.518066e-01 1.064974e+02 6.847328e+01
3.531494e-01 1.063521e+02 6.786086e+01
3.544922e-01 1.061953e+02 6.724841e+01
3.558350e-01 1.060269e+02 6.663604e+01
3.571777e-01 1.058472e+02 6.602387e+01
3.585205e-01 1.056563e+02 6.541202e+01
3.598633e-01 1.054543e+02 6.480062e+01
3.612061e-01 1.052412e+02 6.418979e+01
3.625488e-01 1.050173e+02 6.357965e+01
3.638916e-01 1.047828e+02 6.297032e+01
3.652344e-01 1.045376e+02 6.236192e+01
3.665771e-01 1.042821e+02 6.175458e+01
3.679199e-01 1.040164e+02 6.114841e+01
3.692627e-01 1.037405e+02 6.054353e+01
3.706055e-01 1.034548e+02 5.994005e+01
3.719482e-01 1.031593e+02 5.933810e+01
3.732910e-01 1.028543e+02 5.873778e+01
3.746338e-01 1.025399e+02 5.813921e+01
3.759766e-01 1.022163e+02 5.754251e+01
3.773193e-01 1.018837e+02 5.694777e+01
3.786621e-01 1.015423e+02 5.635511e+01
3.800049e-01 1.011922e+02 5.576463e+01
3.813477e-01 1.008337e+02 5.517643e+01
3.826904e-01 1.004669e+02 5.459062e+01
3.840332e-01 1.000921e+02 5.400729e+01
3.853760e-01 9.970944e+01 5.342655e+01
3.867188e-01 9.931911e+01 5.284848e+01
3.880615e-01 9.892132e+01 5.227317e+01
3.894043e-01 9.851628e+01 5.170073e+01
3.907471e-01 9.810418e+01 5.113122e+01
3.920898e-01 9.768523e+01 5.056475e+01
3.934326e-01 9.725963e+01 5.000139e+01
3.947754e-01 9.682759e+01 4.944121e+01
3.961182e-01 9.638930e+01 4.888430e+01
3.974609e-01 9.594497e+01 4.833074e+01
3.988037e-01 9.549481e+01 4.778059e+01
4.001465e-01 9.503901e+01 4.723392e+01
4.014893e-01 9.457778e+01 4.669081e+01
4.028320e-01 9.411132e+01 4.615131e+01
4.055176e-01 9.316352e+01 4.508340e+01
4.082031e-01 9.219722e+01 4.403067e+01
4.108887e-01 9.121398e+01 4.299354e+01
4.135742e-01 9.021538e+01 4.197240e+01
4.162598e-01 8.920297e+01 4.096760e+01
4.189453e-01 8.817824e+01 3.997946e+01
4.216309e-01 8.714269e+01 3.900824e+01
4.243164e-01 8.609778e+01 3.805419e+01
4.270020e-01 8.504494e+01 3.711751e+01
4.296875e-01 8.398554e+01 3.619839e+01
4.323730e-01 8.292093e+01 3.529694e+01
4.350586e-01 8.185242e+01 3.441329e+01
4.377441e-01 8.078127e+01 3.354750e+01
4.404297e-01 7.970874e+01 3.269963e+01
4.431152e-01 7.863599e+01 3.186971e+01
4.458008e-01 7.756419e+01 3.105773e+01
4.484863e-01 7.649444e+01 3.026367e+01
4.511719e-01 7.542780e+01 2.948747e+01
4.538574e-01 7.436528e+01 2.872906e+01
4.565430e-01 7.330787e+01 2.798836e+01
4.592285e-01 7.225649e+01 2.726524e+01
4.619141e-01 7.121204e+01 2.655958e+01
4.645996e-01 7.017535e+01 2.587123e+01
4.672852e-01 6.914722e+01 2.520002e+01
4.699707e-01 6.812842e+01 2.454578e+01
4.726562e-01 6.711966e+01 2.390832e+01
4.753418e-01 6.612161e+01 2.328743e+01
4.780273e-01 6.513492e+01 2.268290e+01
4.807129e-01 6.416016e+01 2.209449e+01
4.833984e-01 6.319790e+01 2.152198e+01
4.860840e-01 6.224866e+01 2.096513e+01
4.887695e-01 6.131290e+01 2.042367e+01
4.914551e-01 6.039107e+01 1.989735e+01
4.941406e-01 5.948357e+01 1.938590e+01
4.968262e-01 5.859077e+01 1.888906e+01
4.995117e-01 5.771301e+01 1.840655e+01
5.021973e-01 5.685058e+01 1.793810e+01
5.048828e-01 5.600375e+01 1.748341e+01
5.075684e-01 5.517277e+01 1.704221e+01
5.102539e-01 5.435783e+01 1.661420e+01
5.129395e-01 5.355911e+01 1.619911e+01
5.156250e-01 5.277676e+01 1.579665e+01
5.183105e-01 5.201091e+01 1.540652e+01
5.209961e-01 5.126164e+01 1.502843e+01
5.236816e-01 5.052903e+01 1.466211e+01
5.263672e-01 4.981313e+01 1.430726e+01
5.290527e-01 4.911394e+01 1.396359e+01
5.317383e-01 4.843149e+01 1.363082e+01
5.344238e-01 4.776573e+01 1.330868e+01
5.371094e-01 4.711663e+01 1.299687e+01
5.397949e-01 4.648414e+01 1.269514e+01
5.424805e-01 4.586816e+01 1.240319e+01
5.451660e-01 4.526861e+01 1.212076e+01
5.478516e-01 4.468538e+01 1.184758e+01
5.505371e-01 4.411832e+01 1.158340e+01
5.532227e-01 4.356730e+01 1.132794e+01
5.559082e-01 4.303217e+01 1.108096e+01
5.585938e-01 4.251275e+01 1.084219e+01
5.612793e-01 4.200886e+01 1.061141e+01
5.639648e-01 4.152030e+01 1.038835e+01
5.646362e-01 4.140054e+01 1.033377e+01
5.653076e-01 4.128171e+01 1.027965e+01
5.659790e-01 4.116383e+01 1.022599e+01
5.666504e-01 4.104688e+01 1.017279e+01
5.673218e-01 4.093087e+01 1.012004e+01
5.679932e-01 4.081578e+01 1.006774e+01
5.686646e-01 4.070162e+01 1.001589e+01
5.693359e-01 4.058838e+01 9.964480e+00
5.700073e-01 4.047606e+01 9.913511e+00
5.706787e-01 4.036466e+01 9.862977e+00
5.710144e-01 4.030929e+01 9.837873e+00
5.713501e-01 4.025416e+01 9.812876e+00
5.716858e-01 4.019926e+01 9.787986e+00
5.720215e-01 4.014458e+01 9.763203e+00
5.723572e-01 4.009012e+01 9.738527e+00
5.726929e-01 4.003589e+01 9.713956e+00
5.730286e-01 3.998189e+01 9.689490e+00
5.733643e-01 3.992811e+01 9.665130e+00
5.737000e-01 3.987456e+01 9.640873e+00
5.740356e-01 3.982123e+01 9.616721e+00
5.743713e-01 3.976812e+01 9.592673e+00
5.747070e-01 3.971523e+01 9.568728e+00
5.750427e-01 3.966257e+01 9.544886e+00
5.753784e-01 3.961013e+01 9.521146e+00
5.757141e-01 3.955791e+01 9.497509e+00
5.760498e-01 3.950591e+01 9.473973e+00
5.763855e-01 3.945413e+01 9.450538e+00
5.767212e-01 3.940257e+01 9.427204e+00
5.770569e-01 3.935123e+01 9.403970e+00
5.773926e-01 3.930011e+01 9.380836e+00
5.787354e-01 3.909781e+01 9.289291e+00
5.800781e-01 3.889897e+01 9.199311e+00
5.814209e-01 3.870357e+01 9.110870e+00
5.827637e-01 3.851156e+01 9.023943e+00
5.841064e-01 3.832293e+01 8.938503e+00
5.854492e-01 3.813762e+01 8.854525e+00
5.867920e-01 3.795562e+01 8.771985e+00
5.881348e-01 3.777689e+01 8.690857e+00
5.894775e-01 3.760139e+01 8.611117e+00
5.908203e-01 3.742909e+01 8.532741e+00
5.935059e-01 3.709396e+01 8.379986e+00
5.961914e-01 3.677122e+01 8.232405e+00
5.988770e-01 3.646059e+01 8.089815e+00
6.015625e-01 3.616179e+01 7.952039e+00
6.042480e-01 3.587453e+01 7.818904e+00
6.069336e-01 3.559854e+01 7.690242e+00
6.096191e-01 3.533353e+01 7.565889e+00
6.123047e-01 3.507921e+01 7.445687e+00
6.149902e-01 3.483529e+01 7.329480e+00
6.176758e-01 3.460149e+01 7.217118e+00
6.203613e-01 3.437753e+01 7.108457e+00
6.230469e-01 3.416311e+01 7.003354e+00
6.257324e-01 3.395795e+01 6.901672e+00
6.284180e-01 3.376178e+01 6.803279e+00
6.311035e-01 3.357430e+01 6.708045e+00
6.337891e-01 3.339525e+01 6.615845e+00
6.364746e-01 3.322434e+01 6.526560e+00
6.391602e-01 3.306130e+01 6.440071e+00
6.418457e-01 3.290585e+01 6.356265e+00
6.445312e-01 3.275774e+01 6.275034e+00
6.472168e-01 3.261668e+01 6.196271e+00
6.499023e-01 3.248243e+01 6.119874e+00
6.525879e-01 3.235472e+01 6.045745e+00
6.552734e-01 3.223330e+01 5.973787e+00
6.579590e-01 3.211791e+01 5.903910e+00
6.606445e-01 3.200830e+01 5.836024e+00
6.633301e-01 3.190424e+01 5.770045e+00
6.660156e-01 3.180548e+01 5.705888e+00
6.687012e-01 3.171179e+01 5.643476e+00
6.713867e-01 3.162293e+01 5.582732e+00
6.740723e-01 3.153868e+01 5.523582e+00
6.767578e-01 3.145882e+01 5.465954e+00
6.794434e-01 3.138312e+01 5.409782e+00
6.821289e-01 3.131138e+01 5.355000e+00
6.848145e-01 3.124339e+01 5.301545e+00
6.875000e-01 3.117893e+01 5.249355e+00
6.901855e-01 3.111782e+01 5.198375e+00
6.928711e-01 3.105985e+01 5.148546e+00
6.955566e-01 3.100484e+01 5.099818e+00
6.982422e-01 3.095260e+01 5.052137e+00
7.009277e-01 3.090295e+01 5.005455e+00
7.036133e-01 3.085571e+01 4.959726e+00
7.062988e-01 3.081072e+01 4.914903e+00
7.089844e-01 3.076779e+01 4.870944e+00
7.116699e-01 3.072679e+01 4.827809e+00
7.143555e-01 3.068753e+01 4.785457e+00
7.170410e-01 3.064988e+01 4.743850e+00
7.197266e-01 3.061369e+01 4.702954e+00
7.224121e-01 3.057880e+01 4.662734e+00
7.250977e-01 3.054509e+01 4.623156e+00
7.277832e-01 3.051242e+01 4.584191e+00
7.304688e-01 3.048065e+01 4.545807e+00
7.331543e-01 3.044966e+01 4.507978e+00
7.358398e-01 3.041933e+01 4.470675e+00
7.385254e-01 3.038954e+01 4.433874e+00
7.412109e-01 3.036018e+01 4.397550e+00
7.438965e-01 3.033114e+01 4.361681e+00
7.465820e-01 3.030232e+01 4.326243e+00
7.492676e-01 3.027360e+01 4.291216e+00
7.519531e-01 3.024491e+01 4.256581e+00
7.573242e-01 3.018721e+01 4.188412e+00
7.626953e-01 3.012851e+01 4.121598e+00
7.680664e-01 3.006818e+01 4.056017e+00
7.734375e-01 3.000563e+01 3.991559e+00
7.788086e-01 2.994035e+01 3.928127e+00
7.841797e-01 2.987185e+01 3.865637e+00
7.895508e-01 2.979971e+01 3.804013e+00
7.949219e-01 2.972355e+01 3.743191e+00
8.002930e-01 2.964305e+01 3.683113e+00
8.056641e-01 2.955792e+01 3.623732e+00
8.110352e-01 2.946791e+01 3.565005e+00
8.164062e-01 2.937282e+01 3.506898e+00
8.217773e-01 2.927247e+01 3.449381e+00
8.271484e-01 2.916672e+01 3.392430e+00
8.325195e-01 2.905548e+01 3.336025e+00
8.378906e-01 2.893866e+01 3.280151e+00
8.432617e-01 2.881622e+01 3.224797e+00
8.486328e-01 2.868813e+01 3.169953e+00
8.540039e-01 2.855441e+01 3.115614e+00
8.593750e-01 2.841508e+01 3.061777e+00
8.701172e-01 2.811980e+01 2.955609e+00
8.808594e-01 2.780288e+01 2.851457e+00
8.916016e-01 2.746518e+01 2.749356e+00
9.023438e-01 2.710777e+01 2.649354e+00
9.130859e-01 2.673188e+01 2.551505e+00
9.238281e-01 2.633889e+01 2.455869e+00
9.345703e-01 2.593024e+01 2.362505e+00
9.453125e-01 2.550747e+01 2.271468e+00
9.560547e-01 2.507215e+01 2.182812e+00
9.667969e-01 2.462588e+01 2.096580e+00
9.775391e-01 2.417024e+01 2.012810e+00
9.882812e-01 2.370681e+01 1.931533e+00
9.990234e-01 2.323712e+01 1.852768e+00
1.009766e+00 2.276268e+01 1.776530e+00
1.020508e+00 2.228494e+01 1.702821e+00
1.031250e+00 2.180527e+01 1.631637e+00
1.041992e+00 2.132498e+01 1.562967e+00
1.052734e+00 2.084533e+01 1.496792e+00
1.063477e+00 2.036747e+01 1.433083e+00
1.074219e+00 1.989250e+01 1.371810e+00
1.079590e+00 1.965641e+01 1.342075e+00
1.084961e+00 1.942142e+01 1.312934e+00
1.090332e+00 1.918763e+01 1.284381e+00
1.095703e+00 1.895516e+01 1.256411e+00
1.101074e+00 1.872410e+01 1.229017e+00
1.106445e+00 1.849457e+01 1.202193e+00
1.111816e+00 1.826664e+01 1.175933e+00
1.117188e+00 1.804042e+01 1.150230e+00
1.122559e+00 1.781598e+01 1.125076e+00
1.127930e+00 1.759342e+01 1.100465e+00
1.129272e+00 1.753808e+01 1.094396e+00
1.130615e+00 1.748286e+01 1.088361e+00
1.131958e+00 1.742777e+01 1.082359e+00
1.133301e+00 1.737280e+01 1.076390e+00
1.134644e+00 1.731795e+01 1.070453e+00
1.135986e+00 1.726324e+01 1.064550e+00
1.137329e+00 1.720865e+01 1.058680e+00
1.138672e+00 1.715419e+01 1.052842e+00
1.140015e+00 1.709986e+01 1.047037e+00
1.141357e+00 1.704567e+01 1.041264e+00
1.142029e+00 1.701862e+01 1.038390e+00
1.142700e+00 1.699160e+01 1.035523e+00
1.143372e+00 1.696462e+01 1.032665e+00
1.144043e+00 1.693767e+01 1.029815e+00
1.144714e+00 1.691076e+01 1.026973e+00
1.145386e+00 1.688387e+01 1.024139e+00
1.146057e+00 1.685703e+01 1.021312e+00
1.146729e+00 1.683021e+01 1.018494e+00
1.147400e+00 1.680343e+01 1.015684e+00
1.148071e+00 1.677668e+01 1.012881e+00
1.148743e+00 1.674997e+01 1.010087e+00
1.149414e+00 1.672329e+01 1.007300e+00
1.150085e+00 1.669665e+01 1.004522e+00
1.150757e+00 1.667004e+01 1.001751e+00
1.151428e+00 1.664347e+01 9.989879e-01
1.152100e+00 1.661693e+01 9.962328e-01
1.152771e+00 1.659042e+01 9.934855e-01
1.153442e+00 1.656395e+01 9.907461e-01
1.154114e+00 1.653752e+01 9.880144e-01
1.154785e+00 1.651112e+01 9.852905e-01
1.157471e+00 1.640588e+01 9.744725e-01
1.160156e+00 1.630121e+01 9.637777e-01
1.162842e+00 1.619711e+01 9.532052e-01
1.165527e+00 1.609360e+01 9.427540e-01
1.168213e+00 1.599068e+01 9.324230e-01
1.170898e+00 1.588835e+01 9.222113e-01
1.173584e+00 1.578662e+01 9.121178e-01
1.176270e+00 1.568550e+01 9.021415e-01
1.178955e+00 1.558498e+01 8.922815e-01
1.181641e+00 1.548508e+01 8.825367e-01
1.192383e+00 1.509170e+01 8.446893e-01
1.203125e+00 1.470846e+01 8.086041e-01
1.213867e+00 1.433555e+01 7.742160e-01
1.224609e+00 1.397311e+01 7.414606e-01
1.235352e+00 1.362124e+01 7.102737e-01
1.246094e+00 1.328001e+01 6.805922e-01
1.256836e+00 1.294942e+01 6.523538e-01
1.267578e+00 1.262946e+01 6.254973e-01
1.278320e+00 1.232009e+01 5.999630e-01
1.289062e+00 1.202122e+01 5.756925e-01
1.299805e+00 1.173274e+01 5.526288e-01
1.310547e+00 1.145454e+01 5.307165e-01
1.321289e+00 1.118645e+01 5.099021e-01
1.332031e+00 1.092831e+01 4.901334e-01
1.342773e+00 1.067993e+01 4.713603e-01
1.353516e+00 1.044110e+01 4.535341e-01
1.364258e+00 1.021162e+01 4.366081e-01
1.375000e+00 9.991246e+00 4.205372e-01
1.385742e+00 9.779755e+00 4.052782e-01
1.396484e+00 9.576900e+00 3.907895e-01
1.401855e+00 9.478634e+00 3.838216e-01
1.407227e+00 9.382432e+00 3.770314e-01
1.412598e+00 9.288264e+00 3.704143e-01
1.417969e+00 9.196097e+00 3.639656e-01
1.423340e+00 9.105900e+00 3.576809e-01
1.428711e+00 9.017639e+00 3.515558e-01
1.434082e+00 8.931282e+00 3.455858e-01
1.439453e+00 8.846796e+00 3.397669e-01
1.444824e+00 8.764149e+00 3.340949e-01
1.450195e+00 8.683309e+00 3.285658e-01
1.455566e+00 8.604243e+00 3.231757e-01
1.460938e+00 8.526917e+00 3.179208e-01
1.466309e+00 8.451300e+00 3.127972e-01
1.471680e+00 8.377360e+00 3.078015e-01
1.477051e+00 8.305063e+00 3.029299e-01
1.482422e+00 8.234378e+00 2.981792e-01
1.487793e+00 8.165273e+00 2.935458e-01
1.493164e+00 8.097715e+00 2.890265e-01
1.498535e+00 8.031675e+00 2.846180e-01
1.503906e+00 7.967119e+00 2.803173e-01
1.525391e+00 7.723126e+00 2.641320e-01
1.546875e+00 7.500448e+00 2.494404e-01
1.568359e+00 7.297210e+00 2.360781e-01
1.589844e+00 7.111624e+00 2.238979e-01
1.611328e+00 6.941995e+00 2.127681e-01
1.632812e+00 6.786727e+00 2.025713e-01
1.654297e+00 6.644326e+00 1.932031e-01
1.675781e+00 6.513396e+00 1.845708e-01
1.697266e+00 6.392646e+00 1.765921e-01
1.718750e+00 6.280883e+00 1.691942e-01
1.740234e+00 6.177010e+00 1.623129e-01
1.761719e+00 6.080024e+00 1.558915e-01
1.783203e+00 5.989011e+00 1.498800e-01
1.804688e+00 5.903142e+00 1.442346e-01
1.826172e+00 5.821668e+00 1.389166e-01
1.847656e+00 5.743917e+00 1.338924e-01
1.869141e+00 5.669285e+00 1.291322e-01
1.890625e+00 5.597239e+00 1.246101e-01
1.912109e+00 5.527301e+00 1.203034e-01
1.933594e+00 5.459056e+00 1.161923e-01
1.955078e+00 5.392137e+00 1.122594e-01
1.976562e+00 5.326225e+00 1.084897e-01
1.998047e+00 5.261048e+00 1.048699e-01
2.019531e+00 5.196371e+00 1.013886e-01
2.041016e+00 5.131996e+00 9.803559e-02
2.062500e+00 5.067758e+00 9.480212e-02
2.083984e+00 5.003521e+00 9.168049e-02
2.105469e+00 4.939176e+00 8.866394e-02
2.126953e+00 4.874638e+00 8.574655e-02
2.148438e+00 4.809841e+00 8.292308e-02
2.159180e+00 4.777331e+00 8.154510e-02
2.169922e+00 4.744740e+00 8.018892e-02
2.180664e+00 4.712066e+00 7.885404e-02
2.191406e+00 4.679305e+00 7.753999e-02
2.202148e+00 4.646457e+00 7.624632e-02
2.212891e+00 4.613521e+00 7.497263e-02
2.223633e+00 4.580496e+00 7.371850e-02
2.234375e+00 4.547384e+00 7.248358e-02
2.245117e+00 4.514186e+00 7.126750e-02
2.255859e+00 4.480903e+00 7.006992e-02
2.266602e+00 4.447538e+00 6.889051e-02
2.277344e+00 4.414094e+00 6.772898e-02
2.288086e+00 4.380574e+00 6.658501e-02
2.298828e+00 4.346982e+00 6.545834e-02
2.309570e+00 4.313322e+00 6.434868e-02
2.320312e+00 4.279599e+00 6.325578e-02
2.331055e+00 4.245817e+00 6.217939e-02
2.341797e+00 4.211981e+00 6.111926e-02
2.352539e+00 4.178096e+00 6.007515e-02
2.363281e+00 4.144169e+00 5.904685e-02
2.384766e+00 4.076208e+00 5.703678e-02
2.406250e+00 4.008144e+00 5.508736e-02
2.427734e+00 3.940028e+00 5.319699e-02
2.449219e+00 3.871908e+00 5.136414e-02
2.470703e+00 3.803837e+00 4.958734e-02
2.492188e+00 3.735864e+00 4.786519e-02
2.513672e+00 3.668042e+00 4.619631e-02
2.535156e+00 3.600420e+00 4.457936e-02
2.556641e+00 3.533048e+00 4.301306e-02
2.578125e+00 3.465974e+00 4.149612e-02
2.599609e+00 3.399245e+00 4.002731e-02
2.621094e+00 3.332906e+00 3.860540e-02
2.642578e+00 3.267000e+00 3.722920e-02
2.664062e+00 3.201570e+00 3.589751e-02
2.685547e+00 3.136654e+00 3.460918e-02
2.707031e+00 3.072291e+00 3.336307e-02
2.728516e+00 3.008516e+00 3.215804e-02
2.750000e+00 2.945361e+00 3.099298e-02
2.771484e+00 2.882859e+00 2.986680e-02
2.792969e+00 2.821039e+00 2.877843e-02
2.803711e+00 2.790393e+00 2.824808e-02
2.814453e+00 2.759927e+00 2.772679e-02
2.825195e+00 2.729644e+00 2.721443e-02
2.835938e+00 2.699548e+00 2.671086e-02
2.846680e+00 2.669641e+00 2.621596e-02
2.857422e+00 2.639925e+00 2.572960e-02
2.868164e+00 2.610404e+00 2.525166e-02
2.878906e+00 2.581079e+00 2.478201e-02
2.889648e+00 2.551954e+00 2.432053e-02
2.900391e+00 2.523030e+00 2.386709e-02
2.911133e+00 2.494309e+00 2.342158e-02
2.921875e+00 2.465793e+00 2.298388e-02
2.932617e+00 2.437484e+00 2.255387e-02
2.943359e+00 2.409383e+00 2.213143e-02
2.954102e+00 2.381494e+00 2.171644e-02
2.964844e+00 2.353816e+00 2.130880e-02
2.975586e+00 2.326351e+00 2.090838e-02
2.986328e+00 2.299100e+00 2.051507e-02
2.997070e+00 2.272066e+00 2.012877e-02
3.007812e+00 2.245248e+00 1.974936e-02
3.050781e+00 2.140163e+00 1.829848e-02
3.093750e+00 2.038611e+00 1.694939e-02
3.136719e+00 1.940618e+00 1.569564e-02
3.179688e+00 1.846191e+00 1.453108e-02
3.222656e+00 1.755321e+00 1.344989e-02
3.265625e+00 1.667982e+00 1.244654e-02
3.308594e+00 1.584133e+00 1.151582e-02
3.351562e+00 1.503725e+00 1.065280e-02
3.394531e+00 1.426695e+00 9.852844e-03
3.437500e+00 1.352974e+00 9.111587e-03
3.480469e+00 1.282483e+00 8.424931e-03
3.523438e+00 1.215142e+00 7.789042e-03
3.566406e+00 1.150862e+00 7.200317e-03
3.609375e+00 1.089550e+00 6.655390e-03
3.652344e+00 1.031114e+00 6.151113e-03
3.695312e+00 9.754578e-01 5.684553e-03
3.738281e+00 9.224835e-01 5.252968e-03
3.781250e+00 8.720940e-01 4.853809e-03
3.824219e+00 8.241921e-01 4.484697e-03
3.867188e+00 7.786807e-01 4.143421e-03
3.910156e+00 7.354641e-01 3.827925e-03
3.953125e+00 6.944477e-01 3.536296e-03
3.996094e+00 6.555386e-01 3.266759e-03
4.039062e+00 6.186458e-01 3.017665e-03
4.082031e+00 5.836804e-01 2.787485e-03
4.125000e+00 5.505559e-01 2.574801e-03
4.167969e+00 5.191882e-01 2.378297e-03
4.210938e+00 4.894957e-01 2.196754e-03
4.253906e+00 4.613995e-01 2.029044e-03
4.296875e+00 4.348234e-01 1.874121e-03
4.318359e+00 4.220823e-01 1.801149e-03
4.339844e+00 4.096938e-01 1.731017e-03
4.361328e+00 3.976492e-01 1.663615e-03
4.382812e+00 3.859399e-01 1.598836e-03
4.404297e+00 3.745574e-01 1.536580e-03
4.425781e+00 3.634934e-01 1.476749e-03
4.447266e+00 3.527400e-01 1.419249e-03
4.468750e+00 3.422890e-01 1.363989e-03
4.490234e+00 3.321328e-01 1.310883e-03
4.511719e+00 3.222637e-01 1.259846e-03
4.517090e+00 3.198404e-01 1.247401e-03
4.522461e+00 3.174344e-01 1.235078e-03
4.527832e+00 3.150458e-01 1.222878e-03
4.533203e+00 3.126742e-01 1.210798e-03
4.538574e+00 3.103197e-01 1.198838e-03
4.543945e+00 3.079820e-01 1.186996e-03
4.549316e+00 3.056612e-01 1.175271e-03
4.554688e+00 3.033571e-01 1.163663e-03
4.560059e+00 3.010695e-01 1.152169e-03
4.565430e+00 2.987984e-01 1.140788e-03
4.570801e+00 2.965436e-01 1.129520e-03
4.576172e+00 2.943051e-01 1.118364e-03
4.581543e+00 2.920827e-01 1.107318e-03
4.586914e+00 2.898763e-01 1.096381e-03
4.592285e+00 2.876857e-01 1.085552e-03
4.597656e+00 2.855110e-01 1.074831e-03
4.603027e+00 2.833521e-01 1.064215e-03
4.608398e+00 2.812088e-01 1.053705e-03
4.613770e+00 2.790809e-01 1.043298e-03
4.619141e+00 2.769685e-01 1.032995e-03
4.629883e+00 2.727896e-01 1.012693e-03
4.640625e+00 2.686710e-01 9.927914e-04
4.651367e+00 2.646121e-01 9.732816e-04
4.662109e+00 2.606119e-01 9.541562e-04
4.672852e+00 2.566698e-01 9.354076e-04
4.683594e+00 2.527848e-01 9.170283e-04
4.694336e+00 2.489564e-01 8.990110e-04
4.705078e+00 2.451835e-01 8.813487e-04
4.715820e+00 2.414656e-01 8.640343e-04
4.726562e+00 2.378019e-01 8.470609e-04
4.769531e+00 2.236740e-01 7.824457e-04
4.812500e+00 2.103552e-01 7.227728e-04
4.855469e+00 1.978018e-01 6.676641e-04
4.898438e+00 1.859723e-01 6.167700e-04
4.941406e+00 1.748272e-01 5.697679e-04
4.984375e+00 1.643290e-01 5.263599e-04
5.027344e+00 1.544419e-01 4.862707e-04
5.070312e+00 1.451322e-01 4.492463e-04
5.113281e+00 1.363677e-01 4.150518e-04
5.156250e+00 1.281179e-01 3.834706e-04
5.328125e+00 9.970975e-02 2.794982e-04
5.500000e+00 7.747884e-02 2.038205e-04
5.671875e+00 6.012004e-02 1.487154e-04
5.843750e+00 4.659154e-02 1.085710e-04
6.015625e+00 3.606604e-02 7.930985e-05
6.187500e+00 2.788948e-02 5.796958e-05
6.359375e+00 2.154663e-02 4.239754e-05
6.531250e+00 1.663271e-02 3.102848e-05
6.703125e+00 1.283019e-02 2.272315e-05
6.875000e+00 9.890116e-03 1.665122e-05
7.046875e+00 7.619199e-03 1.220974e-05
7.218750e+00 5.866531e-03 8.958752e-06
7.390625e+00 4.514832e-03 6.577630e-06
7.562500e+00 3.473057e-03 4.832493e-06
7.734375e+00 2.670619e-03 3.552644e-06
7.906250e+00 2.052862e-03 2.613417e-06
8.078125e+00 1.577507e-03 1.923713e-06
8.250000e+00 1.211886e-03 1.416916e-06
8.421875e+00 9.307752e-04 1.044281e-06
8.593750e+00 7.147143e-04 7.701179e-07
8.765625e+00 5.487017e-04 5.682778e-07
8.937500e+00 4.211760e-04 4.195866e-07
9.109375e+00 3.232465e-04 3.099893e-07
9.281250e+00 2.480592e-04 2.291567e-07
9.453125e+00 1.903335e-04 1.694941e-07
9.625000e+00 1.460163e-04 1.254267e-07
9.796875e+00 1.120050e-04 9.286511e-08
9.968750e+00 8.591702e-05 6.879992e-08
1.014062e+01 6.590540e-05 5.100135e-08
1.031250e+01 5.055360e-05 3.782808e-08
1.065625e+01 2.974462e-05 2.084442e-08
1.100000e+01 1.749772e-05 1.150764e-08
1.134375e+01 1.028937e-05 6.363052e-09
1.168750e+01 6.048579e-06 3.523710e-09
1.203125e+01 3.556680e-06 1.955300e-09
1.237500e+01 2.093058e-06 1.087630e-09
1.271875e+01 1.232250e-06 6.061779e-10
1.306250e+01 7.253620e-07 3.382925e-10
1.340625e+01 4.263055e-07 1.887541e-10
1.375000e+01 2.508406e-07 1.055802e-10
1.443750e+01 8.677479e-08 3.312834e-11
1.512500e+01 3.016565e-08 1.049330e-11
1.581250e+01 1.049297e-08 3.339545e-12
1.650000e+01 3.553849e-09 1.038774e-12
1.718750e+01 1.284736e-09 3.460817e-13
1.787500e+01 5.184819e-10 1.291313e-13
1.856250e+01 1.182063e-10 2.729970e-14
1.925000e+01 5.331741e-11 1.144980e-14
1.993750e+01 1.069862e-10 2.141788e-14
2.062500e+01 2.817142e-11 5.270004e-15
2.131250e+01 2.509529e-11 4.396566e-15
2.200000e+01 2.469365e-11 4.060038e-15
2.268750e+01 2.518480e-11 3.893636e-15
2.337500e+01 2.595766e-11 3.780528e-15
2.406250e+01 2.680643e-11 3.684238e-15
2.475000e+01 2.764938e-11 3.591907e-15
2.543750e+01 2.845837e-11 3.499865e-15
2.612500e+01 2.923438e-11 3.408564e-15
2.681250e+01 2.997288e-11 3.317752e-15
2.750000e+01 3.067163e-11 3.227465e-15
3.025000e+01 3.317314e-11 2.884868e-15
3.300000e+01 3.535388e-11 2.583446e-15
3.575000e+01 3.734563e-11 2.325294e-15
3.850000e+01 3.909807e-11 2.099056e-15
4.125000e+01 4.041023e-11 1.889877e-15
4.400000e+01 4.109859e-11 1.689319e-15
4.675000e+01 4.118368e-11 1.499519e-15
4.950000e+01 4.100037e-11 1.331581e-15
5.225000e+01 4.116114e-11 1.199789e-15
5.500000e+01 4.232500e-11 1.113427e-15
6.050000e+01 4.838091e-11 1.051849e-15
6.600000e+01 5.690090e-11 1.039493e-15
7.150000e+01 5.906014e-11 9.193323e-16
7.700000e+01 5.508668e-11 7.393588e-16
8.250000e+01 5.415308e-11 6.331482e-16
8.800000e+01 5.871874e-11 6.033948e-16
9.350000e+01 5.841177e-11 5.317008e-16
9.900000e+01 4.134163e-11 3.356660e-16
1.045000e+02 1.353632e-11 9.864113e-17
1.100000e+02 0.000000e+00 0.000000e+00
