# 
# Output from RAtom program.
# 
# Total radial electron density.
# The first column contains radius $r$ in bohr units.
# The second column holds $\rho(r)$.
# The third column holds $\tilde{\rho}(r) = \rho(r) / (\pi * r * r)$
# 
# Use this file with gnuplot to create the plot.
# 
# R     Rho     RhoTilde
#
0.000000e+00 0.000000e+00 4.904334e+05
1.068115e-04 6.900205e-02 4.813000e+05
2.136230e-04 2.708682e-01 4.723370e+05
3.204346e-04 5.981042e-01 4.635411e+05
4.272461e-04 1.043496e+00 4.549094e+05
5.340576e-04 1.600103e+00 4.464388e+05
6.408691e-04 2.261246e+00 4.381263e+05
7.476807e-04 3.020504e+00 4.299691e+05
8.544922e-04 3.871700e+00 4.219642e+05
9.613037e-04 4.808900e+00 4.141090e+05
1.068115e-03 5.826401e+00 4.064006e+05
1.174927e-03 6.918726e+00 3.988363e+05
1.281738e-03 8.080615e+00 3.914135e+05
1.388550e-03 9.307019e+00 3.841297e+05
1.495361e-03 1.059310e+01 3.769821e+05
1.602173e-03 1.193420e+01 3.699684e+05
1.708984e-03 1.332587e+01 3.630860e+05
1.815796e-03 1.476385e+01 3.563326e+05
1.922607e-03 1.624403e+01 3.497058e+05
2.029419e-03 1.776252e+01 3.432031e+05
2.136230e-03 1.931555e+01 3.368225e+05
2.349854e-03 2.251108e+01 3.244180e+05
2.563477e-03 2.580380e+01 3.124749e+05
2.777100e-03 2.916923e+01 3.009762e+05
2.990723e-03 3.258509e+01 2.899058e+05
3.204346e-03 3.603117e+01 2.792478e+05
3.417969e-03 3.948916e+01 2.689874e+05
3.631592e-03 4.294253e+01 2.591097e+05
3.845215e-03 4.637643e+01 2.496010e+05
4.058838e-03 4.977755e+01 2.404475e+05
4.272461e-03 5.313403e+01 2.316363e+05
4.379272e-03 5.479218e+01 2.273551e+05
4.486084e-03 5.643532e+01 2.231548e+05
4.592896e-03 5.806233e+01 2.190339e+05
4.699707e-03 5.967215e+01 2.149910e+05
4.806519e-03 6.126380e+01 2.110245e+05
4.913330e-03 6.283637e+01 2.071330e+05
5.020142e-03 6.438901e+01 2.033153e+05
5.126953e-03 6.592093e+01 1.995698e+05
5.233765e-03 6.743140e+01 1.958953e+05
5.340576e-03 6.891974e+01 1.922904e+05
5.447388e-03 7.038533e+01 1.887538e+05
5.554199e-03 7.182762e+01 1.852843e+05
5.661011e-03 7.324609e+01 1.818807e+05
5.767822e-03 7.464026e+01 1.785416e+05
5.874634e-03 7.600972e+01 1.752660e+05
5.981445e-03 7.735409e+01 1.720526e+05
6.088257e-03 7.867305e+01 1.689002e+05
6.195068e-03 7.996629e+01 1.658078e+05
6.301880e-03 8.123356e+01 1.627741e+05
6.408691e-03 8.247465e+01 1.597982e+05
6.515503e-03 8.368938e+01 1.568789e+05
6.622314e-03 8.487761e+01 1.540152e+05
6.729126e-03 8.603921e+01 1.512061e+05
6.835938e-03 8.717412e+01 1.484505e+05
6.942749e-03 8.828227e+01 1.457474e+05
7.049561e-03 8.936365e+01 1.430958e+05
7.156372e-03 9.041825e+01 1.404949e+05
7.263184e-03 9.144611e+01 1.379435e+05
7.369995e-03 9.244729e+01 1.354409e+05
7.476807e-03 9.342186e+01 1.329861e+05
7.583618e-03 9.436992e+01 1.305782e+05
7.690430e-03 9.529159e+01 1.282164e+05
7.797241e-03 9.618702e+01 1.258997e+05
7.904053e-03 9.705636e+01 1.236273e+05
8.010864e-03 9.789980e+01 1.213985e+05
8.117676e-03 9.871753e+01 1.192123e+05
8.224487e-03 9.950975e+01 1.170680e+05
8.331299e-03 1.002767e+02 1.149648e+05
8.438110e-03 1.010186e+02 1.129019e+05
8.544922e-03 1.017358e+02 1.108786e+05
8.651733e-03 1.024284e+02 1.088941e+05
8.758545e-03 1.030968e+02 1.069477e+05
8.865356e-03 1.037413e+02 1.050387e+05
8.972168e-03 1.043621e+02 1.031664e+05
9.078979e-03 1.049596e+02 1.013300e+05
9.185791e-03 1.055341e+02 9.952900e+04
9.292603e-03 1.060858e+02 9.776263e+04
9.399414e-03 1.066153e+02 9.603025e+04
9.506226e-03 1.071227e+02 9.433123e+04
9.613037e-03 1.076085e+02 9.266494e+04
9.719849e-03 1.080730e+02 9.103076e+04
9.826660e-03 1.085165e+02 8.942808e+04
9.933472e-03 1.089394e+02 8.785632e+04
1.004028e-02 1.093421e+02 8.631489e+04
1.014709e-02 1.097250e+02 8.480321e+04
1.025391e-02 1.100884e+02 8.332073e+04
1.036072e-02 1.104327e+02 8.186689e+04
1.046753e-02 1.107584e+02 8.044115e+04
1.057434e-02 1.110657e+02 7.904298e+04
1.068115e-02 1.113550e+02 7.767186e+04
1.078796e-02 1.116268e+02 7.632728e+04
1.089478e-02 1.118815e+02 7.500873e+04
1.100159e-02 1.121194e+02 7.371571e+04
1.110840e-02 1.123409e+02 7.244776e+04
1.121521e-02 1.125463e+02 7.120438e+04
1.132202e-02 1.127362e+02 6.998512e+04
1.142883e-02 1.129109e+02 6.878952e+04
1.153564e-02 1.130707e+02 6.761712e+04
1.164246e-02 1.132161e+02 6.646748e+04
1.174927e-02 1.133475e+02 6.534018e+04
1.185608e-02 1.134651e+02 6.423479e+04
1.196289e-02 1.135695e+02 6.315088e+04
1.206970e-02 1.136609e+02 6.208806e+04
1.217651e-02 1.137398e+02 6.104592e+04
1.228333e-02 1.138065e+02 6.002406e+04
1.239014e-02 1.138614e+02 5.902209e+04
1.249695e-02 1.139049e+02 5.803965e+04
1.260376e-02 1.139374e+02 5.707635e+04
1.271057e-02 1.139591e+02 5.613183e+04
1.281738e-02 1.139706e+02 5.520572e+04
1.324463e-02 1.139199e+02 5.167855e+04
1.367188e-02 1.137318e+02 4.841903e+04
1.409912e-02 1.134275e+02 4.540717e+04
1.452637e-02 1.130270e+02 4.262442e+04
1.495361e-02 1.125495e+02 4.005358e+04
1.538086e-02 1.120126e+02 3.767870e+04
1.580811e-02 1.114331e+02 3.548498e+04
1.623535e-02 1.108262e+02 3.345870e+04
1.666260e-02 1.102060e+02 3.158712e+04
1.708984e-02 1.095856e+02 2.985847e+04
1.751709e-02 1.089767e+02 2.826181e+04
1.794434e-02 1.083899e+02 2.678700e+04
1.837158e-02 1.078346e+02 2.542467e+04
1.879883e-02 1.073194e+02 2.416611e+04
1.922607e-02 1.068515e+02 2.300327e+04
1.965332e-02 1.064374e+02 2.192868e+04
2.008057e-02 1.060826e+02 2.093545e+04
2.050781e-02 1.057917e+02 2.001718e+04
2.093506e-02 1.055684e+02 1.916795e+04
2.136230e-02 1.054158e+02 1.838229e+04
2.157593e-02 1.053667e+02 1.801170e+04
2.178955e-02 1.053361e+02 1.765513e+04
2.200317e-02 1.053242e+02 1.731201e+04
2.221680e-02 1.053310e+02 1.698179e+04
2.243042e-02 1.053567e+02 1.666394e+04
2.264404e-02 1.054014e+02 1.635794e+04
2.285767e-02 1.054651e+02 1.606331e+04
2.307129e-02 1.055478e+02 1.577958e+04
2.328491e-02 1.056494e+02 1.550630e+04
2.349854e-02 1.057700e+02 1.524302e+04
2.371216e-02 1.059094e+02 1.498934e+04
2.392578e-02 1.060675e+02 1.474484e+04
2.413940e-02 1.062441e+02 1.450915e+04
2.435303e-02 1.064391e+02 1.428188e+04
2.456665e-02 1.066524e+02 1.406270e+04
2.478027e-02 1.068836e+02 1.385125e+04
2.499390e-02 1.071326e+02 1.364720e+04
2.520752e-02 1.073990e+02 1.345025e+04
2.542114e-02 1.076828e+02 1.326008e+04
2.563477e-02 1.079834e+02 1.307641e+04
2.606201e-02 1.086343e+02 1.272745e+04
2.648926e-02 1.093491e+02 1.240126e+04
2.691650e-02 1.101250e+02 1.209592e+04
2.734375e-02 1.109590e+02 1.180964e+04
2.777100e-02 1.118479e+02 1.154077e+04
2.819824e-02 1.127883e+02 1.128782e+04
2.862549e-02 1.137770e+02 1.104940e+04
2.905273e-02 1.148104e+02 1.082424e+04
2.947998e-02 1.158850e+02 1.061116e+04
2.990723e-02 1.169973e+02 1.040911e+04
3.033447e-02 1.181436e+02 1.021709e+04
3.076172e-02 1.193204e+02 1.003422e+04
3.118896e-02 1.205241e+02 9.859663e+03
3.161621e-02 1.217512e+02 9.692675e+03
3.204346e-02 1.229982e+02 9.532570e+03
3.247070e-02 1.242616e+02 9.378722e+03
3.289795e-02 1.255381e+02 9.230560e+03
3.332520e-02 1.268244e+02 9.087565e+03
3.375244e-02 1.281173e+02 8.949266e+03
3.417969e-02 1.294136e+02 8.815233e+03
3.460693e-02 1.307103e+02 8.685078e+03
3.503418e-02 1.320045e+02 8.558448e+03
3.546143e-02 1.332934e+02 8.435027e+03
3.588867e-02 1.345743e+02 8.314525e+03
3.631592e-02 1.358445e+02 8.196685e+03
3.674316e-02 1.371017e+02 8.081275e+03
3.717041e-02 1.383434e+02 7.968084e+03
3.759766e-02 1.395674e+02 7.856927e+03
3.802490e-02 1.407717e+02 7.747637e+03
3.845215e-02 1.419542e+02 7.640064e+03
3.887939e-02 1.431130e+02 7.534078e+03
3.930664e-02 1.442464e+02 7.429562e+03
3.973389e-02 1.453528e+02 7.326413e+03
4.016113e-02 1.464307e+02 7.224541e+03
4.058838e-02 1.474786e+02 7.123868e+03
4.101562e-02 1.484954e+02 7.024325e+03
4.144287e-02 1.494799e+02 6.925853e+03
4.187012e-02 1.504310e+02 6.828403e+03
4.229736e-02 1.513478e+02 6.731930e+03
4.272461e-02 1.522294e+02 6.636400e+03
4.293823e-02 1.526568e+02 6.588978e+03
4.315186e-02 1.530752e+02 6.541782e+03
4.336548e-02 1.534845e+02 6.494807e+03
4.357910e-02 1.538845e+02 6.448052e+03
4.379272e-02 1.542753e+02 6.401514e+03
4.400635e-02 1.546569e+02 6.355192e+03
4.421997e-02 1.550290e+02 6.309082e+03
4.443359e-02 1.553918e+02 6.263185e+03
4.464722e-02 1.557451e+02 6.217498e+03
4.486084e-02 1.560889e+02 6.172021e+03
4.491425e-02 1.561734e+02 6.160684e+03
4.496765e-02 1.562573e+02 6.149361e+03
4.502106e-02 1.563406e+02 6.138050e+03
4.507446e-02 1.564233e+02 6.126753e+03
4.512787e-02 1.565054e+02 6.115468e+03
4.518127e-02 1.565869e+02 6.104196e+03
4.523468e-02 1.566678e+02 6.092938e+03
4.528809e-02 1.567481e+02 6.081692e+03
4.534149e-02 1.568278e+02 6.070459e+03
4.539490e-02 1.569069e+02 6.059240e+03
4.544830e-02 1.569854e+02 6.048033e+03
4.550171e-02 1.570634e+02 6.036839e+03
4.555511e-02 1.571407e+02 6.025658e+03
4.560852e-02 1.572174e+02 6.014490e+03
4.566193e-02 1.572936e+02 6.003335e+03
4.571533e-02 1.573691e+02 5.992193e+03
4.576874e-02 1.574440e+02 5.981064e+03
4.582214e-02 1.575184e+02 5.969948e+03
4.587555e-02 1.575921e+02 5.958844e+03
4.592896e-02 1.576653e+02 5.947754e+03
4.603577e-02 1.578098e+02 5.925612e+03
4.614258e-02 1.579519e+02 5.903522e+03
4.624939e-02 1.580916e+02 5.881483e+03
4.635620e-02 1.582289e+02 5.859497e+03
4.646301e-02 1.583639e+02 5.837562e+03
4.656982e-02 1.584964e+02 5.815679e+03
4.667664e-02 1.586266e+02 5.793848e+03
4.678345e-02 1.587544e+02 5.772068e+03
4.689026e-02 1.588798e+02 5.750341e+03
4.699707e-02 1.590029e+02 5.728666e+03
4.742432e-02 1.594713e+02 5.642486e+03
4.785156e-02 1.599020e+02 5.557145e+03
4.827881e-02 1.602952e+02 5.472649e+03
4.870605e-02 1.606513e+02 5.389003e+03
4.913330e-02 1.609707e+02 5.306217e+03
4.956055e-02 1.612538e+02 5.224298e+03
4.998779e-02 1.615012e+02 5.143254e+03
5.041504e-02 1.617134e+02 5.063094e+03
5.084229e-02 1.618911e+02 4.983827e+03
5.126953e-02 1.620349e+02 4.905462e+03
5.169678e-02 1.621454e+02 4.828007e+03
5.212402e-02 1.622235e+02 4.751471e+03
5.255127e-02 1.622699e+02 4.675863e+03
5.297852e-02 1.622854e+02 4.601189e+03
5.340576e-02 1.622708e+02 4.527458e+03
5.383301e-02 1.622270e+02 4.454676e+03
5.426025e-02 1.621549e+02 4.382849e+03
5.468750e-02 1.620553e+02 4.311985e+03
5.511475e-02 1.619292e+02 4.242087e+03
5.554199e-02 1.617774e+02 4.173161e+03
5.596924e-02 1.616011e+02 4.105211e+03
5.639648e-02 1.614010e+02 4.038241e+03
5.682373e-02 1.611782e+02 3.972253e+03
5.725098e-02 1.609336e+02 3.907249e+03
5.767822e-02 1.606683e+02 3.843232e+03
5.810547e-02 1.603832e+02 3.780201e+03
5.853271e-02 1.600792e+02 3.718158e+03
5.895996e-02 1.597575e+02 3.657102e+03
5.938721e-02 1.594189e+02 3.597031e+03
5.981445e-02 1.590645e+02 3.537946e+03
6.066895e-02 1.583120e+02 3.422718e+03
6.152344e-02 1.575078e+02 3.311394e+03
6.237793e-02 1.566593e+02 3.203941e+03
6.323242e-02 1.557742e+02 3.100316e+03
6.408691e-02 1.548595e+02 3.000469e+03
6.494141e-02 1.539222e+02 2.904344e+03
6.579590e-02 1.529691e+02 2.811877e+03
6.665039e-02 1.520067e+02 2.722998e+03
6.750488e-02 1.510409e+02 2.637633e+03
6.835938e-02 1.500777e+02 2.555702e+03
6.921387e-02 1.491226e+02 2.477122e+03
7.006836e-02 1.481806e+02 2.401805e+03
7.092285e-02 1.472567e+02 2.329662e+03
7.177734e-02 1.463553e+02 2.260600e+03
7.263184e-02 1.454804e+02 2.194525e+03
7.348633e-02 1.446359e+02 2.131341e+03
7.434082e-02 1.438251e+02 2.070953e+03
7.519531e-02 1.430513e+02 2.013262e+03
7.604980e-02 1.423170e+02 1.958171e+03
7.690430e-02 1.416247e+02 1.905584e+03
7.733154e-02 1.412950e+02 1.880198e+03
7.775879e-02 1.409766e+02 1.855402e+03
7.818604e-02 1.406696e+02 1.831184e+03
7.861328e-02 1.403743e+02 1.807532e+03
7.904053e-02 1.400909e+02 1.784433e+03
7.946777e-02 1.398194e+02 1.761877e+03
7.989502e-02 1.395601e+02 1.739851e+03
8.032227e-02 1.393131e+02 1.718344e+03
8.074951e-02 1.390784e+02 1.697344e+03
8.117676e-02 1.388561e+02 1.676841e+03
8.160400e-02 1.386464e+02 1.656822e+03
8.203125e-02 1.384493e+02 1.637277e+03
8.245850e-02 1.382648e+02 1.618195e+03
8.288574e-02 1.380929e+02 1.599565e+03
8.331299e-02 1.379337e+02 1.581376e+03
8.374023e-02 1.377871e+02 1.563617e+03
8.416748e-02 1.376531e+02 1.546278e+03
8.459473e-02 1.375317e+02 1.529349e+03
8.502197e-02 1.374229e+02 1.512819e+03
8.544922e-02 1.373265e+02 1.496678e+03
8.587646e-02 1.372426e+02 1.480917e+03
8.630371e-02 1.371709e+02 1.465525e+03
8.673096e-02 1.371115e+02 1.450493e+03
8.715820e-02 1.370642e+02 1.435812e+03
8.758545e-02 1.370288e+02 1.421471e+03
8.801270e-02 1.370054e+02 1.407463e+03
8.843994e-02 1.369936e+02 1.393778e+03
8.886719e-02 1.369934e+02 1.380407e+03
8.929443e-02 1.370047e+02 1.367341e+03
8.972168e-02 1.370272e+02 1.354572e+03
8.982849e-02 1.370345e+02 1.351425e+03
8.993530e-02 1.370426e+02 1.348296e+03
9.004211e-02 1.370513e+02 1.345185e+03
9.014893e-02 1.370607e+02 1.342091e+03
9.025574e-02 1.370708e+02 1.339015e+03
9.036255e-02 1.370816e+02 1.335956e+03
9.046936e-02 1.370930e+02 1.332915e+03
9.057617e-02 1.371051e+02 1.329891e+03
9.068298e-02 1.371179e+02 1.326883e+03
9.078979e-02 1.371314e+02 1.323893e+03
9.081650e-02 1.371348e+02 1.323148e+03
9.084320e-02 1.371383e+02 1.322404e+03
9.086990e-02 1.371419e+02 1.321661e+03
9.089661e-02 1.371455e+02 1.320919e+03
9.092331e-02 1.371491e+02 1.320179e+03
9.095001e-02 1.371528e+02 1.319439e+03
9.097672e-02 1.371565e+02 1.318700e+03
9.100342e-02 1.371603e+02 1.317962e+03
9.103012e-02 1.371641e+02 1.317226e+03
9.105682e-02 1.371679e+02 1.316490e+03
9.108353e-02 1.371718e+02 1.315755e+03
9.111023e-02 1.371757e+02 1.315022e+03
9.113693e-02 1.371796e+02 1.314289e+03
9.116364e-02 1.371836e+02 1.313558e+03
9.119034e-02 1.371877e+02 1.312827e+03
9.121704e-02 1.371918e+02 1.312098e+03
9.124374e-02 1.371959e+02 1.311369e+03
9.127045e-02 1.372001e+02 1.310642e+03
9.129715e-02 1.372043e+02 1.309916e+03
9.132385e-02 1.372085e+02 1.309190e+03
9.137726e-02 1.372171e+02 1.307742e+03
9.143066e-02 1.372259e+02 1.306298e+03
9.148407e-02 1.372348e+02 1.304859e+03
9.153748e-02 1.372439e+02 1.303423e+03
9.159088e-02 1.372532e+02 1.301991e+03
9.164429e-02 1.372626e+02 1.300563e+03
9.169769e-02 1.372721e+02 1.299139e+03
9.175110e-02 1.372819e+02 1.297719e+03
9.180450e-02 1.372918e+02 1.296303e+03
9.185791e-02 1.373018e+02 1.294891e+03
9.207153e-02 1.373436e+02 1.289281e+03
9.228516e-02 1.373878e+02 1.283733e+03
9.249878e-02 1.374345e+02 1.278245e+03
9.271240e-02 1.374837e+02 1.272816e+03
9.292603e-02 1.375353e+02 1.267446e+03
9.313965e-02 1.375892e+02 1.262133e+03
9.335327e-02 1.376455e+02 1.256878e+03
9.356689e-02 1.377041e+02 1.251678e+03
9.378052e-02 1.377650e+02 1.246533e+03
9.399414e-02 1.378282e+02 1.241443e+03
9.484863e-02 1.381029e+02 1.221605e+03
9.570312e-02 1.384114e+02 1.202568e+03
9.655762e-02 1.387516e+02 1.184282e+03
9.741211e-02 1.391215e+02 1.166698e+03
9.826660e-02 1.395189e+02 1.149771e+03
9.912109e-02 1.399416e+02 1.133457e+03
9.997559e-02 1.403876e+02 1.117715e+03
1.008301e-01 1.408546e+02 1.102506e+03
1.016846e-01 1.413403e+02 1.087793e+03
1.025391e-01 1.418427e+02 1.073540e+03
1.033936e-01 1.423595e+02 1.059716e+03
1.042480e-01 1.428886e+02 1.046289e+03
1.051025e-01 1.434277e+02 1.033229e+03
1.059570e-01 1.439748e+02 1.020510e+03
1.068115e-01 1.445279e+02 1.008104e+03
1.076660e-01 1.450847e+02 9.959888e+02
1.085205e-01 1.456434e+02 9.841407e+02
1.093750e-01 1.462019e+02 9.725388e+02
1.102295e-01 1.467583e+02 9.611636e+02
1.110840e-01 1.473109e+02 9.499965e+02
1.119385e-01 1.478577e+02 9.390208e+02
1.127930e-01 1.483970e+02 9.282207e+02
1.136475e-01 1.489272e+02 9.175816e+02
1.145020e-01 1.494466e+02 9.070902e+02
1.153564e-01 1.499537e+02 8.967341e+02
1.162109e-01 1.504470e+02 8.865021e+02
1.170654e-01 1.509251e+02 8.763839e+02
1.179199e-01 1.513867e+02 8.663701e+02
1.187744e-01 1.518304e+02 8.564522e+02
1.196289e-01 1.522551e+02 8.466224e+02
1.204834e-01 1.526597e+02 8.368740e+02
1.213379e-01 1.530431e+02 8.272007e+02
1.221924e-01 1.534042e+02 8.175969e+02
1.230469e-01 1.537424e+02 8.080579e+02
1.239014e-01 1.540565e+02 7.985794e+02
1.247559e-01 1.543460e+02 7.891576e+02
1.256104e-01 1.546102e+02 7.797894e+02
1.264648e-01 1.548483e+02 7.704721e+02
1.273193e-01 1.550599e+02 7.612035e+02
1.281738e-01 1.552444e+02 7.519817e+02
1.290283e-01 1.554014e+02 7.428053e+02
1.298828e-01 1.555306e+02 7.336733e+02
1.307373e-01 1.556317e+02 7.245848e+02
1.315918e-01 1.557045e+02 7.155395e+02
1.324463e-01 1.557487e+02 7.065372e+02
1.333008e-01 1.557643e+02 6.975779e+02
1.341553e-01 1.557512e+02 6.886619e+02
1.350098e-01 1.557094e+02 6.797899e+02
1.358643e-01 1.556390e+02 6.709624e+02
1.367188e-01 1.555401e+02 6.621803e+02
1.375732e-01 1.554128e+02 6.534447e+02
1.384277e-01 1.552573e+02 6.447567e+02
1.392822e-01 1.550739e+02 6.361175e+02
1.401367e-01 1.548628e+02 6.275284e+02
1.409912e-01 1.546245e+02 6.189909e+02
1.418457e-01 1.543592e+02 6.105064e+02
1.427002e-01 1.540674e+02 6.020766e+02
1.435547e-01 1.537495e+02 5.937030e+02
1.444092e-01 1.534061e+02 5.853872e+02
1.452637e-01 1.530376e+02 5.771308e+02
1.461182e-01 1.526446e+02 5.689356e+02
1.469727e-01 1.522276e+02 5.608032e+02
1.478271e-01 1.517873e+02 5.527351e+02
1.486816e-01 1.513242e+02 5.447332e+02
1.495361e-01 1.508390e+02 5.367989e+02
1.503906e-01 1.503325e+02 5.289339e+02
1.512451e-01 1.498051e+02 5.211397e+02
1.520996e-01 1.492578e+02 5.134179e+02
1.529541e-01 1.486911e+02 5.057699e+02
1.538086e-01 1.481059e+02 4.981972e+02
1.546631e-01 1.475028e+02 4.907012e+02
1.555176e-01 1.468827e+02 4.832832e+02
1.563721e-01 1.462462e+02 4.759446e+02
1.572266e-01 1.455942e+02 4.686864e+02
1.580811e-01 1.449274e+02 4.615099e+02
1.589355e-01 1.442467e+02 4.544163e+02
1.597900e-01 1.435527e+02 4.474064e+02
1.606445e-01 1.428464e+02 4.404814e+02
1.614990e-01 1.421285e+02 4.336421e+02
1.623535e-01 1.413997e+02 4.268894e+02
1.632080e-01 1.406610e+02 4.202240e+02
1.640625e-01 1.399130e+02 4.136466e+02
1.649170e-01 1.391565e+02 4.071579e+02
1.657715e-01 1.383924e+02 4.007585e+02
1.666260e-01 1.376214e+02 3.944488e+02
1.674805e-01 1.368443e+02 3.882294e+02
1.683350e-01 1.360618e+02 3.821005e+02
1.691895e-01 1.352747e+02 3.760625e+02
1.700439e-01 1.344837e+02 3.701156e+02
1.708984e-01 1.336896e+02 3.642600e+02
1.717529e-01 1.328930e+02 3.584958e+02
1.726074e-01 1.320948e+02 3.528231e+02
1.734619e-01 1.312956e+02 3.472418e+02
1.743164e-01 1.304961e+02 3.417519e+02
1.751709e-01 1.296969e+02 3.363534e+02
1.760254e-01 1.288987e+02 3.310459e+02
1.768799e-01 1.281023e+02 3.258293e+02
1.777344e-01 1.273081e+02 3.207032e+02
1.785889e-01 1.265169e+02 3.156675e+02
1.794434e-01 1.257292e+02 3.107215e+02
1.796570e-01 1.255329e+02 3.094991e+02
1.798706e-01 1.253368e+02 3.082822e+02
1.800842e-01 1.251410e+02 3.070708e+02
1.802979e-01 1.249456e+02 3.058651e+02
1.805115e-01 1.247504e+02 3.046649e+02
1.807251e-01 1.245555e+02 3.034702e+02
1.809387e-01 1.243609e+02 3.022811e+02
1.811523e-01 1.241667e+02 3.010976e+02
1.813660e-01 1.239727e+02 2.999195e+02
1.815796e-01 1.237791e+02 2.987470e+02
1.816864e-01 1.236825e+02 2.981628e+02
1.817932e-01 1.235859e+02 2.975800e+02
1.819000e-01 1.234894e+02 2.969985e+02
1.820068e-01 1.233930e+02 2.964185e+02
1.821136e-01 1.232967e+02 2.958398e+02
1.822205e-01 1.232005e+02 2.952625e+02
1.823273e-01 1.231043e+02 2.946865e+02
1.824341e-01 1.230083e+02 2.941119e+02
1.825409e-01 1.229124e+02 2.935387e+02
1.826477e-01 1.228165e+02 2.929669e+02
1.827545e-01 1.227208e+02 2.923964e+02
1.828613e-01 1.226251e+02 2.918273e+02
1.829681e-01 1.225296e+02 2.912596e+02
1.830750e-01 1.224341e+02 2.906932e+02
1.831818e-01 1.223388e+02 2.901281e+02
1.832886e-01 1.222435e+02 2.895645e+02
1.833954e-01 1.221484e+02 2.890022e+02
1.835022e-01 1.220534e+02 2.884412e+02
1.836090e-01 1.219584e+02 2.878816e+02
1.837158e-01 1.218636e+02 2.873234e+02
1.841431e-01 1.214853e+02 2.851040e+02
1.845703e-01 1.211089e+02 2.829061e+02
1.849976e-01 1.207342e+02 2.807298e+02
1.854248e-01 1.203614e+02 2.785748e+02
1.858521e-01 1.199906e+02 2.764411e+02
1.862793e-01 1.196218e+02 2.743287e+02
1.867065e-01 1.192550e+02 2.722373e+02
1.871338e-01 1.188904e+02 2.701670e+02
1.875610e-01 1.185279e+02 2.681176e+02
1.879883e-01 1.181676e+02 2.660891e+02
1.888428e-01 1.174540e+02 2.620940e+02
1.896973e-01 1.167498e+02 2.581809e+02
1.905518e-01 1.160555e+02 2.543490e+02
1.914062e-01 1.153715e+02 2.505974e+02
1.922607e-01 1.146981e+02 2.469251e+02
1.931152e-01 1.140357e+02 2.433312e+02
1.939697e-01 1.133845e+02 2.398147e+02
1.948242e-01 1.127448e+02 2.363746e+02
1.956787e-01 1.121170e+02 2.330100e+02
1.965332e-01 1.115014e+02 2.297198e+02
1.973877e-01 1.108981e+02 2.265030e+02
1.982422e-01 1.103073e+02 2.233585e+02
1.990967e-01 1.097294e+02 2.202852e+02
1.999512e-01 1.091646e+02 2.172821e+02
2.008057e-01 1.086129e+02 2.143481e+02
2.016602e-01 1.080746e+02 2.114821e+02
2.025146e-01 1.075499e+02 2.086830e+02
2.033691e-01 1.070388e+02 2.059497e+02
2.042236e-01 1.065415e+02 2.032811e+02
2.050781e-01 1.060581e+02 2.006760e+02
2.059326e-01 1.055888e+02 1.981333e+02
2.067871e-01 1.051335e+02 1.956520e+02
2.076416e-01 1.046924e+02 1.932308e+02
2.084961e-01 1.042654e+02 1.908687e+02
2.093506e-01 1.038528e+02 1.885645e+02
2.102051e-01 1.034544e+02 1.863171e+02
2.110596e-01 1.030703e+02 1.841253e+02
2.119141e-01 1.027005e+02 1.819882e+02
2.127686e-01 1.023450e+02 1.799045e+02
2.136230e-01 1.020038e+02 1.778731e+02
2.144775e-01 1.016768e+02 1.758929e+02
2.153320e-01 1.013640e+02 1.739628e+02
2.161865e-01 1.010653e+02 1.720818e+02
2.170410e-01 1.007807e+02 1.702488e+02
2.178955e-01 1.005101e+02 1.684626e+02
2.187500e-01 1.002535e+02 1.667222e+02
2.196045e-01 1.000106e+02 1.650265e+02
2.204590e-01 9.978146e+01 1.633745e+02
2.213135e-01 9.956592e+01 1.617652e+02
2.221680e-01 9.936386e+01 1.601975e+02
2.230225e-01 9.917516e+01 1.586704e+02
2.238770e-01 9.899967e+01 1.571828e+02
2.247314e-01 9.883724e+01 1.557339e+02
2.255859e-01 9.868773e+01 1.543225e+02
2.264404e-01 9.855098e+01 1.529478e+02
2.272949e-01 9.842681e+01 1.516087e+02
2.281494e-01 9.831506e+01 1.503043e+02
2.290039e-01 9.821554e+01 1.490337e+02
2.298584e-01 9.812808e+01 1.477960e+02
2.307129e-01 9.805247e+01 1.465902e+02
2.315674e-01 9.798852e+01 1.454155e+02
2.324219e-01 9.793604e+01 1.442709e+02
2.332764e-01 9.789481e+01 1.431556e+02
2.341309e-01 9.786463e+01 1.420688e+02
2.349854e-01 9.784527e+01 1.410095e+02
2.358398e-01 9.783653e+01 1.399770e+02
2.366943e-01 9.783817e+01 1.389705e+02
2.375488e-01 9.784998e+01 1.379892e+02
2.384033e-01 9.787172e+01 1.370322e+02
2.392578e-01 9.790316e+01 1.360989e+02
2.409668e-01 9.799422e+01 1.343000e+02
2.426758e-01 9.812123e+01 1.325868e+02
2.443848e-01 9.828227e+01 1.309535e+02
2.460938e-01 9.847538e+01 1.293947e+02
2.478027e-01 9.869859e+01 1.279054e+02
2.495117e-01 9.894990e+01 1.264805e+02
2.512207e-01 9.922732e+01 1.251153e+02
2.529297e-01 9.952886e+01 1.238054e+02
2.546387e-01 9.985254e+01 1.225464e+02
2.563477e-01 1.001964e+02 1.213343e+02
2.580566e-01 1.005584e+02 1.201652e+02
2.597656e-01 1.009368e+02 1.190354e+02
2.614746e-01 1.013294e+02 1.179415e+02
2.631836e-01 1.017346e+02 1.168803e+02
2.648926e-01 1.021504e+02 1.158486e+02
2.666016e-01 1.025750e+02 1.148435e+02
2.683105e-01 1.030067e+02 1.138623e+02
2.700195e-01 1.034437e+02 1.129026e+02
2.717285e-01 1.038843e+02 1.119617e+02
2.734375e-01 1.043269e+02 1.110376e+02
2.751465e-01 1.047699e+02 1.101282e+02
2.768555e-01 1.052117e+02 1.092315e+02
2.785645e-01 1.056509e+02 1.083458e+02
2.802734e-01 1.060861e+02 1.074693e+02
2.819824e-01 1.065157e+02 1.066006e+02
2.836914e-01 1.069386e+02 1.057383e+02
2.854004e-01 1.073535e+02 1.048811e+02
2.871094e-01 1.077590e+02 1.040277e+02
2.888184e-01 1.081542e+02 1.031772e+02
2.905273e-01 1.085378e+02 1.023286e+02
2.922363e-01 1.089088e+02 1.014810e+02
2.939453e-01 1.092663e+02 1.006336e+02
2.956543e-01 1.096092e+02 9.978583e+01
2.973633e-01 1.099368e+02 9.893698e+01
2.990723e-01 1.102482e+02 9.808655e+01
3.007812e-01 1.105427e+02 9.723410e+01
3.024902e-01 1.108194e+02 9.637922e+01
3.041992e-01 1.110779e+02 9.552161e+01
3.059082e-01 1.113174e+02 9.466099e+01
3.076172e-01 1.115375e+02 9.379717e+01
3.093262e-01 1.117375e+02 9.292999e+01
3.110352e-01 1.119172e+02 9.205934e+01
3.127441e-01 1.120760e+02 9.118518e+01
3.144531e-01 1.122136e+02 9.030747e+01
3.161621e-01 1.123297e+02 8.942625e+01
3.178711e-01 1.124240e+02 8.854156e+01
3.195801e-01 1.124964e+02 8.765351e+01
3.212891e-01 1.125466e+02 8.676222e+01
3.229980e-01 1.125745e+02 8.586782e+01
3.247070e-01 1.125800e+02 8.497050e+01
3.264160e-01 1.125631e+02 8.407044e+01
3.281250e-01 1.125237e+02 8.316788e+01
3.298340e-01 1.124619e+02 8.226303e+01
3.315430e-01 1.123776e+02 8.135615e+01
3.332520e-01 1.122711e+02 8.044750e+01
3.349609e-01 1.121423e+02 7.953737e+01
3.366699e-01 1.119914e+02 7.862603e+01
3.383789e-01 1.118187e+02 7.771377e+01
3.400879e-01 1.116243e+02 7.680092e+01
3.417969e-01 1.114084e+02 7.588776e+01
3.435059e-01 1.111712e+02 7.497461e+01
3.452148e-01 1.109132e+02 7.406180e+01
3.469238e-01 1.106344e+02 7.314963e+01
3.486328e-01 1.103354e+02 7.223843e+01
3.503418e-01 1.100163e+02 7.132852e+01
3.520508e-01 1.096776e+02 7.042021e+01
3.537598e-01 1.093196e+02 6.951383e+01
3.554688e-01 1.089427e+02 6.860967e+01
3.571777e-01 1.085473e+02 6.770807e+01
3.588867e-01 1.081338e+02 6.680931e+01
3.593140e-01 1.080277e+02 6.658510e+01
3.597412e-01 1.079205e+02 6.636110e+01
3.601685e-01 1.078121e+02 6.613730e+01
3.605957e-01 1.077027e+02 6.591371e+01
3.610229e-01 1.075922e+02 6.569034e+01
3.614502e-01 1.074807e+02 6.546719e+01
3.618774e-01 1.073681e+02 6.524426e+01
3.623047e-01 1.072544e+02 6.502156e+01
3.627319e-01 1.071397e+02 6.479910e+01
3.631592e-01 1.070239e+02 6.457687e+01
3.632660e-01 1.069948e+02 6.452135e+01
3.633728e-01 1.069657e+02 6.446585e+01
3.634796e-01 1.069364e+02 6.441036e+01
3.635864e-01 1.069071e+02 6.435489e+01
3.636932e-01 1.068778e+02 6.429943e+01
3.638000e-01 1.068484e+02 6.424399e+01
3.639069e-01 1.068189e+02 6.418857e+01
3.640137e-01 1.067893e+02 6.413316e+01
3.641205e-01 1.067597e+02 6.407776e+01
3.642273e-01 1.067300e+02 6.402238e+01
3.643341e-01 1.067003e+02 6.396702e+01
3.644409e-01 1.066705e+02 6.391167e+01
3.645477e-01 1.066406e+02 6.385634e+01
3.646545e-01 1.066107e+02 6.380103e+01
3.647614e-01 1.065807e+02 6.374573e+01
3.648682e-01 1.065506e+02 6.369045e+01
3.649750e-01 1.065205e+02 6.363518e+01
3.650818e-01 1.064903e+02 6.357993e+01
3.651886e-01 1.064601e+02 6.352470e+01
3.652954e-01 1.064298e+02 6.346948e+01
3.655090e-01 1.063690e+02 6.335910e+01
3.657227e-01 1.063079e+02 6.324878e+01
3.659363e-01 1.062467e+02 6.313853e+01
3.661499e-01 1.061851e+02 6.302834e+01
3.663635e-01 1.061233e+02 6.291823e+01
3.665771e-01 1.060613e+02 6.280818e+01
3.667908e-01 1.059990e+02 6.269821e+01
3.670044e-01 1.059365e+02 6.258830e+01
3.672180e-01 1.058737e+02 6.247847e+01
3.674316e-01 1.058107e+02 6.236870e+01
3.682861e-01 1.055563e+02 6.193036e+01
3.691406e-01 1.052981e+02 6.149320e+01
3.699951e-01 1.050362e+02 6.105724e+01
3.708496e-01 1.047706e+02 6.062253e+01
3.717041e-01 1.045015e+02 6.018909e+01
3.725586e-01 1.042287e+02 5.975696e+01
3.734131e-01 1.039525e+02 5.932616e+01
3.742676e-01 1.036729e+02 5.889672e+01
3.751221e-01 1.033900e+02 5.846868e+01
3.759766e-01 1.031037e+02 5.804207e+01
3.776855e-01 1.025216e+02 5.719323e+01
3.793945e-01 1.019270e+02 5.635043e+01
3.811035e-01 1.013205e+02 5.551388e+01
3.828125e-01 1.007026e+02 5.468379e+01
3.845215e-01 1.000738e+02 5.386035e+01
3.862305e-01 9.943453e+01 5.304376e+01
3.879395e-01 9.878538e+01 5.223419e+01
3.896484e-01 9.812680e+01 5.143182e+01
3.913574e-01 9.745931e+01 5.063681e+01
3.930664e-01 9.678339e+01 4.984930e+01
3.947754e-01 9.609953e+01 4.906946e+01
3.964844e-01 9.540822e+01 4.829740e+01
3.981934e-01 9.470994e+01 4.753327e+01
3.999023e-01 9.400518e+01 4.677718e+01
4.016113e-01 9.329440e+01 4.602924e+01
4.033203e-01 9.257806e+01 4.528955e+01
4.050293e-01 9.185664e+01 4.455822e+01
4.067383e-01 9.113059e+01 4.383532e+01
4.084473e-01 9.040035e+01 4.312094e+01
4.101562e-01 8.966637e+01 4.241516e+01
4.135742e-01 8.818892e+01 4.102960e+01
4.169922e-01 8.670163e+01 3.967908e+01
4.204102e-01 8.520777e+01 3.836392e+01
4.238281e-01 8.371048e+01 3.708433e+01
4.272461e-01 8.221277e+01 3.584043e+01
4.306641e-01 8.071750e+01 3.463224e+01
4.340820e-01 7.922741e+01 3.345970e+01
4.375000e-01 7.774508e+01 3.232265e+01
4.409180e-01 7.627296e+01 3.122088e+01
4.443359e-01 7.481333e+01 3.015409e+01
4.451904e-01 7.445063e+01 2.989282e+01
4.460449e-01 7.408889e+01 2.963371e+01
4.468994e-01 7.372812e+01 2.937675e+01
4.477539e-01 7.336836e+01 2.912193e+01
4.486084e-01 7.300965e+01 2.886926e+01
4.494629e-01 7.265201e+01 2.861871e+01
4.503174e-01 7.229547e+01 2.837029e+01
4.511719e-01 7.194006e+01 2.812399e+01
4.520264e-01 7.158581e+01 2.787979e+01
4.528809e-01 7.123275e+01 2.763770e+01
4.537354e-01 7.088091e+01 2.739770e+01
4.545898e-01 7.053030e+01 2.715979e+01
4.554443e-01 7.018096e+01 2.692396e+01
4.562988e-01 6.983292e+01 2.669019e+01
4.571533e-01 6.948619e+01 2.645848e+01
4.580078e-01 6.914081e+01 2.622882e+01
4.588623e-01 6.879679e+01 2.600121e+01
4.597168e-01 6.845417e+01 2.577563e+01
4.605713e-01 6.811296e+01 2.555207e+01
4.614258e-01 6.777318e+01 2.533053e+01
4.631348e-01 6.709802e+01 2.489345e+01
4.648438e-01 6.642887e+01 2.446431e+01
4.665527e-01 6.576588e+01 2.404303e+01
4.682617e-01 6.510920e+01 2.362954e+01
4.699707e-01 6.445899e+01 2.322374e+01
4.716797e-01 6.381538e+01 2.282555e+01
4.733887e-01 6.317851e+01 2.243488e+01
4.750977e-01 6.254849e+01 2.205165e+01
4.768066e-01 6.192543e+01 2.167577e+01
4.785156e-01 6.130946e+01 2.130715e+01
4.802246e-01 6.070066e+01 2.094569e+01
4.819336e-01 6.009914e+01 2.059131e+01
4.836426e-01 5.950498e+01 2.024391e+01
4.853516e-01 5.891826e+01 1.990340e+01
4.870605e-01 5.833906e+01 1.956968e+01
4.887695e-01 5.776743e+01 1.924265e+01
4.904785e-01 5.720345e+01 1.892223e+01
4.921875e-01 5.664717e+01 1.860832e+01
4.938965e-01 5.609863e+01 1.830082e+01
4.956055e-01 5.555789e+01 1.799963e+01
4.973145e-01 5.502496e+01 1.770467e+01
4.990234e-01 5.449990e+01 1.741582e+01
5.007324e-01 5.398272e+01 1.713300e+01
5.024414e-01 5.347345e+01 1.685612e+01
5.041504e-01 5.297210e+01 1.658506e+01
5.058594e-01 5.247868e+01 1.631975e+01
5.075684e-01 5.199319e+01 1.606007e+01
5.092773e-01 5.151564e+01 1.580595e+01
5.109863e-01 5.104603e+01 1.555727e+01
5.126953e-01 5.058434e+01 1.531396e+01
5.144043e-01 5.013056e+01 1.507591e+01
5.161133e-01 4.968468e+01 1.484303e+01
5.178223e-01 4.924667e+01 1.461523e+01
5.195312e-01 4.881651e+01 1.439241e+01
5.212402e-01 4.839418e+01 1.417449e+01
5.229492e-01 4.797963e+01 1.396137e+01
5.246582e-01 4.757284e+01 1.375296e+01
5.263672e-01 4.717376e+01 1.354918e+01
5.280762e-01 4.678235e+01 1.334993e+01
5.297852e-01 4.639856e+01 1.315513e+01
5.314941e-01 4.602235e+01 1.296469e+01
5.332031e-01 4.565367e+01 1.277852e+01
5.349121e-01 4.529246e+01 1.259654e+01
5.366211e-01 4.493866e+01 1.241866e+01
5.383301e-01 4.459221e+01 1.224480e+01
5.400391e-01 4.425306e+01 1.207489e+01
5.417480e-01 4.392113e+01 1.190883e+01
5.434570e-01 4.359636e+01 1.174654e+01
5.451660e-01 4.327869e+01 1.158795e+01
5.468750e-01 4.296803e+01 1.143298e+01
5.485840e-01 4.266432e+01 1.128155e+01
5.502930e-01 4.236748e+01 1.113358e+01
5.520020e-01 4.207743e+01 1.098900e+01
5.537109e-01 4.179410e+01 1.084773e+01
5.554199e-01 4.151741e+01 1.070971e+01
5.571289e-01 4.124728e+01 1.057485e+01
5.588379e-01 4.098362e+01 1.044308e+01
5.605469e-01 4.072635e+01 1.031435e+01
5.622559e-01 4.047539e+01 1.018857e+01
5.639648e-01 4.023065e+01 1.006568e+01
5.656738e-01 3.999204e+01 9.945613e+00
5.673828e-01 3.975948e+01 9.828302e+00
5.690918e-01 3.953288e+01 9.713682e+00
5.708008e-01 3.931214e+01 9.601690e+00
5.725098e-01 3.909718e+01 9.492262e+00
5.742188e-01 3.888790e+01 9.385338e+00
5.759277e-01 3.868423e+01 9.280856e+00
5.776367e-01 3.848605e+01 9.178758e+00
5.793457e-01 3.829329e+01 9.078984e+00
5.810547e-01 3.810585e+01 8.981477e+00
5.827637e-01 3.792363e+01 8.886181e+00
5.844727e-01 3.774655e+01 8.793040e+00
5.861816e-01 3.757452e+01 8.702001e+00
5.878906e-01 3.740743e+01 8.613009e+00
5.895996e-01 3.724519e+01 8.526013e+00
5.913086e-01 3.708772e+01 8.440961e+00
5.930176e-01 3.693492e+01 8.357803e+00
5.947266e-01 3.678669e+01 8.276490e+00
5.964355e-01 3.664295e+01 8.196973e+00
5.981445e-01 3.650360e+01 8.119205e+00
5.998535e-01 3.636855e+01 8.043141e+00
6.015625e-01 3.623770e+01 7.968733e+00
6.032715e-01 3.611097e+01 7.895938e+00
6.049805e-01 3.598827e+01 7.824713e+00
6.066895e-01 3.586950e+01 7.755014e+00
6.083984e-01 3.575457e+01 7.686800e+00
6.101074e-01 3.564340e+01 7.620030e+00
6.118164e-01 3.553589e+01 7.554664e+00
6.135254e-01 3.543196e+01 7.490663e+00
6.152344e-01 3.533152e+01 7.427990e+00
6.186523e-01 3.514075e+01 7.306475e+00
6.220703e-01 3.496290e+01 7.189830e+00
6.254883e-01 3.479728e+01 7.077780e+00
6.289062e-01 3.464323e+01 6.970063e+00
6.323242e-01 3.450009e+01 6.866426e+00
6.357422e-01 3.436723e+01 6.766633e+00
6.391602e-01 3.424402e+01 6.670455e+00
6.425781e-01 3.412984e+01 6.577677e+00
6.459961e-01 3.402411e+01 6.488094e+00
6.494141e-01 3.392624e+01 6.401512e+00
6.528320e-01 3.383567e+01 6.317744e+00
6.562500e-01 3.375185e+01 6.236618e+00
6.596680e-01 3.367425e+01 6.157966e+00
6.630859e-01 3.360236e+01 6.081634e+00
6.665039e-01 3.353567e+01 6.007471e+00
6.699219e-01 3.347370e+01 5.935339e+00
6.733398e-01 3.341599e+01 5.865106e+00
6.767578e-01 3.336210e+01 5.796648e+00
6.801758e-01 3.331158e+01 5.729847e+00
6.835938e-01 3.326403e+01 5.664595e+00
6.870117e-01 3.321904e+01 5.600786e+00
6.904297e-01 3.317624e+01 5.538325e+00
6.938477e-01 3.313526e+01 5.477121e+00
6.972656e-01 3.309575e+01 5.417088e+00
7.006836e-01 3.305737e+01 5.358147e+00
7.041016e-01 3.301982e+01 5.300223e+00
7.075195e-01 3.298277e+01 5.243248e+00
7.109375e-01 3.294595e+01 5.187156e+00
7.143555e-01 3.290909e+01 5.131889e+00
7.177734e-01 3.287192e+01 5.077388e+00
7.186279e-01 3.286255e+01 5.063877e+00
7.194824e-01 3.285314e+01 5.050410e+00
7.203369e-01 3.284369e+01 5.036986e+00
7.211914e-01 3.283420e+01 5.023605e+00
7.220459e-01 3.282465e+01 5.010265e+00
7.229004e-01 3.281506e+01 4.996966e+00
7.237549e-01 3.280541e+01 4.983708e+00
7.246094e-01 3.279570e+01 4.970489e+00
7.254639e-01 3.278593e+01 4.957309e+00
7.263184e-01 3.277609e+01 4.944168e+00
7.271729e-01 3.276618e+01 4.931064e+00
7.280273e-01 3.275621e+01 4.917998e+00
7.288818e-01 3.274615e+01 4.904968e+00
7.297363e-01 3.273602e+01 4.891973e+00
7.305908e-01 3.272581e+01 4.879014e+00
7.314453e-01 3.271551e+01 4.866090e+00
7.322998e-01 3.270513e+01 4.853200e+00
7.331543e-01 3.269466e+01 4.840343e+00
7.340088e-01 3.268409e+01 4.827519e+00
7.348633e-01 3.267343e+01 4.814728e+00
7.365723e-01 3.265181e+01 4.789241e+00
7.382812e-01 3.262978e+01 4.763878e+00
7.399902e-01 3.260732e+01 4.738634e+00
7.416992e-01 3.258440e+01 4.713507e+00
7.434082e-01 3.256101e+01 4.688493e+00
7.451172e-01 3.253713e+01 4.663588e+00
7.468262e-01 3.251274e+01 4.638790e+00
7.485352e-01 3.248783e+01 4.614094e+00
7.502441e-01 3.246238e+01 4.589499e+00
7.519531e-01 3.243637e+01 4.565001e+00
7.587891e-01 3.232651e+01 4.467935e+00
7.656250e-01 3.220671e+01 4.372243e+00
7.724609e-01 3.207629e+01 4.277807e+00
7.792969e-01 3.193471e+01 4.184535e+00
7.861328e-01 3.178158e+01 4.092360e+00
7.929688e-01 3.161663e+01 4.001230e+00
7.998047e-01 3.143968e+01 3.911113e+00
8.066406e-01 3.125070e+01 3.821991e+00
8.134766e-01 3.104971e+01 3.733856e+00
8.203125e-01 3.083684e+01 3.646710e+00
8.271484e-01 3.061228e+01 3.560565e+00
8.339844e-01 3.037631e+01 3.475436e+00
8.408203e-01 3.012925e+01 3.391346e+00
8.476562e-01 2.987149e+01 3.308320e+00
8.544922e-01 2.960344e+01 3.226385e+00
8.613281e-01 2.932558e+01 3.145571e+00
8.681641e-01 2.903839e+01 3.065908e+00
8.750000e-01 2.874240e+01 2.987426e+00
8.818359e-01 2.843817e+01 2.910155e+00
8.886719e-01 2.812624e+01 2.834125e+00
8.903809e-01 2.804712e+01 2.815314e+00
8.920898e-01 2.796757e+01 2.796583e+00
8.937988e-01 2.788759e+01 2.777932e+00
8.955078e-01 2.780720e+01 2.759361e+00
8.972168e-01 2.772639e+01 2.740872e+00
8.989258e-01 2.764519e+01 2.722463e+00
9.006348e-01 2.756360e+01 2.704136e+00
9.023438e-01 2.748162e+01 2.685892e+00
9.040527e-01 2.739928e+01 2.667729e+00
9.057617e-01 2.731657e+01 2.649649e+00
9.074707e-01 2.723351e+01 2.631653e+00
9.091797e-01 2.715011e+01 2.613739e+00
9.108887e-01 2.706637e+01 2.595909e+00
9.125977e-01 2.698230e+01 2.578164e+00
9.143066e-01 2.689792e+01 2.560502e+00
9.160156e-01 2.681324e+01 2.542925e+00
9.177246e-01 2.672825e+01 2.525433e+00
9.194336e-01 2.664298e+01 2.508027e+00
9.211426e-01 2.655742e+01 2.490705e+00
9.228516e-01 2.647160e+01 2.473470e+00
9.262695e-01 2.629917e+01 2.439256e+00
9.296875e-01 2.612577e+01 2.405389e+00
9.331055e-01 2.595147e+01 2.371868e+00
9.365234e-01 2.577633e+01 2.338697e+00
9.399414e-01 2.560043e+01 2.305876e+00
9.433594e-01 2.542384e+01 2.273406e+00
9.467773e-01 2.524663e+01 2.241289e+00
9.501953e-01 2.506886e+01 2.209525e+00
9.536133e-01 2.489061e+01 2.178116e+00
9.570312e-01 2.471193e+01 2.147062e+00
9.638672e-01 2.435356e+01 2.086019e+00
9.707031e-01 2.399428e+01 2.026399e+00
9.775391e-01 2.363456e+01 1.968201e+00
9.843750e-01 2.327489e+01 1.911422e+00
9.912109e-01 2.291572e+01 1.856058e+00
9.980469e-01 2.255749e+01 1.802100e+00
1.004883e+00 2.220060e+01 1.749541e+00
1.011719e+00 2.184547e+01 1.698368e+00
1.018555e+00 2.149245e+01 1.648570e+00
1.025391e+00 2.114192e+01 1.600132e+00
1.032227e+00 2.079419e+01 1.553038e+00
1.039062e+00 2.044959e+01 1.507271e+00
1.045898e+00 2.010841e+01 1.462813e+00
1.052734e+00 1.977092e+01 1.419644e+00
1.059570e+00 1.943738e+01 1.377743e+00
1.066406e+00 1.910802e+01 1.337090e+00
1.073242e+00 1.878306e+01 1.297661e+00
1.080078e+00 1.846270e+01 1.259433e+00
1.086914e+00 1.814712e+01 1.222384e+00
1.093750e+00 1.783648e+01 1.186488e+00
1.100586e+00 1.753093e+01 1.151721e+00
1.107422e+00 1.723060e+01 1.118058e+00
1.114258e+00 1.693560e+01 1.085473e+00
1.121094e+00 1.664602e+01 1.053942e+00
1.127930e+00 1.636197e+01 1.023438e+00
1.134766e+00 1.608350e+01 9.939359e-01
1.141602e+00 1.581068e+01 9.654094e-01
1.148438e+00 1.554355e+01 9.378330e-01
1.155273e+00 1.528214e+01 9.111810e-01
1.162109e+00 1.502647e+01 8.854279e-01
1.168945e+00 1.477657e+01 8.605483e-01
1.175781e+00 1.453242e+01 8.365173e-01
1.182617e+00 1.429401e+01 8.133098e-01
1.189453e+00 1.406134e+01 7.909013e-01
1.196289e+00 1.383438e+01 7.692676e-01
1.203125e+00 1.361308e+01 7.483847e-01
1.209961e+00 1.339740e+01 7.282292e-01
1.216797e+00 1.318731e+01 7.087780e-01
1.223633e+00 1.298274e+01 6.900083e-01
1.230469e+00 1.278363e+01 6.718978e-01
1.237305e+00 1.258992e+01 6.544247e-01
1.244141e+00 1.240153e+01 6.375677e-01
1.250977e+00 1.221838e+01 6.213059e-01
1.257812e+00 1.204040e+01 6.056187e-01
1.264648e+00 1.186750e+01 5.904863e-01
1.271484e+00 1.169960e+01 5.758892e-01
1.278320e+00 1.153659e+01 5.618084e-01
1.285156e+00 1.137839e+01 5.482254e-01
1.291992e+00 1.122491e+01 5.351224e-01
1.298828e+00 1.107603e+01 5.224816e-01
1.305664e+00 1.093167e+01 5.102863e-01
1.312500e+00 1.079173e+01 4.985198e-01
1.319336e+00 1.065608e+01 4.871660e-01
1.326172e+00 1.052465e+01 4.762096e-01
1.333008e+00 1.039731e+01 4.656353e-01
1.339844e+00 1.027397e+01 4.554285e-01
1.346680e+00 1.015452e+01 4.455752e-01
1.353516e+00 1.003885e+01 4.360615e-01
1.360352e+00 9.926866e+00 4.268743e-01
1.367188e+00 9.818451e+00 4.180007e-01
1.374023e+00 9.713506e+00 4.094283e-01
1.380859e+00 9.611926e+00 4.011453e-01
1.387695e+00 9.513608e+00 3.931399e-01
1.394531e+00 9.418450e+00 3.854012e-01
1.401367e+00 9.326349e+00 3.779183e-01
1.408203e+00 9.237207e+00 3.706809e-01
1.415039e+00 9.150924e+00 3.636790e-01
1.421875e+00 9.067402e+00 3.569030e-01
1.428711e+00 8.986546e+00 3.503436e-01
1.435547e+00 8.908259e+00 3.439919e-01
1.437256e+00 8.889078e+00 3.424354e-01
1.438965e+00 8.870050e+00 3.408912e-01
1.440674e+00 8.851175e+00 3.393593e-01
1.442383e+00 8.832449e+00 3.378393e-01
1.444092e+00 8.813873e+00 3.363313e-01
1.445801e+00 8.795445e+00 3.348351e-01
1.447510e+00 8.777162e+00 3.333506e-01
1.449219e+00 8.759025e+00 3.318777e-01
1.450928e+00 8.741031e+00 3.304161e-01
1.452637e+00 8.723179e+00 3.289659e-01
1.454346e+00 8.705468e+00 3.275269e-01
1.456055e+00 8.687896e+00 3.260989e-01
1.457764e+00 8.670462e+00 3.246819e-01
1.459473e+00 8.653165e+00 3.232758e-01
1.461182e+00 8.636002e+00 3.218804e-01
1.462891e+00 8.618974e+00 3.204955e-01
1.464600e+00 8.602078e+00 3.191212e-01
1.466309e+00 8.585313e+00 3.177573e-01
1.468018e+00 8.568679e+00 3.164036e-01
1.469727e+00 8.552172e+00 3.150602e-01
1.473145e+00 8.519540e+00 3.124033e-01
1.476562e+00 8.487407e+00 3.097858e-01
1.479980e+00 8.455761e+00 3.072068e-01
1.483398e+00 8.424594e+00 3.046656e-01
1.486816e+00 8.393894e+00 3.021614e-01
1.490234e+00 8.363653e+00 2.996933e-01
1.493652e+00 8.333859e+00 2.972605e-01
1.497070e+00 8.304505e+00 2.948624e-01
1.500488e+00 8.275578e+00 2.924983e-01
1.503906e+00 8.247072e+00 2.901672e-01
1.517578e+00 8.137053e+00 2.811611e-01
1.531250e+00 8.033018e+00 2.726319e-01
1.544922e+00 7.934418e+00 2.645405e-01
1.558594e+00 7.840734e+00 2.568508e-01
1.572266e+00 7.751480e+00 2.495301e-01
1.585938e+00 7.666198e+00 2.425482e-01
1.599609e+00 7.584460e+00 2.358777e-01
1.613281e+00 7.505867e+00 2.294937e-01
1.626953e+00 7.430047e+00 2.233735e-01
1.640625e+00 7.356656e+00 2.174963e-01
1.654297e+00 7.285375e+00 2.118435e-01
1.667969e+00 7.215911e+00 2.063980e-01
1.681641e+00 7.147995e+00 2.011444e-01
1.695312e+00 7.081380e+00 1.960688e-01
1.708984e+00 7.015841e+00 1.911585e-01
1.722656e+00 6.951176e+00 1.864023e-01
1.736328e+00 6.887199e+00 1.817897e-01
1.750000e+00 6.823745e+00 1.773115e-01
1.763672e+00 6.760667e+00 1.729594e-01
1.777344e+00 6.697833e+00 1.687258e-01
1.784180e+00 6.666471e+00 1.666514e-01
1.791016e+00 6.635127e+00 1.646041e-01
1.797852e+00 6.603791e+00 1.625832e-01
1.804688e+00 6.572449e+00 1.605881e-01
1.811523e+00 6.541092e+00 1.586180e-01
1.818359e+00 6.509710e+00 1.566723e-01
1.825195e+00 6.478294e+00 1.547505e-01
1.832031e+00 6.446835e+00 1.528519e-01
1.838867e+00 6.415327e+00 1.509761e-01
1.845703e+00 6.383761e+00 1.491225e-01
1.852539e+00 6.352133e+00 1.472906e-01
1.859375e+00 6.320436e+00 1.454800e-01
1.866211e+00 6.288666e+00 1.436902e-01
1.873047e+00 6.256818e+00 1.419209e-01
1.879883e+00 6.224888e+00 1.401716e-01
1.886719e+00 6.192872e+00 1.384420e-01
1.893555e+00 6.160769e+00 1.367318e-01
1.900391e+00 6.128576e+00 1.350405e-01
1.907227e+00 6.096290e+00 1.333679e-01
1.914062e+00 6.063911e+00 1.317136e-01
1.941406e+00 5.933445e+00 1.252749e-01
1.968750e+00 5.801469e+00 1.191097e-01
1.996094e+00 5.668066e+00 1.132044e-01
2.023438e+00 5.533383e+00 1.075477e-01
2.050781e+00 5.397619e+00 1.021301e-01
2.078125e+00 5.261016e+00 9.694300e-02
2.105469e+00 5.123841e+00 9.197890e-02
2.132812e+00 4.986381e+00 8.723088e-02
2.160156e+00 4.848933e+00 8.269247e-02
2.187500e+00 4.711796e+00 7.835749e-02
2.214844e+00 4.575269e+00 7.421993e-02
2.242188e+00 4.439641e+00 7.027392e-02
2.269531e+00 4.305193e+00 6.651360e-02
2.296875e+00 4.172191e+00 6.293317e-02
2.324219e+00 4.040884e+00 5.952680e-02
2.351562e+00 3.911504e+00 5.628866e-02
2.378906e+00 3.784265e+00 5.321291e-02
2.406250e+00 3.659360e+00 5.029372e-02
2.433594e+00 3.536962e+00 4.752524e-02
2.460938e+00 3.417225e+00 4.490167e-02
2.488281e+00 3.300283e+00 4.241724e-02
2.515625e+00 3.186252e+00 4.006623e-02
2.542969e+00 3.075227e+00 3.784298e-02
2.570312e+00 2.967289e+00 3.574194e-02
2.597656e+00 2.862498e+00 3.375763e-02
2.625000e+00 2.760900e+00 3.188469e-02
2.652344e+00 2.662528e+00 3.011790e-02
2.679688e+00 2.567398e+00 2.845215e-02
2.707031e+00 2.475514e+00 2.688246e-02
2.734375e+00 2.386870e+00 2.540404e-02
2.748047e+00 2.343757e+00 2.469758e-02
2.761719e+00 2.301447e+00 2.401221e-02
2.775391e+00 2.259934e+00 2.334736e-02
2.789062e+00 2.219216e+00 2.270247e-02
2.802734e+00 2.179287e+00 2.207703e-02
2.816406e+00 2.140141e+00 2.147049e-02
2.830078e+00 2.101773e+00 2.088234e-02
2.843750e+00 2.064177e+00 2.031208e-02
2.857422e+00 2.027346e+00 1.975920e-02
2.871094e+00 1.991273e+00 1.922322e-02
2.877930e+00 1.973519e+00 1.896143e-02
2.884766e+00 1.955951e+00 1.870367e-02
2.891602e+00 1.938568e+00 1.844991e-02
2.898438e+00 1.921371e+00 1.820008e-02
2.905273e+00 1.904357e+00 1.795413e-02
2.912109e+00 1.887525e+00 1.771200e-02
2.918945e+00 1.870876e+00 1.747363e-02
2.925781e+00 1.854406e+00 1.723897e-02
2.932617e+00 1.838116e+00 1.700797e-02
2.939453e+00 1.822005e+00 1.678056e-02
2.946289e+00 1.806070e+00 1.655671e-02
2.953125e+00 1.790312e+00 1.633636e-02
2.959961e+00 1.774729e+00 1.611945e-02
2.966797e+00 1.759319e+00 1.590593e-02
2.973633e+00 1.744082e+00 1.569576e-02
2.980469e+00 1.729016e+00 1.548888e-02
2.987305e+00 1.714120e+00 1.528525e-02
2.994141e+00 1.699394e+00 1.508481e-02
3.000977e+00 1.684835e+00 1.488752e-02
3.007812e+00 1.670443e+00 1.469333e-02
3.035156e+00 1.614515e+00 1.394666e-02
3.062500e+00 1.561153e+00 1.324596e-02
3.089844e+00 1.510274e+00 1.258847e-02
3.117188e+00 1.461796e+00 1.197157e-02
3.144531e+00 1.415636e+00 1.139279e-02
3.171875e+00 1.371711e+00 1.084977e-02
3.199219e+00 1.329937e+00 1.034030e-02
3.226562e+00 1.290230e+00 9.862274e-03
3.253906e+00 1.252509e+00 9.413709e-03
3.281250e+00 1.216691e+00 8.992736e-03
3.308594e+00 1.182697e+00 8.597592e-03
3.335938e+00 1.150448e+00 8.226616e-03
3.363281e+00 1.119865e+00 7.878248e-03
3.390625e+00 1.090874e+00 7.551016e-03
3.417969e+00 1.063401e+00 7.243540e-03
3.445312e+00 1.037372e+00 6.954522e-03
3.472656e+00 1.012718e+00 6.682747e-03
3.500000e+00 9.893707e-01 6.427071e-03
3.527344e+00 9.672642e-01 6.186424e-03
3.554688e+00 9.463344e-01 5.959803e-03
3.582031e+00 9.265196e-01 5.746270e-03
3.609375e+00 9.077601e-01 5.544945e-03
3.636719e+00 8.899983e-01 5.355005e-03
3.664062e+00 8.731791e-01 5.175684e-03
3.691406e+00 8.572492e-01 5.006261e-03
3.718750e+00 8.421576e-01 4.846068e-03
3.746094e+00 8.278553e-01 4.694478e-03
3.773438e+00 8.142954e-01 4.550905e-03
3.800781e+00 8.014331e-01 4.414806e-03
3.828125e+00 7.892255e-01 4.285673e-03
3.882812e+00 7.666124e-01 4.046441e-03
3.937500e+00 7.461513e-01 3.829798e-03
3.992188e+00 7.275655e-01 3.632791e-03
4.046875e+00 7.106059e-01 3.452863e-03
4.101562e+00 6.950480e-01 3.287807e-03
4.156250e+00 6.806914e-01 3.135718e-03
4.210938e+00 6.673570e-01 2.994958e-03
4.265625e+00 6.548862e-01 2.864116e-03
4.320312e+00 6.431385e-01 2.741980e-03
4.375000e+00 6.319905e-01 2.627511e-03
4.484375e+00 6.110754e-01 2.418138e-03
4.593750e+00 5.914372e-01 2.230304e-03
4.703125e+00 5.725558e-01 2.059847e-03
4.812500e+00 5.540606e-01 1.903732e-03
4.921875e+00 5.356996e-01 1.759747e-03
5.031250e+00 5.173140e-01 1.626270e-03
5.140625e+00 4.988168e-01 1.502102e-03
5.250000e+00 4.801754e-01 1.386345e-03
5.359375e+00 4.613972e-01 1.278312e-03
5.468750e+00 4.425183e-01 1.177457e-03
5.496094e+00 4.377889e-01 1.153311e-03
5.523438e+00 4.330576e-01 1.129580e-03
5.550781e+00 4.283254e-01 1.106256e-03
5.578125e+00 4.235934e-01 1.083335e-03
5.605469e+00 4.188627e-01 1.060811e-03
5.632812e+00 4.141344e-01 1.038678e-03
5.660156e+00 4.094096e-01 1.016931e-03
5.687500e+00 4.046895e-01 9.955642e-04
5.714844e+00 3.999753e-01 9.745734e-04
5.742188e+00 3.952681e-01 9.539533e-04
5.769531e+00 3.905690e-01 9.336989e-04
5.796875e+00 3.858793e-01 9.138055e-04
5.824219e+00 3.812002e-01 8.942683e-04
5.851562e+00 3.765327e-01 8.750828e-04
5.878906e+00 3.718781e-01 8.562442e-04
5.906250e+00 3.672374e-01 8.377481e-04
5.933594e+00 3.626119e-01 8.195898e-04
5.960938e+00 3.580025e-01 8.017649e-04
5.988281e+00 3.534104e-01 7.842691e-04
6.015625e+00 3.488367e-01 7.670979e-04
6.070312e+00 3.397486e-01 7.337122e-04
6.125000e+00 3.307463e-01 7.015732e-04
6.179688e+00 3.218376e-01 6.706469e-04
6.234375e+00 3.130299e-01 6.408998e-04
6.289062e+00 3.043300e-01 6.122984e-04
6.343750e+00 2.957444e-01 5.848097e-04
6.398438e+00 2.872791e-01 5.584012e-04
6.453125e+00 2.789397e-01 5.330405e-04
6.507812e+00 2.707311e-01 5.086958e-04
6.562500e+00 2.626579e-01 4.853354e-04
6.671875e+00 2.469341e-01 4.414437e-04
6.781250e+00 2.317957e-01 4.011216e-04
6.890625e+00 2.172637e-01 3.641330e-04
7.000000e+00 2.033523e-01 3.302503e-04
7.109375e+00 1.900700e-01 2.992546e-04
7.218750e+00 1.774199e-01 2.709371e-04
7.328125e+00 1.654004e-01 2.450987e-04
7.437500e+00 1.540056e-01 2.215505e-04
7.546875e+00 1.432260e-01 2.001141e-04
7.656250e+00 1.330489e-01 1.806215e-04
7.765625e+00 1.234593e-01 1.629150e-04
7.875000e+00 1.144395e-01 1.468470e-04
7.984375e+00 1.059706e-01 1.322799e-04
8.093750e+00 9.803206e-02 1.190855e-04
8.203125e+00 9.060239e-02 1.071448e-04
8.312500e+00 8.365945e-02 9.634781e-05
8.421875e+00 7.718068e-02 8.659268e-05
8.531250e+00 7.114335e-02 7.778559e-05
8.640625e+00 6.552477e-02 6.984018e-05
8.750000e+00 6.030245e-02 6.267712e-05
8.968750e+00 5.095858e-02 5.041312e-05
9.187500e+00 4.294126e-02 4.048277e-05
9.406250e+00 3.609048e-02 3.246009e-05
9.625000e+00 3.025873e-02 2.599198e-05
9.843750e+00 2.531183e-02 2.078703e-05
1.006250e+01 2.112905e-02 1.660574e-05
1.028125e+01 1.760287e-02 1.325201e-05
1.050000e+01 1.463838e-02 1.056585e-05
1.071875e+01 1.215243e-02 8.417151e-06
1.093750e+01 1.007269e-02 6.700380e-06
1.104688e+01 9.165237e-03 5.976610e-06
1.115625e+01 8.336578e-03 5.330175e-06
1.126562e+01 7.580245e-03 4.752945e-06
1.137500e+01 6.890260e-03 4.237629e-06
1.148438e+01 6.261085e-03 3.777679e-06
1.159375e+01 5.687603e-03 3.367220e-06
1.170312e+01 5.165096e-03 3.000992e-06
1.181250e+01 4.689239e-03 2.674292e-06
1.192188e+01 4.256070e-03 2.382921e-06
1.203125e+01 3.861903e-03 2.123098e-06
1.214062e+01 3.503346e-03 1.891433e-06
1.225000e+01 3.177292e-03 1.684904e-06
1.235938e+01 2.880893e-03 1.500805e-06
1.246875e+01 2.611539e-03 1.336721e-06
1.257812e+01 2.366838e-03 1.190493e-06
1.268750e+01 2.144600e-03 1.060192e-06
1.279688e+01 1.942825e-03 9.440955e-07
1.290625e+01 1.759679e-03 8.406660e-07
1.301562e+01 1.593489e-03 7.485300e-07
1.312500e+01 1.442726e-03 6.664617e-07
1.356250e+01 9.677689e-04 4.186801e-07
1.400000e+01 6.475778e-04 2.629215e-07
1.443750e+01 4.324097e-04 1.650827e-07
1.487500e+01 2.882044e-04 1.036518e-07
1.531250e+01 1.917799e-04 6.508802e-08
1.575000e+01 1.274337e-04 4.088021e-08
1.618750e+01 8.457258e-05 2.568385e-08
1.662500e+01 5.607302e-05 1.614436e-08
1.706250e+01 3.714949e-05 1.015448e-08
1.750000e+01 2.458969e-05 6.389503e-09
1.793750e+01 1.626621e-05 4.023024e-09
1.837500e+01 1.075378e-05 2.534524e-09
1.881250e+01 7.106220e-06 1.597849e-09
1.925000e+01 4.694030e-06 1.008032e-09
1.968750e+01 3.099530e-06 6.363629e-10
2.012500e+01 2.045933e-06 4.019849e-10
2.056250e+01 1.350022e-06 2.540851e-10
2.100000e+01 8.906325e-07 1.607127e-10
2.143750e+01 5.875090e-07 1.017317e-10
2.187500e+01 3.875070e-07 6.444267e-11
2.231250e+01 2.555562e-07 4.084888e-11
2.275000e+01 1.684737e-07 2.590355e-11
2.318750e+01 1.110723e-07 1.643948e-11
2.362500e+01 7.325174e-08 1.044394e-11
2.406250e+01 4.829673e-08 6.637834e-12
2.450000e+01 3.180216e-08 4.216135e-12
2.493750e+01 2.092181e-08 2.677217e-12
2.537500e+01 1.378776e-08 1.704008e-12
2.581250e+01 9.095637e-09 1.086333e-12
2.625000e+01 6.000493e-09 6.929765e-13
2.712500e+01 2.620304e-09 2.834017e-13
2.800000e+01 1.144343e-09 1.161530e-13
2.887500e+01 4.969517e-10 4.743079e-14
2.975000e+01 2.146289e-10 1.929765e-14
3.062500e+01 9.531564e-11 8.087274e-15
3.150000e+01 4.545462e-11 3.645416e-15
3.237500e+01 2.320079e-11 1.761462e-15
3.325000e+01 1.364517e-11 9.821677e-16
3.412500e+01 9.402106e-12 6.424953e-16
3.500000e+01 7.396713e-12 4.804994e-16
3.850000e+01 6.574294e-12 3.529538e-16
4.200000e+01 7.053101e-12 3.181791e-16
4.550000e+01 7.351273e-12 2.825725e-16
4.900000e+01 7.532195e-12 2.496431e-16
5.250000e+01 7.682722e-12 2.218128e-16
5.600000e+01 7.765463e-12 1.970523e-16
5.950000e+01 7.809156e-12 1.755336e-16
6.300000e+01 7.916458e-12 1.587230e-16
6.650000e+01 8.083752e-12 1.454654e-16
7.000000e+01 8.342863e-12 1.354906e-16
7.700000e+01 9.274442e-12 1.244791e-16
8.400000e+01 1.074038e-11 1.211299e-16
9.100000e+01 1.135423e-11 1.091101e-16
9.800000e+01 1.070933e-11 8.873607e-17
1.050000e+02 1.039405e-11 7.502330e-17
1.120000e+02 1.111815e-11 7.053206e-17
1.190000e+02 1.116731e-11 6.275447e-17
1.260000e+02 8.151479e-12 4.085878e-17
1.330000e+02 2.761867e-12 1.242481e-17
1.400000e+02 0.000000e+00 0.000000e+00
